30.00, 30.00, 0.00, 3.807300, 5.00, 0.07, 0.00, 0.00, 3.80730, 0.00 
 
30.00, 30.50, -0.50, 1.296200, 5.00, 0.07, 0.00, -2.50, 3.79620, -0.00 
 
30.00, 29.00, 1.00, 8.818400, 5.00, 0.07, 0.00, 5.00, 3.81840, 0.00 
 
30.00, 30.00, 0.00, 3.818400, 5.00, 0.07, 0.00, 0.00, 3.81840, -0.00 
 
30.00, 30.00, 0.00, 3.818400, 5.00, 0.07, 0.00, 0.00, 3.81840, 0.00 
 
30.00, 30.50, -0.50, 1.307300, 5.00, 0.07, 0.00, -2.50, 3.80730, -0.00 
 
30.00, 29.50, 0.50, 6.318400, 5.00, 0.07, 0.00, 2.50, 3.81840, 0.00 
 
30.00, 29.50, 0.50, 6.329500, 5.00, 0.07, 0.00, 2.50, 3.82950, 0.00 
 
30.00, 29.50, 0.50, 6.340600, 5.00, 0.07, 0.00, 2.50, 3.84060, 0.00 
 
30.00, 29.50, 0.50, 6.351700, 5.00, 0.07, 0.00, 2.50, 3.85170, 0.00 
 
30.00, 29.50, 0.50, 6.362801, 5.00, 0.07, 0.00, 2.50, 3.86280, 0.00 
 
30.00, 29.50, 0.50, 6.373900, 5.00, 0.07, 0.00, 2.50, 3.87390, 0.00 
 
30.00, 29.50, 0.50, 6.385000, 5.00, 0.07, 0.00, 2.50, 3.88500, 0.00 
 
30.00, 29.50, 0.50, 6.396100, 5.00, 0.07, 0.00, 2.50, 3.89610, 0.00 
 
30.00, 29.50, 0.50, 6.407200, 5.00, 0.07, 0.00, 2.50, 3.90720, 0.00 
 
30.00, 29.50, 0.50, 6.418301, 5.00, 0.07, 0.00, 2.50, 3.91830, 0.00 
 
30.00, 29.50, 0.50, 6.429400, 5.00, 0.07, 0.00, 2.50, 3.92940, 0.00 
 
30.00, 29.50, 0.50, 6.440500, 5.00, 0.07, 0.00, 2.50, 3.94050, 0.00 
 
30.00, 29.50, 0.50, 6.451600, 5.00, 0.07, 0.00, 2.50, 3.95160, 0.00 
 
30.00, 29.50, 0.50, 6.462700, 5.00, 0.07, 0.00, 2.50, 3.96270, 0.00 
 
30.00, 29.50, 0.50, 6.473801, 5.00, 0.07, 0.00, 2.50, 3.97380, 0.00 
 
30.00, 29.50, 0.50, 6.484900, 5.00, 0.07, 0.00, 2.50, 3.98490, 0.00 
 
30.00, 29.50, 0.50, 6.496000, 5.00, 0.07, 0.00, 2.50, 3.99600, 0.00 
 
30.00, 29.50, 0.50, 6.507101, 5.00, 0.07, 0.00, 2.50, 4.00710, 0.00 
 
30.00, 29.50, 0.50, 6.518200, 5.00, 0.07, 0.00, 2.50, 4.01820, 0.00 
 
30.00, 29.50, 0.50, 6.529300, 5.00, 0.07, 0.00, 2.50, 4.02930, 0.00 
 
30.00, 29.50, 0.50, 6.540401, 5.00, 0.07, 0.00, 2.50, 4.04040, 0.00 
 
30.00, 29.50, 0.50, 6.551500, 5.00, 0.07, 0.00, 2.50, 4.05150, 0.00 
 
30.00, 29.50, 0.50, 6.562601, 5.00, 0.07, 0.00, 2.50, 4.06260, 0.00 
 
30.00, 29.50, 0.50, 6.573700, 5.00, 0.07, 0.00, 2.50, 4.07370, 0.00 
 
30.00, 29.50, 0.50, 6.584800, 5.00, 0.07, 0.00, 2.50, 4.08480, 0.00 
 
30.00, 29.50, 0.50, 6.595901, 5.00, 0.07, 0.00, 2.50, 4.09590, 0.00 
 
30.00, 29.50, 0.50, 6.607000, 5.00, 0.07, 0.00, 2.50, 4.10700, 0.00 
 
30.00, 29.50, 0.50, 6.618101, 5.00, 0.07, 0.00, 2.50, 4.11810, 0.00 
 
30.00, 29.50, 0.50, 6.629200, 5.00, 0.07, 0.00, 2.50, 4.12920, 0.00 
 
50.00, 29.50, 20.50, 107.084297, 5.00, 0.07, 0.00, 102.50, 4.58430, 0.00 
 
50.00, 29.50, 20.50, 107.539398, 5.00, 0.07, 0.00, 102.50, 5.03940, 0.00 
 
50.00, 29.00, 21.00, 110.505600, 5.00, 0.07, 0.00, 105.00, 5.50560, 0.00 
 
50.00, 30.00, 20.00, 105.949600, 5.00, 0.07, 0.00, 100.00, 5.94960, -0.00 
 
50.00, 30.00, 20.00, 106.393600, 5.00, 0.07, 0.00, 100.00, 6.39360, 0.00 
 
50.00, 30.50, 19.50, 104.326500, 5.00, 0.07, 0.00, 97.50, 6.82650, -0.00 
 
50.00, 30.50, 19.50, 104.759399, 5.00, 0.07, 0.00, 97.50, 7.25940, 0.00 
 
50.00, 30.00, 20.00, 107.703400, 5.00, 0.07, 0.00, 100.00, 7.70340, 0.00 
 
50.00, 31.00, 19.00, 103.125198, 5.00, 0.07, 0.00, 95.00, 8.12520, -0.00 
 
50.00, 31.50, 18.50, 101.035904, 5.00, 0.07, 0.00, 92.50, 8.53590, -0.00 
 
50.00, 31.50, 18.50, 101.446602, 5.00, 0.07, 0.00, 92.50, 8.94660, 0.00 
 
50.00, 31.50, 18.50, 101.857300, 5.00, 0.07, 0.00, 92.50, 9.35730, 0.00 
 
50.00, 31.00, 19.00, 104.779099, 5.00, 0.07, 0.00, 95.00, 9.77910, 0.00 
 
50.00, 32.50, 17.50, 97.667603, 5.00, 0.07, 0.00, 87.50, 10.16760, -0.00 
 
50.00, 32.50, 17.50, 98.056099, 5.00, 0.07, 0.00, 87.50, 10.55610, 0.00 
 
50.00, 32.00, 18.00, 100.955704, 5.00, 0.07, 0.00, 90.00, 10.95570, 0.00 
 
50.00, 33.00, 17.00, 96.333099, 5.00, 0.07, 0.00, 85.00, 11.33310, -0.00 
 
50.00, 33.50, 16.50, 94.199402, 5.00, 0.07, 0.00, 82.50, 11.69940, -0.00 
 
50.00, 33.50, 16.50, 94.565704, 5.00, 0.07, 0.00, 82.50, 12.06570, 0.00 
 
50.00, 33.00, 17.00, 97.443100, 5.00, 0.07, 0.00, 85.00, 12.44310, 0.00 
 
50.00, 34.00, 16.00, 92.798302, 5.00, 0.07, 0.00, 80.00, 12.79830, -0.00 
 
50.00, 34.50, 15.50, 90.642403, 5.00, 0.07, 0.00, 77.50, 13.14240, -0.00 
 
50.00, 34.50, 15.50, 90.986504, 5.00, 0.07, 0.00, 77.50, 13.48650, 0.00 
 
50.00, 34.50, 15.50, 91.330605, 5.00, 0.07, 0.00, 77.50, 13.83060, 0.00 
 
50.00, 34.00, 16.00, 94.185806, 5.00, 0.07, 0.00, 80.00, 14.18580, 0.00 
 
50.00, 35.50, 14.50, 87.007706, 5.00, 0.07, 0.00, 72.50, 14.50770, -0.00 
 
50.00, 35.50, 14.50, 87.329605, 5.00, 0.07, 0.00, 72.50, 14.82960, 0.00 
 
50.00, 35.50, 14.50, 87.651505, 5.00, 0.07, 0.00, 72.50, 15.15150, 0.00 
 
50.00, 35.00, 15.00, 90.484505, 5.00, 0.07, 0.00, 75.00, 15.48450, 0.00 
 
50.00, 36.00, 14.00, 85.795303, 5.00, 0.07, 0.00, 70.00, 15.79530, -0.00 
 
50.00, 36.00, 14.00, 86.106102, 5.00, 0.07, 0.00, 70.00, 16.10610, 0.00 
 
50.00, 36.50, 13.50, 83.905807, 5.00, 0.07, 0.00, 67.50, 16.40580, -0.00 
 
50.00, 36.50, 13.50, 84.205505, 5.00, 0.07, 0.00, 67.50, 16.70550, 0.00 
 
50.00, 36.50, 13.50, 84.505203, 5.00, 0.07, 0.00, 67.50, 17.00520, 0.00 
 
50.00, 36.00, 14.00, 87.316002, 5.00, 0.07, 0.00, 70.00, 17.31600, 0.00 
 
50.00, 37.00, 13.00, 82.604607, 5.00, 0.07, 0.00, 65.00, 17.60460, -0.00 
 
50.00, 37.00, 13.00, 82.893204, 5.00, 0.07, 0.00, 65.00, 17.89321, 0.00 
 
50.00, 37.50, 12.50, 80.670708, 5.00, 0.07, 0.00, 62.50, 18.17071, -0.00 
 
50.00, 37.50, 12.50, 80.948204, 5.00, 0.07, 0.00, 62.50, 18.44821, 0.00 
 
50.00, 37.00, 13.00, 83.736809, 5.00, 0.07, 0.00, 65.00, 18.73681, 0.00 
 
50.00, 38.00, 12.00, 79.003204, 5.00, 0.07, 0.00, 60.00, 19.00321, -0.00 
 
50.00, 38.00, 12.00, 79.269608, 5.00, 0.07, 0.00, 60.00, 19.26961, 0.00 
 
50.00, 38.00, 12.00, 79.536011, 5.00, 0.07, 0.00, 60.00, 19.53601, 0.00 
 
50.00, 38.00, 12.00, 79.802406, 5.00, 0.07, 0.00, 60.00, 19.80241, 0.00 
 
50.00, 38.50, 11.50, 77.557709, 5.00, 0.07, 0.00, 57.50, 20.05771, -0.00 
 
50.00, 38.50, 11.50, 77.813004, 5.00, 0.07, 0.00, 57.50, 20.31301, 0.00 
 
50.00, 38.50, 11.50, 78.068306, 5.00, 0.07, 0.00, 57.50, 20.56831, 0.00 
 
50.00, 38.00, 12.00, 80.834709, 5.00, 0.07, 0.00, 60.00, 20.83471, 0.00 
 
50.00, 39.00, 11.00, 76.078903, 5.00, 0.07, 0.00, 55.00, 21.07891, -0.00 
 
50.00, 39.00, 11.00, 76.323105, 5.00, 0.07, 0.00, 55.00, 21.32311, 0.00 
 
50.00, 39.00, 11.00, 76.567307, 5.00, 0.07, 0.00, 55.00, 21.56731, 0.00 
 
50.00, 39.00, 11.00, 76.811508, 5.00, 0.07, 0.00, 55.00, 21.81151, 0.00 
 
50.00, 39.50, 10.50, 74.544601, 5.00, 0.07, 0.00, 52.50, 22.04461, -0.00 
 
50.00, 39.50, 10.50, 74.777702, 5.00, 0.07, 0.00, 52.50, 22.27770, 0.00 
 
50.00, 39.50, 10.50, 75.010803, 5.00, 0.07, 0.00, 52.50, 22.51081, 0.00 
 
50.00, 39.00, 11.00, 77.755005, 5.00, 0.07, 0.00, 55.00, 22.75500, 0.00 
 
50.00, 40.00, 10.00, 72.977005, 5.00, 0.07, 0.00, 50.00, 22.97700, -0.00 
 
50.00, 40.00, 10.00, 73.199005, 5.00, 0.07, 0.00, 50.00, 23.19900, 0.00 
 
50.00, 40.00, 10.00, 73.421005, 5.00, 0.07, 0.00, 50.00, 23.42100, 0.00 
 
50.00, 40.50, 9.50, 71.131905, 5.00, 0.07, 0.00, 47.50, 23.63190, -0.00 
 
50.00, 40.50, 9.50, 71.342804, 5.00, 0.07, 0.00, 47.50, 23.84280, 0.00 
 
50.00, 40.50, 9.50, 71.553703, 5.00, 0.07, 0.00, 47.50, 24.05370, 0.00 
 
50.00, 40.50, 9.50, 71.764603, 5.00, 0.07, 0.00, 47.50, 24.26460, 0.00 
 
50.00, 40.50, 9.50, 71.975510, 5.00, 0.07, 0.00, 47.50, 24.47551, 0.00 
 
50.00, 40.50, 9.50, 72.186409, 5.00, 0.07, 0.00, 47.50, 24.68641, 0.00 
 
50.00, 40.00, 10.00, 74.908401, 5.00, 0.07, 0.00, 50.00, 24.90841, 0.00 
 
50.00, 41.00, 9.00, 70.108208, 5.00, 0.07, 0.00, 45.00, 25.10821, -0.00 
 
50.00, 41.00, 9.00, 70.308006, 5.00, 0.07, 0.00, 45.00, 25.30801, 0.00 
 
50.00, 41.00, 9.00, 70.507805, 5.00, 0.07, 0.00, 45.00, 25.50781, 0.00 
 
50.00, 41.00, 9.00, 70.707611, 5.00, 0.07, 0.00, 45.00, 25.70761, 0.00 
 
50.00, 41.00, 9.00, 70.907410, 5.00, 0.07, 0.00, 45.00, 25.90741, 0.00 
 
50.00, 41.00, 9.00, 71.107208, 5.00, 0.07, 0.00, 45.00, 26.10721, 0.00 
 
50.00, 41.00, 9.00, 71.307007, 5.00, 0.07, 0.00, 45.00, 26.30701, 0.00 
 
50.00, 41.50, 8.50, 68.995712, 5.00, 0.07, 0.00, 42.50, 26.49571, -0.00 
 
50.00, 41.50, 8.50, 69.184410, 5.00, 0.07, 0.00, 42.50, 26.68441, 0.00 
 
50.00, 41.50, 8.50, 69.373108, 5.00, 0.07, 0.00, 42.50, 26.87311, 0.00 
 
50.00, 41.50, 8.50, 69.561813, 5.00, 0.07, 0.00, 42.50, 27.06181, 0.00 
 
50.00, 41.50, 8.50, 69.750511, 5.00, 0.07, 0.00, 42.50, 27.25051, 0.00 
 
50.00, 41.50, 8.50, 69.939209, 5.00, 0.07, 0.00, 42.50, 27.43921, 0.00 
 
50.00, 41.00, 9.00, 72.639015, 5.00, 0.07, 0.00, 45.00, 27.63901, 0.00 
 
50.00, 42.00, 8.00, 67.816612, 5.00, 0.07, 0.00, 40.00, 27.81661, -0.00 
 
50.00, 42.00, 8.00, 67.994217, 5.00, 0.07, 0.00, 40.00, 27.99421, 0.00 
 
50.00, 42.00, 8.00, 68.171814, 5.00, 0.07, 0.00, 40.00, 28.17181, 0.00 
 
50.00, 42.00, 8.00, 68.349411, 5.00, 0.07, 0.00, 40.00, 28.34941, 0.00 
 
50.00, 42.00, 8.00, 68.527016, 5.00, 0.07, 0.00, 40.00, 28.52701, 0.00 
 
50.00, 42.50, 7.50, 66.193512, 5.00, 0.07, 0.00, 37.50, 28.69351, -0.00 
 
50.00, 42.50, 7.50, 66.360016, 5.00, 0.07, 0.00, 37.50, 28.86001, 0.00 
 
50.00, 42.50, 7.50, 66.526512, 5.00, 0.07, 0.00, 37.50, 29.02651, 0.00 
 
50.00, 42.50, 7.50, 66.693008, 5.00, 0.07, 0.00, 37.50, 29.19301, 0.00 
 
50.00, 42.50, 7.50, 66.859512, 5.00, 0.07, 0.00, 37.50, 29.35951, 0.00 
 
50.00, 42.50, 7.50, 67.026016, 5.00, 0.07, 0.00, 37.50, 29.52601, 0.00 
 
50.00, 42.50, 7.50, 67.192513, 5.00, 0.07, 0.00, 37.50, 29.69251, 0.00 
 
50.00, 42.50, 7.50, 67.359009, 5.00, 0.07, 0.00, 37.50, 29.85901, 0.00 
 
50.00, 42.00, 8.00, 70.036613, 5.00, 0.07, 0.00, 40.00, 30.03661, 0.00 
 
50.00, 43.00, 7.00, 65.192017, 5.00, 0.07, 0.00, 35.00, 30.19201, -0.00 
 
50.00, 43.00, 7.00, 65.347412, 5.00, 0.07, 0.00, 35.00, 30.34741, 0.00 
 
50.00, 43.00, 7.00, 65.502808, 5.00, 0.07, 0.00, 35.00, 30.50281, 0.00 
 
50.00, 43.00, 7.00, 65.658211, 5.00, 0.07, 0.00, 35.00, 30.65821, 0.00 
 
50.00, 43.00, 7.00, 65.813614, 5.00, 0.07, 0.00, 35.00, 30.81361, 0.00 
 
50.00, 43.00, 7.00, 65.969009, 5.00, 0.07, 0.00, 35.00, 30.96901, 0.00 
 
50.00, 43.00, 7.00, 66.124405, 5.00, 0.07, 0.00, 35.00, 31.12441, 0.00 
 
50.00, 43.50, 6.50, 63.768707, 5.00, 0.07, 0.00, 32.50, 31.26871, -0.00 
 
50.00, 43.50, 6.50, 63.913010, 5.00, 0.07, 0.00, 32.50, 31.41301, 0.00 
 
50.00, 43.50, 6.50, 64.057312, 5.00, 0.07, 0.00, 32.50, 31.55731, 0.00 
 
50.00, 43.50, 6.50, 64.201607, 5.00, 0.07, 0.00, 32.50, 31.70161, 0.00 
 
50.00, 43.50, 6.50, 64.345901, 5.00, 0.07, 0.00, 32.50, 31.84591, 0.00 
 
50.00, 43.50, 6.50, 64.490204, 5.00, 0.07, 0.00, 32.50, 31.99021, 0.00 
 
50.00, 43.50, 6.50, 64.634506, 5.00, 0.07, 0.00, 32.50, 32.13451, 0.00 
 
50.00, 43.50, 6.50, 64.778809, 5.00, 0.07, 0.00, 32.50, 32.27880, 0.00 
 
50.00, 43.50, 6.50, 64.923103, 5.00, 0.07, 0.00, 32.50, 32.42310, 0.00 
 
50.00, 43.00, 7.00, 67.578506, 5.00, 0.07, 0.00, 35.00, 32.57850, 0.00 
 
50.00, 44.00, 6.00, 62.711700, 5.00, 0.07, 0.00, 30.00, 32.71170, -0.00 
 
50.00, 44.00, 6.00, 62.844902, 5.00, 0.07, 0.00, 30.00, 32.84490, 0.00 
 
50.00, 44.00, 6.00, 62.978100, 5.00, 0.07, 0.00, 30.00, 32.97810, 0.00 
 
50.00, 44.00, 6.00, 63.111298, 5.00, 0.07, 0.00, 30.00, 33.11130, 0.00 
 
50.00, 44.00, 6.00, 63.244499, 5.00, 0.07, 0.00, 30.00, 33.24450, 0.00 
 
50.00, 44.00, 6.00, 63.377697, 5.00, 0.07, 0.00, 30.00, 33.37770, 0.00 
 
50.00, 44.00, 6.00, 63.510895, 5.00, 0.07, 0.00, 30.00, 33.51089, 0.00 
 
50.00, 44.00, 6.00, 63.644096, 5.00, 0.07, 0.00, 30.00, 33.64410, 0.00 
 
50.00, 44.00, 6.00, 63.777294, 5.00, 0.07, 0.00, 30.00, 33.77729, 0.00 
 
50.00, 44.00, 6.00, 63.910492, 5.00, 0.07, 0.00, 30.00, 33.91049, 0.00 
 
50.00, 44.00, 6.00, 64.043694, 5.00, 0.07, 0.00, 30.00, 34.04369, 0.00 
 
50.00, 44.00, 6.00, 64.176895, 5.00, 0.07, 0.00, 30.00, 34.17690, 0.00 
 
50.00, 44.00, 6.00, 64.310089, 5.00, 0.07, 0.00, 30.00, 34.31009, 0.00 
 
50.00, 44.50, 5.50, 61.932190, 5.00, 0.07, 0.00, 27.50, 34.43219, -0.00 
 
50.00, 44.50, 5.50, 62.054291, 5.00, 0.07, 0.00, 27.50, 34.55429, 0.00 
 
50.00, 44.50, 5.50, 62.176388, 5.00, 0.07, 0.00, 27.50, 34.67639, 0.00 
 
50.00, 44.50, 5.50, 62.298489, 5.00, 0.07, 0.00, 27.50, 34.79849, 0.00 
 
50.00, 44.50, 5.50, 62.420586, 5.00, 0.07, 0.00, 27.50, 34.92059, 0.00 
 
50.00, 44.50, 5.50, 62.542686, 5.00, 0.07, 0.00, 27.50, 35.04269, 0.00 
 
50.00, 44.50, 5.50, 62.664783, 5.00, 0.07, 0.00, 27.50, 35.16478, 0.00 
 
50.00, 44.50, 5.50, 62.786884, 5.00, 0.07, 0.00, 27.50, 35.28688, 0.00 
 
50.00, 44.50, 5.50, 62.908981, 5.00, 0.07, 0.00, 27.50, 35.40898, 0.00 
 
50.00, 44.50, 5.50, 63.031082, 5.00, 0.07, 0.00, 27.50, 35.53108, 0.00 
 
50.00, 44.50, 5.50, 63.153179, 5.00, 0.07, 0.00, 27.50, 35.65318, 0.00 
 
50.00, 44.50, 5.50, 63.275280, 5.00, 0.07, 0.00, 27.50, 35.77528, 0.00 
 
50.00, 44.50, 5.50, 63.397377, 5.00, 0.07, 0.00, 27.50, 35.89738, 0.00 
 
50.00, 44.50, 5.50, 63.519478, 5.00, 0.07, 0.00, 27.50, 36.01948, 0.00 
 
50.00, 44.00, 6.00, 66.152679, 5.00, 0.07, 0.00, 30.00, 36.15268, 0.00 
 
50.00, 45.00, 5.00, 61.263672, 5.00, 0.07, 0.00, 25.00, 36.26367, -0.00 
 
50.00, 45.00, 5.00, 61.374672, 5.00, 0.07, 0.00, 25.00, 36.37467, 0.00 
 
50.00, 45.00, 5.00, 61.485672, 5.00, 0.07, 0.00, 25.00, 36.48567, 0.00 
 
50.00, 45.00, 5.00, 61.596668, 5.00, 0.07, 0.00, 25.00, 36.59667, 0.00 
 
50.00, 45.00, 5.00, 61.707668, 5.00, 0.07, 0.00, 25.00, 36.70767, 0.00 
 
50.00, 45.00, 5.00, 61.818668, 5.00, 0.07, 0.00, 25.00, 36.81867, 0.00 
 
50.00, 45.00, 5.00, 61.929665, 5.00, 0.07, 0.00, 25.00, 36.92966, 0.00 
 
50.00, 45.00, 5.00, 62.040665, 5.00, 0.07, 0.00, 25.00, 37.04066, 0.00 
 
50.00, 45.00, 5.00, 62.151661, 5.00, 0.07, 0.00, 25.00, 37.15166, 0.00 
 
50.00, 45.00, 5.00, 62.262661, 5.00, 0.07, 0.00, 25.00, 37.26266, 0.00 
 
50.00, 45.50, 4.50, 59.862560, 5.00, 0.07, 0.00, 22.50, 37.36256, -0.00 
 
50.00, 45.00, 5.00, 62.473557, 5.00, 0.07, 0.00, 25.00, 37.47356, 0.00 
 
50.00, 45.00, 5.00, 62.584557, 5.00, 0.07, 0.00, 25.00, 37.58456, 0.00 
 
50.00, 45.50, 4.50, 60.184456, 5.00, 0.07, 0.00, 22.50, 37.68446, -0.00 
 
50.00, 45.50, 4.50, 60.284351, 5.00, 0.07, 0.00, 22.50, 37.78435, 0.00 
 
50.00, 45.00, 5.00, 62.895351, 5.00, 0.07, 0.00, 25.00, 37.89535, 0.00 
 
50.00, 45.50, 4.50, 60.495251, 5.00, 0.07, 0.00, 22.50, 37.99525, -0.00 
 
50.00, 45.50, 4.50, 60.595146, 5.00, 0.07, 0.00, 22.50, 38.09515, 0.00 
 
50.00, 45.50, 4.50, 60.695045, 5.00, 0.07, 0.00, 22.50, 38.19505, 0.00 
 
50.00, 45.50, 4.50, 60.794945, 5.00, 0.07, 0.00, 22.50, 38.29494, 0.00 
 
50.00, 45.50, 4.50, 60.894844, 5.00, 0.07, 0.00, 22.50, 38.39484, 0.00 
 
50.00, 45.50, 4.50, 60.994740, 5.00, 0.07, 0.00, 22.50, 38.49474, 0.00 
 
50.00, 45.50, 4.50, 61.094639, 5.00, 0.07, 0.00, 22.50, 38.59464, 0.00 
 
50.00, 45.50, 4.50, 61.194538, 5.00, 0.07, 0.00, 22.50, 38.69454, 0.00 
 
50.00, 45.50, 4.50, 61.294437, 5.00, 0.07, 0.00, 22.50, 38.79444, 0.00 
 
50.00, 45.50, 4.50, 61.394333, 5.00, 0.07, 0.00, 22.50, 38.89433, 0.00 
 
50.00, 45.50, 4.50, 61.494232, 5.00, 0.07, 0.00, 22.50, 38.99423, 0.00 
 
50.00, 45.50, 4.50, 61.594131, 5.00, 0.07, 0.00, 22.50, 39.09413, 0.00 
 
50.00, 45.50, 4.50, 61.694027, 5.00, 0.07, 0.00, 22.50, 39.19403, 0.00 
 
50.00, 45.50, 4.50, 61.793926, 5.00, 0.07, 0.00, 22.50, 39.29393, 0.00 
 
50.00, 45.00, 5.00, 64.404922, 5.00, 0.07, 0.00, 25.00, 39.40493, 0.00 
 
50.00, 46.50, 3.50, 56.982628, 5.00, 0.07, 0.00, 17.50, 39.48263, -0.00 
 
50.00, 45.00, 5.00, 64.593628, 5.00, 0.07, 0.00, 25.00, 39.59362, 0.00 
 
50.00, 46.50, 3.50, 57.171329, 5.00, 0.07, 0.00, 17.50, 39.67133, -0.00 
 
50.00, 45.50, 4.50, 62.271225, 5.00, 0.07, 0.00, 22.50, 39.77122, 0.00 
 
50.00, 45.00, 5.00, 64.882225, 5.00, 0.07, 0.00, 25.00, 39.88223, 0.00 
 
50.00, 46.00, 4.00, 59.971024, 5.00, 0.07, 0.00, 20.00, 39.97102, -0.00 
 
50.00, 46.00, 4.00, 60.059822, 5.00, 0.07, 0.00, 20.00, 40.05982, 0.00 
 
50.00, 46.00, 4.00, 60.148617, 5.00, 0.07, 0.00, 20.00, 40.14862, 0.00 
 
50.00, 46.00, 4.00, 60.237415, 5.00, 0.07, 0.00, 20.00, 40.23742, 0.00 
 
50.00, 46.00, 4.00, 60.326214, 5.00, 0.07, 0.00, 20.00, 40.32621, 0.00 
 
50.00, 46.00, 4.00, 60.415012, 5.00, 0.07, 0.00, 20.00, 40.41501, 0.00 
 
50.00, 46.00, 4.00, 60.503811, 5.00, 0.07, 0.00, 20.00, 40.50381, 0.00 
 
50.00, 46.00, 4.00, 60.592609, 5.00, 0.07, 0.00, 20.00, 40.59261, 0.00 
 
50.00, 46.00, 4.00, 60.681408, 5.00, 0.07, 0.00, 20.00, 40.68141, 0.00 
 
50.00, 46.00, 4.00, 60.770206, 5.00, 0.07, 0.00, 20.00, 40.77021, 0.00 
 
50.00, 46.00, 4.00, 60.859001, 5.00, 0.07, 0.00, 20.00, 40.85900, 0.00 
 
50.00, 46.00, 4.00, 60.947800, 5.00, 0.07, 0.00, 20.00, 40.94780, 0.00 
 
50.00, 46.00, 4.00, 61.036598, 5.00, 0.07, 0.00, 20.00, 41.03660, 0.00 
 
50.00, 46.00, 4.00, 61.125397, 5.00, 0.07, 0.00, 20.00, 41.12540, 0.00 
 
50.00, 46.00, 4.00, 61.214195, 5.00, 0.07, 0.00, 20.00, 41.21420, 0.00 
 
50.00, 46.50, 3.50, 58.791897, 5.00, 0.07, 0.00, 17.50, 41.29190, -0.00 
 
50.00, 46.50, 3.50, 58.869598, 5.00, 0.07, 0.00, 17.50, 41.36960, 0.00 
 
50.00, 46.50, 3.50, 58.947300, 5.00, 0.07, 0.00, 17.50, 41.44730, 0.00 
 
50.00, 46.00, 4.00, 61.536098, 5.00, 0.07, 0.00, 20.00, 41.53610, 0.00 
 
50.00, 46.50, 3.50, 59.113800, 5.00, 0.07, 0.00, 17.50, 41.61380, -0.00 
 
50.00, 46.00, 4.00, 61.702599, 5.00, 0.07, 0.00, 20.00, 41.70260, 0.00 
 
50.00, 46.50, 3.50, 59.280300, 5.00, 0.07, 0.00, 17.50, 41.78030, -0.00 
 
50.00, 46.50, 3.50, 59.358002, 5.00, 0.07, 0.00, 17.50, 41.85800, 0.00 
 
50.00, 46.50, 3.50, 59.435703, 5.00, 0.07, 0.00, 17.50, 41.93570, 0.00 
 
50.00, 46.50, 3.50, 59.513405, 5.00, 0.07, 0.00, 17.50, 42.01340, 0.00 
 
50.00, 46.50, 3.50, 59.591106, 5.00, 0.07, 0.00, 17.50, 42.09111, 0.00 
 
50.00, 46.50, 3.50, 59.668808, 5.00, 0.07, 0.00, 17.50, 42.16881, 0.00 
 
50.00, 46.50, 3.50, 59.746510, 5.00, 0.07, 0.00, 17.50, 42.24651, 0.00 
 
50.00, 46.50, 3.50, 59.824211, 5.00, 0.07, 0.00, 17.50, 42.32421, 0.00 
 
50.00, 46.50, 3.50, 59.901917, 5.00, 0.07, 0.00, 17.50, 42.40192, 0.00 
 
50.00, 46.50, 3.50, 59.979618, 5.00, 0.07, 0.00, 17.50, 42.47962, 0.00 
 
50.00, 46.50, 3.50, 60.057320, 5.00, 0.07, 0.00, 17.50, 42.55732, 0.00 
 
50.00, 46.50, 3.50, 60.135021, 5.00, 0.07, 0.00, 17.50, 42.63502, 0.00 
 
50.00, 46.50, 3.50, 60.212723, 5.00, 0.07, 0.00, 17.50, 42.71272, 0.00 
 
50.00, 46.50, 3.50, 60.290424, 5.00, 0.07, 0.00, 17.50, 42.79042, 0.00 
 
50.00, 46.50, 3.50, 60.368126, 5.00, 0.07, 0.00, 17.50, 42.86813, 0.00 
 
50.00, 46.50, 3.50, 60.445827, 5.00, 0.07, 0.00, 17.50, 42.94583, 0.00 
 
50.00, 46.50, 3.50, 60.523529, 5.00, 0.07, 0.00, 17.50, 43.02353, 0.00 
 
50.00, 46.50, 3.50, 60.601231, 5.00, 0.07, 0.00, 17.50, 43.10123, 0.00 
 
50.00, 46.50, 3.50, 60.678932, 5.00, 0.07, 0.00, 17.50, 43.17893, 0.00 
 
50.00, 46.50, 3.50, 60.756634, 5.00, 0.07, 0.00, 17.50, 43.25663, 0.00 
 
50.00, 46.50, 3.50, 60.834335, 5.00, 0.07, 0.00, 17.50, 43.33434, 0.00 
 
50.00, 46.50, 3.50, 60.912037, 5.00, 0.07, 0.00, 17.50, 43.41204, 0.00 
 
50.00, 46.50, 3.50, 60.989738, 5.00, 0.07, 0.00, 17.50, 43.48974, 0.00 
 
50.00, 46.00, 4.00, 63.578537, 5.00, 0.07, 0.00, 20.00, 43.57854, 0.00 
 
50.00, 47.50, 2.50, 56.134041, 5.00, 0.07, 0.00, 12.50, 43.63404, -0.00 
 
50.00, 46.50, 3.50, 61.211742, 5.00, 0.07, 0.00, 17.50, 43.71174, 0.00 
 
50.00, 46.00, 4.00, 63.800541, 5.00, 0.07, 0.00, 20.00, 43.80054, 0.00 
 
50.00, 47.00, 3.00, 58.867142, 5.00, 0.07, 0.00, 15.00, 43.86714, -0.00 
 
50.00, 47.00, 3.00, 58.933743, 5.00, 0.07, 0.00, 15.00, 43.93374, 0.00 
 
50.00, 47.00, 3.00, 59.000343, 5.00, 0.07, 0.00, 15.00, 44.00034, 0.00 
 
50.00, 47.00, 3.00, 59.066944, 5.00, 0.07, 0.00, 15.00, 44.06694, 0.00 
 
50.00, 47.00, 3.00, 59.133549, 5.00, 0.07, 0.00, 15.00, 44.13355, 0.00 
 
50.00, 47.00, 3.00, 59.200150, 5.00, 0.07, 0.00, 15.00, 44.20015, 0.00 
 
50.00, 47.00, 3.00, 59.266750, 5.00, 0.07, 0.00, 15.00, 44.26675, 0.00 
 
50.00, 47.00, 3.00, 59.333351, 5.00, 0.07, 0.00, 15.00, 44.33335, 0.00 
 
50.00, 47.00, 3.00, 59.399952, 5.00, 0.07, 0.00, 15.00, 44.39995, 0.00 
 
50.00, 47.00, 3.00, 59.466557, 5.00, 0.07, 0.00, 15.00, 44.46656, 0.00 
 
50.00, 47.00, 3.00, 59.533157, 5.00, 0.07, 0.00, 15.00, 44.53316, 0.00 
 
50.00, 47.00, 3.00, 59.599758, 5.00, 0.07, 0.00, 15.00, 44.59976, 0.00 
 
50.00, 47.00, 3.00, 59.666359, 5.00, 0.07, 0.00, 15.00, 44.66636, 0.00 
 
50.00, 47.00, 3.00, 59.732960, 5.00, 0.07, 0.00, 15.00, 44.73296, 0.00 
 
50.00, 47.00, 3.00, 59.799564, 5.00, 0.07, 0.00, 15.00, 44.79956, 0.00 
 
50.00, 47.00, 3.00, 59.866165, 5.00, 0.07, 0.00, 15.00, 44.86617, 0.00 
 
50.00, 47.00, 3.00, 59.932766, 5.00, 0.07, 0.00, 15.00, 44.93277, 0.00 
 
50.00, 47.00, 3.00, 59.999367, 5.00, 0.07, 0.00, 15.00, 44.99937, 0.00 
 
50.00, 47.00, 3.00, 60.065968, 5.00, 0.07, 0.00, 15.00, 45.06597, 0.00 
 
50.00, 47.00, 3.00, 60.132572, 5.00, 0.07, 0.00, 15.00, 45.13257, 0.00 
 
50.00, 47.00, 3.00, 60.199173, 5.00, 0.07, 0.00, 15.00, 45.19917, 0.00 
 
50.00, 47.00, 3.00, 60.265774, 5.00, 0.07, 0.00, 15.00, 45.26577, 0.00 
 
50.00, 47.00, 3.00, 60.332375, 5.00, 0.07, 0.00, 15.00, 45.33237, 0.00 
 
50.00, 47.00, 3.00, 60.398975, 5.00, 0.07, 0.00, 15.00, 45.39898, 0.00 
 
50.00, 47.00, 3.00, 60.465580, 5.00, 0.07, 0.00, 15.00, 45.46558, 0.00 
 
50.00, 47.50, 2.50, 58.021080, 5.00, 0.07, 0.00, 12.50, 45.52108, -0.00 
 
50.00, 47.00, 3.00, 60.587681, 5.00, 0.07, 0.00, 15.00, 45.58768, 0.00 
 
50.00, 47.50, 2.50, 58.143181, 5.00, 0.07, 0.00, 12.50, 45.64318, -0.00 
 
50.00, 47.50, 2.50, 58.198685, 5.00, 0.07, 0.00, 12.50, 45.69868, 0.00 
 
50.00, 47.50, 2.50, 58.254185, 5.00, 0.07, 0.00, 12.50, 45.75418, 0.00 
 
50.00, 47.50, 2.50, 58.309685, 5.00, 0.07, 0.00, 12.50, 45.80968, 0.00 
 
50.00, 47.50, 2.50, 58.365189, 5.00, 0.07, 0.00, 12.50, 45.86519, 0.00 
 
50.00, 47.50, 2.50, 58.420689, 5.00, 0.07, 0.00, 12.50, 45.92069, 0.00 
 
50.00, 47.50, 2.50, 58.476189, 5.00, 0.07, 0.00, 12.50, 45.97619, 0.00 
 
50.00, 47.50, 2.50, 58.531693, 5.00, 0.07, 0.00, 12.50, 46.03169, 0.00 
 
50.00, 47.50, 2.50, 58.587193, 5.00, 0.07, 0.00, 12.50, 46.08719, 0.00 
 
50.00, 47.50, 2.50, 58.642693, 5.00, 0.07, 0.00, 12.50, 46.14269, 0.00 
 
50.00, 47.50, 2.50, 58.698196, 5.00, 0.07, 0.00, 12.50, 46.19820, 0.00 
 
50.00, 47.50, 2.50, 58.753696, 5.00, 0.07, 0.00, 12.50, 46.25370, 0.00 
 
50.00, 47.50, 2.50, 58.809196, 5.00, 0.07, 0.00, 12.50, 46.30920, 0.00 
 
50.00, 47.50, 2.50, 58.864700, 5.00, 0.07, 0.00, 12.50, 46.36470, 0.00 
 
50.00, 47.50, 2.50, 58.920200, 5.00, 0.07, 0.00, 12.50, 46.42020, 0.00 
 
50.00, 47.50, 2.50, 58.975704, 5.00, 0.07, 0.00, 12.50, 46.47570, 0.00 
 
50.00, 47.50, 2.50, 59.031204, 5.00, 0.07, 0.00, 12.50, 46.53120, 0.00 
 
50.00, 47.50, 2.50, 59.086704, 5.00, 0.07, 0.00, 12.50, 46.58670, 0.00 
 
50.00, 47.50, 2.50, 59.142208, 5.00, 0.07, 0.00, 12.50, 46.64221, 0.00 
 
50.00, 47.50, 2.50, 59.197708, 5.00, 0.07, 0.00, 12.50, 46.69771, 0.00 
 
50.00, 47.50, 2.50, 59.253208, 5.00, 0.07, 0.00, 12.50, 46.75321, 0.00 
 
50.00, 47.50, 2.50, 59.308712, 5.00, 0.07, 0.00, 12.50, 46.80871, 0.00 
 
50.00, 47.50, 2.50, 59.364212, 5.00, 0.07, 0.00, 12.50, 46.86421, 0.00 
 
50.00, 47.50, 2.50, 59.419712, 5.00, 0.07, 0.00, 12.50, 46.91971, 0.00 
 
50.00, 47.50, 2.50, 59.475216, 5.00, 0.07, 0.00, 12.50, 46.97522, 0.00 
 
50.00, 47.50, 2.50, 59.530716, 5.00, 0.07, 0.00, 12.50, 47.03072, 0.00 
 
50.00, 47.50, 2.50, 59.586216, 5.00, 0.07, 0.00, 12.50, 47.08622, 0.00 
 
50.00, 47.00, 3.00, 62.152817, 5.00, 0.07, 0.00, 15.00, 47.15282, 0.00 
 
50.00, 48.50, 1.50, 54.686119, 5.00, 0.07, 0.00, 7.50, 47.18612, -0.00 
 
50.00, 47.00, 3.00, 62.252720, 5.00, 0.07, 0.00, 15.00, 47.25272, 0.00 
 
50.00, 48.00, 2.00, 57.297123, 5.00, 0.07, 0.00, 10.00, 47.29712, -0.00 
 
50.00, 48.50, 1.50, 54.830421, 5.00, 0.07, 0.00, 7.50, 47.33042, -0.00 
 
50.00, 47.50, 2.50, 59.885925, 5.00, 0.07, 0.00, 12.50, 47.38593, 0.00 
 
50.00, 47.50, 2.50, 59.941425, 5.00, 0.07, 0.00, 12.50, 47.44143, 0.00 
 
50.00, 47.50, 2.50, 59.996925, 5.00, 0.07, 0.00, 12.50, 47.49693, 0.00 
 
50.00, 47.00, 3.00, 62.563526, 5.00, 0.07, 0.00, 15.00, 47.56353, 0.00 
 
50.00, 48.00, 2.00, 57.607929, 5.00, 0.07, 0.00, 10.00, 47.60793, -0.00 
 
50.00, 48.50, 1.50, 55.141232, 5.00, 0.07, 0.00, 7.50, 47.64123, -0.00 
 
50.00, 47.50, 2.50, 60.196732, 5.00, 0.07, 0.00, 12.50, 47.69673, 0.00 
 
50.00, 47.50, 2.50, 60.252232, 5.00, 0.07, 0.00, 12.50, 47.75223, 0.00 
 
50.00, 47.00, 3.00, 62.818832, 5.00, 0.07, 0.00, 15.00, 47.81883, 0.00 
 
50.00, 48.00, 2.00, 57.863235, 5.00, 0.07, 0.00, 10.00, 47.86324, -0.00 
 
50.00, 48.00, 2.00, 57.907635, 5.00, 0.07, 0.00, 10.00, 47.90763, 0.00 
 
50.00, 48.00, 2.00, 57.952038, 5.00, 0.07, 0.00, 10.00, 47.95204, 0.00 
 
50.00, 48.00, 2.00, 57.996437, 5.00, 0.07, 0.00, 10.00, 47.99644, 0.00 
 
50.00, 48.00, 2.00, 58.040840, 5.00, 0.07, 0.00, 10.00, 48.04084, 0.00 
 
50.00, 48.00, 2.00, 58.085239, 5.00, 0.07, 0.00, 10.00, 48.08524, 0.00 
 
50.00, 48.00, 2.00, 58.129642, 5.00, 0.07, 0.00, 10.00, 48.12964, 0.00 
 
50.00, 48.00, 2.00, 58.174042, 5.00, 0.07, 0.00, 10.00, 48.17404, 0.00 
 
50.00, 48.00, 2.00, 58.218445, 5.00, 0.07, 0.00, 10.00, 48.21844, 0.00 
 
50.00, 48.00, 2.00, 58.262844, 5.00, 0.07, 0.00, 10.00, 48.26284, 0.00 
 
50.00, 48.00, 2.00, 58.307247, 5.00, 0.07, 0.00, 10.00, 48.30725, 0.00 
 
50.00, 48.00, 2.00, 58.351646, 5.00, 0.07, 0.00, 10.00, 48.35165, 0.00 
 
50.00, 48.00, 2.00, 58.396046, 5.00, 0.07, 0.00, 10.00, 48.39605, 0.00 
 
50.00, 48.00, 2.00, 58.440449, 5.00, 0.07, 0.00, 10.00, 48.44045, 0.00 
 
50.00, 48.00, 2.00, 58.484848, 5.00, 0.07, 0.00, 10.00, 48.48485, 0.00 
 
50.00, 48.00, 2.00, 58.529251, 5.00, 0.07, 0.00, 10.00, 48.52925, 0.00 
 
50.00, 48.00, 2.00, 58.573650, 5.00, 0.07, 0.00, 10.00, 48.57365, 0.00 
 
50.00, 48.00, 2.00, 58.618053, 5.00, 0.07, 0.00, 10.00, 48.61805, 0.00 
 
50.00, 48.00, 2.00, 58.662453, 5.00, 0.07, 0.00, 10.00, 48.66245, 0.00 
 
50.00, 48.00, 2.00, 58.706856, 5.00, 0.07, 0.00, 10.00, 48.70686, 0.00 
 
50.00, 48.00, 2.00, 58.751255, 5.00, 0.07, 0.00, 10.00, 48.75126, 0.00 
 
50.00, 48.00, 2.00, 58.795658, 5.00, 0.07, 0.00, 10.00, 48.79566, 0.00 
 
50.00, 48.00, 2.00, 58.840057, 5.00, 0.07, 0.00, 10.00, 48.84006, 0.00 
 
50.00, 48.00, 2.00, 58.884460, 5.00, 0.07, 0.00, 10.00, 48.88446, 0.00 
 
50.00, 48.00, 2.00, 58.928860, 5.00, 0.07, 0.00, 10.00, 48.92886, 0.00 
 
50.00, 48.00, 2.00, 58.973263, 5.00, 0.07, 0.00, 10.00, 48.97326, 0.00 
 
50.00, 48.00, 2.00, 59.017662, 5.00, 0.07, 0.00, 10.00, 49.01766, 0.00 
 
50.00, 48.00, 2.00, 59.062061, 5.00, 0.07, 0.00, 10.00, 49.06206, 0.00 
 
50.00, 48.00, 2.00, 59.106464, 5.00, 0.07, 0.00, 10.00, 49.10646, 0.00 
 
50.00, 48.00, 2.00, 59.150864, 5.00, 0.07, 0.00, 10.00, 49.15086, 0.00 
 
50.00, 48.00, 2.00, 59.195267, 5.00, 0.07, 0.00, 10.00, 49.19527, 0.00 
 
50.00, 48.00, 2.00, 59.239666, 5.00, 0.07, 0.00, 10.00, 49.23967, 0.00 
 
50.00, 48.00, 2.00, 59.284069, 5.00, 0.07, 0.00, 10.00, 49.28407, 0.00 
 
50.00, 48.00, 2.00, 59.328468, 5.00, 0.07, 0.00, 10.00, 49.32847, 0.00 
 
50.00, 48.00, 2.00, 59.372871, 5.00, 0.07, 0.00, 10.00, 49.37287, 0.00 
 
50.00, 48.00, 2.00, 59.417271, 5.00, 0.07, 0.00, 10.00, 49.41727, 0.00 
 
50.00, 48.50, 1.50, 56.950573, 5.00, 0.07, 0.00, 7.50, 49.45057, -0.00 
 
50.00, 48.00, 2.00, 59.494972, 5.00, 0.07, 0.00, 10.00, 49.49497, 0.00 
 
50.00, 48.50, 1.50, 57.028275, 5.00, 0.07, 0.00, 7.50, 49.52827, -0.00 
 
50.00, 48.00, 2.00, 59.572674, 5.00, 0.07, 0.00, 10.00, 49.57267, 0.00 
 
50.00, 48.50, 1.50, 57.105976, 5.00, 0.07, 0.00, 7.50, 49.60598, -0.00 
 
50.00, 48.50, 1.50, 57.139278, 5.00, 0.07, 0.00, 7.50, 49.63928, 0.00 
 
50.00, 48.50, 1.50, 57.172577, 5.00, 0.07, 0.00, 7.50, 49.67258, 0.00 
 
50.00, 48.50, 1.50, 57.205879, 5.00, 0.07, 0.00, 7.50, 49.70588, 0.00 
 
50.00, 48.50, 1.50, 57.239178, 5.00, 0.07, 0.00, 7.50, 49.73918, 0.00 
 
50.00, 48.00, 2.00, 59.783581, 5.00, 0.07, 0.00, 10.00, 49.78358, 0.00 
 
50.00, 48.00, 2.00, 59.827980, 5.00, 0.07, 0.00, 10.00, 49.82798, 0.00 
 
50.00, 48.50, 1.50, 57.361282, 5.00, 0.07, 0.00, 7.50, 49.86128, -0.00 
 
50.00, 48.00, 2.00, 59.905682, 5.00, 0.07, 0.00, 10.00, 49.90568, 0.00 
 
50.00, 48.50, 1.50, 57.438984, 5.00, 0.07, 0.00, 7.50, 49.93898, -0.00 
 
50.00, 48.50, 1.50, 57.472286, 5.00, 0.07, 0.00, 7.50, 49.97229, 0.00 
 
50.00, 48.50, 1.50, 57.505585, 5.00, 0.07, 0.00, 7.50, 50.00558, 0.00 
 
50.00, 48.50, 1.50, 57.538887, 5.00, 0.07, 0.00, 7.50, 50.03889, 0.00 
 
50.00, 48.50, 1.50, 57.572186, 5.00, 0.07, 0.00, 7.50, 50.07219, 0.00 
 
50.00, 48.00, 2.00, 60.116589, 5.00, 0.07, 0.00, 10.00, 50.11659, 0.00 
 
50.00, 48.50, 1.50, 57.649887, 5.00, 0.07, 0.00, 7.50, 50.14989, -0.00 
 
50.00, 48.50, 1.50, 57.683189, 5.00, 0.07, 0.00, 7.50, 50.18319, 0.00 
 
50.00, 48.50, 1.50, 57.716492, 5.00, 0.07, 0.00, 7.50, 50.21649, 0.00 
 
50.00, 48.50, 1.50, 57.749790, 5.00, 0.07, 0.00, 7.50, 50.24979, 0.00 
 
50.00, 48.50, 1.50, 57.783092, 5.00, 0.07, 0.00, 7.50, 50.28309, 0.00 
 
50.00, 48.50, 1.50, 57.816391, 5.00, 0.07, 0.00, 7.50, 50.31639, 0.00 
 
50.00, 48.50, 1.50, 57.849693, 5.00, 0.07, 0.00, 7.50, 50.34969, 0.00 
 
50.00, 48.50, 1.50, 57.882996, 5.00, 0.07, 0.00, 7.50, 50.38300, 0.00 
 
50.00, 48.50, 1.50, 57.916294, 5.00, 0.07, 0.00, 7.50, 50.41629, 0.00 
 
50.00, 48.50, 1.50, 57.949596, 5.00, 0.07, 0.00, 7.50, 50.44960, 0.00 
 
50.00, 48.50, 1.50, 57.982895, 5.00, 0.07, 0.00, 7.50, 50.48289, 0.00 
 
50.00, 48.50, 1.50, 58.016197, 5.00, 0.07, 0.00, 7.50, 50.51620, 0.00 
 
50.00, 48.50, 1.50, 58.049500, 5.00, 0.07, 0.00, 7.50, 50.54950, 0.00 
 
50.00, 48.50, 1.50, 58.082798, 5.00, 0.07, 0.00, 7.50, 50.58280, 0.00 
 
50.00, 48.50, 1.50, 58.116100, 5.00, 0.07, 0.00, 7.50, 50.61610, 0.00 
 
50.00, 48.50, 1.50, 58.149399, 5.00, 0.07, 0.00, 7.50, 50.64940, 0.00 
 
50.00, 48.50, 1.50, 58.182701, 5.00, 0.07, 0.00, 7.50, 50.68270, 0.00 
 
50.00, 48.50, 1.50, 58.216003, 5.00, 0.07, 0.00, 7.50, 50.71600, 0.00 
 
50.00, 48.50, 1.50, 58.249302, 5.00, 0.07, 0.00, 7.50, 50.74930, 0.00 
 
50.00, 48.50, 1.50, 58.282604, 5.00, 0.07, 0.00, 7.50, 50.78260, 0.00 
 
50.00, 48.50, 1.50, 58.315903, 5.00, 0.07, 0.00, 7.50, 50.81590, 0.00 
 
50.00, 48.50, 1.50, 58.349205, 5.00, 0.07, 0.00, 7.50, 50.84921, 0.00 
 
50.00, 48.50, 1.50, 58.382507, 5.00, 0.07, 0.00, 7.50, 50.88251, 0.00 
 
50.00, 48.50, 1.50, 58.415806, 5.00, 0.07, 0.00, 7.50, 50.91581, 0.00 
 
50.00, 48.50, 1.50, 58.449108, 5.00, 0.07, 0.00, 7.50, 50.94911, 0.00 
 
50.00, 48.50, 1.50, 58.482407, 5.00, 0.07, 0.00, 7.50, 50.98241, 0.00 
 
50.00, 48.50, 1.50, 58.515709, 5.00, 0.07, 0.00, 7.50, 51.01571, 0.00 
 
50.00, 48.50, 1.50, 58.549011, 5.00, 0.07, 0.00, 7.50, 51.04901, 0.00 
 
50.00, 48.50, 1.50, 58.582310, 5.00, 0.07, 0.00, 7.50, 51.08231, 0.00 
 
50.00, 48.50, 1.50, 58.615612, 5.00, 0.07, 0.00, 7.50, 51.11561, 0.00 
 
50.00, 48.50, 1.50, 58.648911, 5.00, 0.07, 0.00, 7.50, 51.14891, 0.00 
 
50.00, 48.50, 1.50, 58.682213, 5.00, 0.07, 0.00, 7.50, 51.18221, 0.00 
 
50.00, 48.50, 1.50, 58.715515, 5.00, 0.07, 0.00, 7.50, 51.21552, 0.00 
 
50.00, 48.50, 1.50, 58.748814, 5.00, 0.07, 0.00, 7.50, 51.24881, 0.00 
 
50.00, 48.50, 1.50, 58.782116, 5.00, 0.07, 0.00, 7.50, 51.28212, 0.00 
 
50.00, 48.50, 1.50, 58.815414, 5.00, 0.07, 0.00, 7.50, 51.31541, 0.00 
 
50.00, 48.00, 2.00, 61.359818, 5.00, 0.07, 0.00, 10.00, 51.35982, 0.00 
 
50.00, 49.50, 0.50, 53.870918, 5.00, 0.07, 0.00, 2.50, 51.37092, -0.00 
 
50.00, 48.00, 2.00, 61.415318, 5.00, 0.07, 0.00, 10.00, 51.41532, 0.00 
 
50.00, 49.00, 1.00, 56.437519, 5.00, 0.07, 0.00, 5.00, 51.43752, -0.00 
 
50.00, 49.00, 1.00, 56.459721, 5.00, 0.07, 0.00, 5.00, 51.45972, 0.00 
 
50.00, 49.00, 1.00, 56.481918, 5.00, 0.07, 0.00, 5.00, 51.48192, 0.00 
 
50.00, 49.00, 1.00, 56.504120, 5.00, 0.07, 0.00, 5.00, 51.50412, 0.00 
 
50.00, 49.50, 0.50, 54.015221, 5.00, 0.07, 0.00, 2.50, 51.51522, -0.00 
 
50.00, 48.00, 2.00, 61.559624, 5.00, 0.07, 0.00, 10.00, 51.55962, 0.00 
 
50.00, 49.00, 1.00, 56.581821, 5.00, 0.07, 0.00, 5.00, 51.58182, -0.00 
 
50.00, 49.00, 1.00, 56.604023, 5.00, 0.07, 0.00, 5.00, 51.60402, 0.00 
 
50.00, 49.00, 1.00, 56.626225, 5.00, 0.07, 0.00, 5.00, 51.62622, 0.00 
 
50.00, 49.00, 1.00, 56.648422, 5.00, 0.07, 0.00, 5.00, 51.64842, 0.00 
 
50.00, 49.00, 1.00, 56.670624, 5.00, 0.07, 0.00, 5.00, 51.67062, 0.00 
 
50.00, 49.00, 1.00, 56.692825, 5.00, 0.07, 0.00, 5.00, 51.69283, 0.00 
 
50.00, 49.00, 1.00, 56.715027, 5.00, 0.07, 0.00, 5.00, 51.71503, 0.00 
 
50.00, 49.00, 1.00, 56.737225, 5.00, 0.07, 0.00, 5.00, 51.73722, 0.00 
 
50.00, 49.00, 1.00, 56.759426, 5.00, 0.07, 0.00, 5.00, 51.75943, 0.00 
 
50.00, 49.00, 1.00, 56.781628, 5.00, 0.07, 0.00, 5.00, 51.78163, 0.00 
 
50.00, 49.00, 1.00, 56.803829, 5.00, 0.07, 0.00, 5.00, 51.80383, 0.00 
 
50.00, 49.00, 1.00, 56.826027, 5.00, 0.07, 0.00, 5.00, 51.82603, 0.00 
 
50.00, 49.00, 1.00, 56.848228, 5.00, 0.07, 0.00, 5.00, 51.84823, 0.00 
 
50.00, 49.00, 1.00, 56.870430, 5.00, 0.07, 0.00, 5.00, 51.87043, 0.00 
 
50.00, 49.00, 1.00, 56.892632, 5.00, 0.07, 0.00, 5.00, 51.89263, 0.00 
 
50.00, 49.00, 1.00, 56.914829, 5.00, 0.07, 0.00, 5.00, 51.91483, 0.00 
 
50.00, 49.00, 1.00, 56.937031, 5.00, 0.07, 0.00, 5.00, 51.93703, 0.00 
 
50.00, 49.00, 1.00, 56.959232, 5.00, 0.07, 0.00, 5.00, 51.95923, 0.00 
 
50.00, 49.00, 1.00, 56.981430, 5.00, 0.07, 0.00, 5.00, 51.98143, 0.00 
 
50.00, 49.00, 1.00, 57.003632, 5.00, 0.07, 0.00, 5.00, 52.00363, 0.00 
 
50.00, 49.00, 1.00, 57.025833, 5.00, 0.07, 0.00, 5.00, 52.02583, 0.00 
 
50.00, 49.00, 1.00, 57.048035, 5.00, 0.07, 0.00, 5.00, 52.04803, 0.00 
 
50.00, 49.00, 1.00, 57.070232, 5.00, 0.07, 0.00, 5.00, 52.07023, 0.00 
 
50.00, 49.00, 1.00, 57.092434, 5.00, 0.07, 0.00, 5.00, 52.09243, 0.00 
 
50.00, 49.00, 1.00, 57.114635, 5.00, 0.07, 0.00, 5.00, 52.11464, 0.00 
 
50.00, 49.00, 1.00, 57.136837, 5.00, 0.07, 0.00, 5.00, 52.13684, 0.00 
 
50.00, 49.00, 1.00, 57.159035, 5.00, 0.07, 0.00, 5.00, 52.15903, 0.00 
 
50.00, 49.00, 1.00, 57.181236, 5.00, 0.07, 0.00, 5.00, 52.18124, 0.00 
 
50.00, 49.00, 1.00, 57.203438, 5.00, 0.07, 0.00, 5.00, 52.20344, 0.00 
 
50.00, 49.00, 1.00, 57.225639, 5.00, 0.07, 0.00, 5.00, 52.22564, 0.00 
 
50.00, 49.00, 1.00, 57.247837, 5.00, 0.07, 0.00, 5.00, 52.24784, 0.00 
 
50.00, 49.00, 1.00, 57.270039, 5.00, 0.07, 0.00, 5.00, 52.27004, 0.00 
 
50.00, 49.00, 1.00, 57.292240, 5.00, 0.07, 0.00, 5.00, 52.29224, 0.00 
 
50.00, 49.00, 1.00, 57.314438, 5.00, 0.07, 0.00, 5.00, 52.31444, 0.00 
 
50.00, 49.00, 1.00, 57.336639, 5.00, 0.07, 0.00, 5.00, 52.33664, 0.00 
 
50.00, 49.00, 1.00, 57.358841, 5.00, 0.07, 0.00, 5.00, 52.35884, 0.00 
 
50.00, 49.00, 1.00, 57.381042, 5.00, 0.07, 0.00, 5.00, 52.38104, 0.00 
 
50.00, 49.00, 1.00, 57.403240, 5.00, 0.07, 0.00, 5.00, 52.40324, 0.00 
 
50.00, 49.00, 1.00, 57.425442, 5.00, 0.07, 0.00, 5.00, 52.42544, 0.00 
 
50.00, 49.00, 1.00, 57.447643, 5.00, 0.07, 0.00, 5.00, 52.44764, 0.00 
 
50.00, 49.00, 1.00, 57.469845, 5.00, 0.07, 0.00, 5.00, 52.46984, 0.00 
 
50.00, 49.00, 1.00, 57.492043, 5.00, 0.07, 0.00, 5.00, 52.49204, 0.00 
 
50.00, 49.00, 1.00, 57.514244, 5.00, 0.07, 0.00, 5.00, 52.51424, 0.00 
 
50.00, 49.00, 1.00, 57.536446, 5.00, 0.07, 0.00, 5.00, 52.53645, 0.00 
 
50.00, 49.00, 1.00, 57.558647, 5.00, 0.07, 0.00, 5.00, 52.55865, 0.00 
 
50.00, 49.00, 1.00, 57.580845, 5.00, 0.07, 0.00, 5.00, 52.58084, 0.00 
 
50.00, 49.00, 1.00, 57.603046, 5.00, 0.07, 0.00, 5.00, 52.60305, 0.00 
 
50.00, 49.00, 1.00, 57.625248, 5.00, 0.07, 0.00, 5.00, 52.62525, 0.00 
 
50.00, 49.00, 1.00, 57.647446, 5.00, 0.07, 0.00, 5.00, 52.64745, 0.00 
 
50.00, 49.00, 1.00, 57.669647, 5.00, 0.07, 0.00, 5.00, 52.66965, 0.00 
 
50.00, 49.00, 1.00, 57.691849, 5.00, 0.07, 0.00, 5.00, 52.69185, 0.00 
 
50.00, 49.00, 1.00, 57.714050, 5.00, 0.07, 0.00, 5.00, 52.71405, 0.00 
 
50.00, 49.00, 1.00, 57.736248, 5.00, 0.07, 0.00, 5.00, 52.73625, 0.00 
 
50.00, 49.00, 1.00, 57.758450, 5.00, 0.07, 0.00, 5.00, 52.75845, 0.00 
 
50.00, 49.00, 1.00, 57.780651, 5.00, 0.07, 0.00, 5.00, 52.78065, 0.00 
 
50.00, 49.00, 1.00, 57.802853, 5.00, 0.07, 0.00, 5.00, 52.80285, 0.00 
 
50.00, 49.00, 1.00, 57.825050, 5.00, 0.07, 0.00, 5.00, 52.82505, 0.00 
 
50.00, 49.50, 0.50, 55.336151, 5.00, 0.07, 0.00, 2.50, 52.83615, -0.00 
 
50.00, 49.00, 1.00, 57.858353, 5.00, 0.07, 0.00, 5.00, 52.85835, 0.00 
 
50.00, 49.00, 1.00, 57.880554, 5.00, 0.07, 0.00, 5.00, 52.88055, 0.00 
 
50.00, 49.00, 1.00, 57.902752, 5.00, 0.07, 0.00, 5.00, 52.90275, 0.00 
 
50.00, 49.00, 1.00, 57.924953, 5.00, 0.07, 0.00, 5.00, 52.92495, 0.00 
 
50.00, 49.00, 1.00, 57.947155, 5.00, 0.07, 0.00, 5.00, 52.94715, 0.00 
 
50.00, 49.00, 1.00, 57.969357, 5.00, 0.07, 0.00, 5.00, 52.96936, 0.00 
 
50.00, 49.00, 1.00, 57.991554, 5.00, 0.07, 0.00, 5.00, 52.99155, 0.00 
 
50.00, 49.00, 1.00, 58.013756, 5.00, 0.07, 0.00, 5.00, 53.01376, 0.00 
 
50.00, 49.00, 1.00, 58.035957, 5.00, 0.07, 0.00, 5.00, 53.03596, 0.00 
 
50.00, 49.00, 1.00, 58.058159, 5.00, 0.07, 0.00, 5.00, 53.05816, 0.00 
 
50.00, 49.00, 1.00, 58.080357, 5.00, 0.07, 0.00, 5.00, 53.08036, 0.00 
 
50.00, 49.00, 1.00, 58.102558, 5.00, 0.07, 0.00, 5.00, 53.10256, 0.00 
 
50.00, 49.00, 1.00, 58.124760, 5.00, 0.07, 0.00, 5.00, 53.12476, 0.00 
 
50.00, 49.50, 0.50, 55.635860, 5.00, 0.07, 0.00, 2.50, 53.13586, -0.00 
 
50.00, 49.00, 1.00, 58.158058, 5.00, 0.07, 0.00, 5.00, 53.15806, 0.00 
 
50.00, 49.00, 1.00, 58.180260, 5.00, 0.07, 0.00, 5.00, 53.18026, 0.00 
 
50.00, 49.00, 1.00, 58.202461, 5.00, 0.07, 0.00, 5.00, 53.20246, 0.00 
 
50.00, 49.50, 0.50, 55.713562, 5.00, 0.07, 0.00, 2.50, 53.21356, -0.00 
 
50.00, 49.50, 0.50, 55.724663, 5.00, 0.07, 0.00, 2.50, 53.22466, 0.00 
 
50.00, 49.50, 0.50, 55.735760, 5.00, 0.07, 0.00, 2.50, 53.23576, 0.00 
 
50.00, 49.50, 0.50, 55.746861, 5.00, 0.07, 0.00, 2.50, 53.24686, 0.00 
 
50.00, 49.50, 0.50, 55.757961, 5.00, 0.07, 0.00, 2.50, 53.25796, 0.00 
 
50.00, 49.00, 1.00, 58.280163, 5.00, 0.07, 0.00, 5.00, 53.28016, 0.00 
 
50.00, 49.50, 0.50, 55.791264, 5.00, 0.07, 0.00, 2.50, 53.29126, -0.00 
 
50.00, 49.50, 0.50, 55.802364, 5.00, 0.07, 0.00, 2.50, 53.30236, 0.00 
 
50.00, 49.50, 0.50, 55.813461, 5.00, 0.07, 0.00, 2.50, 53.31346, 0.00 
 
50.00, 49.50, 0.50, 55.824562, 5.00, 0.07, 0.00, 2.50, 53.32456, 0.00 
 
50.00, 49.50, 0.50, 55.835663, 5.00, 0.07, 0.00, 2.50, 53.33566, 0.00 
 
50.00, 49.50, 0.50, 55.846764, 5.00, 0.07, 0.00, 2.50, 53.34676, 0.00 
 
50.00, 49.50, 0.50, 55.857864, 5.00, 0.07, 0.00, 2.50, 53.35786, 0.00 
 
50.00, 49.50, 0.50, 55.868965, 5.00, 0.07, 0.00, 2.50, 53.36897, 0.00 
 
50.00, 49.50, 0.50, 55.880066, 5.00, 0.07, 0.00, 2.50, 53.38007, 0.00 
 
50.00, 49.50, 0.50, 55.891167, 5.00, 0.07, 0.00, 2.50, 53.39117, 0.00 
 
50.00, 49.50, 0.50, 55.902264, 5.00, 0.07, 0.00, 2.50, 53.40226, 0.00 
 
50.00, 49.50, 0.50, 55.913364, 5.00, 0.07, 0.00, 2.50, 53.41336, 0.00 
 
50.00, 49.50, 0.50, 55.924465, 5.00, 0.07, 0.00, 2.50, 53.42447, 0.00 
 
50.00, 49.50, 0.50, 55.935566, 5.00, 0.07, 0.00, 2.50, 53.43557, 0.00 
 
50.00, 49.50, 0.50, 55.946667, 5.00, 0.07, 0.00, 2.50, 53.44667, 0.00 
 
50.00, 49.50, 0.50, 55.957767, 5.00, 0.07, 0.00, 2.50, 53.45777, 0.00 
 
50.00, 49.50, 0.50, 55.968868, 5.00, 0.07, 0.00, 2.50, 53.46887, 0.00 
 
50.00, 49.50, 0.50, 55.979965, 5.00, 0.07, 0.00, 2.50, 53.47997, 0.00 
 
50.00, 49.50, 0.50, 55.991066, 5.00, 0.07, 0.00, 2.50, 53.49107, 0.00 
 
50.00, 49.50, 0.50, 56.002167, 5.00, 0.07, 0.00, 2.50, 53.50217, 0.00 
 
50.00, 49.50, 0.50, 56.013268, 5.00, 0.07, 0.00, 2.50, 53.51327, 0.00 
 
50.00, 49.50, 0.50, 56.024368, 5.00, 0.07, 0.00, 2.50, 53.52437, 0.00 
 
50.00, 49.50, 0.50, 56.035469, 5.00, 0.07, 0.00, 2.50, 53.53547, 0.00 
 
50.00, 49.50, 0.50, 56.046570, 5.00, 0.07, 0.00, 2.50, 53.54657, 0.00 
 
50.00, 49.50, 0.50, 56.057671, 5.00, 0.07, 0.00, 2.50, 53.55767, 0.00 
 
50.00, 49.50, 0.50, 56.068768, 5.00, 0.07, 0.00, 2.50, 53.56877, 0.00 
 
50.00, 49.50, 0.50, 56.079868, 5.00, 0.07, 0.00, 2.50, 53.57987, 0.00 
 
50.00, 49.50, 0.50, 56.090969, 5.00, 0.07, 0.00, 2.50, 53.59097, 0.00 
 
50.00, 49.50, 0.50, 56.102070, 5.00, 0.07, 0.00, 2.50, 53.60207, 0.00 
 
50.00, 49.50, 0.50, 56.113171, 5.00, 0.07, 0.00, 2.50, 53.61317, 0.00 
 
50.00, 49.50, 0.50, 56.124271, 5.00, 0.07, 0.00, 2.50, 53.62427, 0.00 
 
50.00, 49.50, 0.50, 56.135372, 5.00, 0.07, 0.00, 2.50, 53.63537, 0.00 
 
50.00, 49.50, 0.50, 56.146469, 5.00, 0.07, 0.00, 2.50, 53.64647, 0.00 
 
50.00, 49.50, 0.50, 56.157570, 5.00, 0.07, 0.00, 2.50, 53.65757, 0.00 
 
50.00, 49.50, 0.50, 56.168671, 5.00, 0.07, 0.00, 2.50, 53.66867, 0.00 
 
50.00, 49.50, 0.50, 56.179771, 5.00, 0.07, 0.00, 2.50, 53.67977, 0.00 
 
50.00, 49.50, 0.50, 56.190872, 5.00, 0.07, 0.00, 2.50, 53.69087, 0.00 
 
50.00, 49.50, 0.50, 56.201973, 5.00, 0.07, 0.00, 2.50, 53.70197, 0.00 
 
50.00, 49.50, 0.50, 56.213074, 5.00, 0.07, 0.00, 2.50, 53.71307, 0.00 
 
50.00, 49.50, 0.50, 56.224174, 5.00, 0.07, 0.00, 2.50, 53.72417, 0.00 
 
50.00, 49.50, 0.50, 56.235271, 5.00, 0.07, 0.00, 2.50, 53.73527, 0.00 
 
50.00, 49.50, 0.50, 56.246372, 5.00, 0.07, 0.00, 2.50, 53.74637, 0.00 
 
50.00, 49.50, 0.50, 56.257473, 5.00, 0.07, 0.00, 2.50, 53.75747, 0.00 
 
50.00, 49.50, 0.50, 56.268574, 5.00, 0.07, 0.00, 2.50, 53.76857, 0.00 
 
50.00, 49.50, 0.50, 56.279675, 5.00, 0.07, 0.00, 2.50, 53.77967, 0.00 
 
50.00, 49.50, 0.50, 56.290775, 5.00, 0.07, 0.00, 2.50, 53.79078, 0.00 
 
50.00, 49.50, 0.50, 56.301876, 5.00, 0.07, 0.00, 2.50, 53.80188, 0.00 
 
50.00, 49.50, 0.50, 56.312973, 5.00, 0.07, 0.00, 2.50, 53.81297, 0.00 
 
50.00, 49.50, 0.50, 56.324074, 5.00, 0.07, 0.00, 2.50, 53.82407, 0.00 
 
50.00, 49.50, 0.50, 56.335175, 5.00, 0.07, 0.00, 2.50, 53.83517, 0.00 
 
50.00, 49.50, 0.50, 56.346275, 5.00, 0.07, 0.00, 2.50, 53.84628, 0.00 
 
50.00, 49.50, 0.50, 56.357376, 5.00, 0.07, 0.00, 2.50, 53.85738, 0.00 
 
50.00, 49.50, 0.50, 56.368477, 5.00, 0.07, 0.00, 2.50, 53.86848, 0.00 
 
50.00, 49.50, 0.50, 56.379578, 5.00, 0.07, 0.00, 2.50, 53.87958, 0.00 
 
50.00, 49.50, 0.50, 56.390678, 5.00, 0.07, 0.00, 2.50, 53.89068, 0.00 
 
50.00, 49.50, 0.50, 56.401775, 5.00, 0.07, 0.00, 2.50, 53.90178, 0.00 
 
50.00, 49.50, 0.50, 56.412876, 5.00, 0.07, 0.00, 2.50, 53.91288, 0.00 
 
50.00, 49.50, 0.50, 56.423977, 5.00, 0.07, 0.00, 2.50, 53.92398, 0.00 
 
50.00, 49.50, 0.50, 56.435078, 5.00, 0.07, 0.00, 2.50, 53.93508, 0.00 
 
50.00, 49.50, 0.50, 56.446178, 5.00, 0.07, 0.00, 2.50, 53.94618, 0.00 
 
50.00, 49.50, 0.50, 56.457279, 5.00, 0.07, 0.00, 2.50, 53.95728, 0.00 
 
50.00, 49.50, 0.50, 56.468380, 5.00, 0.07, 0.00, 2.50, 53.96838, 0.00 
 
50.00, 49.50, 0.50, 56.479477, 5.00, 0.07, 0.00, 2.50, 53.97948, 0.00 
 
50.00, 49.50, 0.50, 56.490578, 5.00, 0.07, 0.00, 2.50, 53.99058, 0.00 
 
50.00, 49.50, 0.50, 56.501678, 5.00, 0.07, 0.00, 2.50, 54.00168, 0.00 
 
50.00, 49.50, 0.50, 56.512779, 5.00, 0.07, 0.00, 2.50, 54.01278, 0.00 
 
50.00, 49.50, 0.50, 56.523880, 5.00, 0.07, 0.00, 2.50, 54.02388, 0.00 
 
50.00, 49.50, 0.50, 56.534981, 5.00, 0.07, 0.00, 2.50, 54.03498, 0.00 
 
50.00, 49.50, 0.50, 56.546082, 5.00, 0.07, 0.00, 2.50, 54.04608, 0.00 
 
50.00, 49.50, 0.50, 56.557182, 5.00, 0.07, 0.00, 2.50, 54.05718, 0.00 
 
50.00, 49.50, 0.50, 56.568279, 5.00, 0.07, 0.00, 2.50, 54.06828, 0.00 
 
50.00, 49.50, 0.50, 56.579380, 5.00, 0.07, 0.00, 2.50, 54.07938, 0.00 
 
50.00, 49.50, 0.50, 56.590481, 5.00, 0.07, 0.00, 2.50, 54.09048, 0.00 
 
50.00, 49.50, 0.50, 56.601582, 5.00, 0.07, 0.00, 2.50, 54.10158, 0.00 
 
50.00, 49.50, 0.50, 56.612682, 5.00, 0.07, 0.00, 2.50, 54.11268, 0.00 
 
50.00, 49.50, 0.50, 56.623783, 5.00, 0.07, 0.00, 2.50, 54.12378, 0.00 
 
50.00, 49.50, 0.50, 56.634884, 5.00, 0.07, 0.00, 2.50, 54.13488, 0.00 
 
50.00, 49.50, 0.50, 56.645981, 5.00, 0.07, 0.00, 2.50, 54.14598, 0.00 
 
50.00, 49.50, 0.50, 56.657082, 5.00, 0.07, 0.00, 2.50, 54.15708, 0.00 
 
50.00, 49.50, 0.50, 56.668182, 5.00, 0.07, 0.00, 2.50, 54.16818, 0.00 
 
50.00, 49.50, 0.50, 56.679283, 5.00, 0.07, 0.00, 2.50, 54.17928, 0.00 
 
50.00, 49.50, 0.50, 56.690384, 5.00, 0.07, 0.00, 2.50, 54.19038, 0.00 
 
50.00, 49.50, 0.50, 56.701485, 5.00, 0.07, 0.00, 2.50, 54.20148, 0.00 
 
50.00, 49.50, 0.50, 56.712585, 5.00, 0.07, 0.00, 2.50, 54.21259, 0.00 
 
50.00, 49.00, 1.00, 59.234783, 5.00, 0.07, 0.00, 5.00, 54.23478, 0.00 
 
50.00, 50.50, -0.50, 51.723686, 5.00, 0.07, 0.00, -2.50, 54.22369, -0.00 
 
50.00, 49.50, 0.50, 56.734783, 5.00, 0.07, 0.00, 2.50, 54.23478, 0.00 
 
50.00, 49.50, 0.50, 56.745884, 5.00, 0.07, 0.00, 2.50, 54.24588, 0.00 
 
50.00, 49.50, 0.50, 56.756985, 5.00, 0.07, 0.00, 2.50, 54.25698, 0.00 
 
50.00, 49.50, 0.50, 56.768085, 5.00, 0.07, 0.00, 2.50, 54.26809, 0.00 
 
50.00, 49.50, 0.50, 56.779186, 5.00, 0.07, 0.00, 2.50, 54.27919, 0.00 
 
50.00, 49.00, 1.00, 59.301388, 5.00, 0.07, 0.00, 5.00, 54.30139, 0.00 
 
50.00, 50.50, -0.50, 51.790287, 5.00, 0.07, 0.00, -2.50, 54.29029, -0.00 
 
50.00, 49.50, 0.50, 56.801388, 5.00, 0.07, 0.00, 2.50, 54.30139, 0.00 
 
50.00, 49.00, 1.00, 59.323586, 5.00, 0.07, 0.00, 5.00, 54.32359, 0.00 
 
50.00, 50.50, -0.50, 51.812485, 5.00, 0.07, 0.00, -2.50, 54.31248, -0.00 
 
50.00, 49.00, 1.00, 59.334686, 5.00, 0.07, 0.00, 5.00, 54.33469, 0.00 
 
50.00, 50.50, -0.50, 51.823586, 5.00, 0.07, 0.00, -2.50, 54.32359, -0.00 
 
50.00, 49.50, 0.50, 56.834686, 5.00, 0.07, 0.00, 2.50, 54.33469, 0.00 
 
50.00, 49.00, 1.00, 59.356888, 5.00, 0.07, 0.00, 5.00, 54.35689, 0.00 
 
50.00, 50.50, -0.50, 51.845787, 5.00, 0.07, 0.00, -2.50, 54.34579, -0.00 
 
50.00, 49.50, 0.50, 56.856888, 5.00, 0.07, 0.00, 2.50, 54.35689, 0.00 
 
50.00, 49.50, 0.50, 56.867989, 5.00, 0.07, 0.00, 2.50, 54.36799, 0.00 
 
50.00, 49.50, 0.50, 56.879089, 5.00, 0.07, 0.00, 2.50, 54.37909, 0.00 
 
50.00, 49.50, 0.50, 56.890190, 5.00, 0.07, 0.00, 2.50, 54.39019, 0.00 
 
50.00, 49.00, 1.00, 59.412388, 5.00, 0.07, 0.00, 5.00, 54.41239, 0.00 
 
50.00, 50.00, 0.00, 54.412388, 5.00, 0.07, 0.00, 0.00, 54.41239, -0.00 
 
50.00, 50.00, 0.00, 54.412388, 5.00, 0.07, 0.00, 0.00, 54.41239, 0.00 
 
50.00, 50.00, 0.00, 54.412388, 5.00, 0.07, 0.00, 0.00, 54.41239, 0.00 
 
50.00, 50.00, 0.00, 54.412388, 5.00, 0.07, 0.00, 0.00, 54.41239, 0.00 
 
50.00, 50.50, -0.50, 51.901287, 5.00, 0.07, 0.00, -2.50, 54.40129, -0.00 
 
50.00, 49.00, 1.00, 59.423489, 5.00, 0.07, 0.00, 5.00, 54.42349, 0.00 
 
50.00, 50.00, 0.00, 54.423489, 5.00, 0.07, 0.00, 0.00, 54.42349, -0.00 
 
50.00, 50.00, 0.00, 54.423489, 5.00, 0.07, 0.00, 0.00, 54.42349, 0.00 
 
50.00, 50.00, 0.00, 54.423489, 5.00, 0.07, 0.00, 0.00, 54.42349, 0.00 
 
50.00, 50.50, -0.50, 51.912388, 5.00, 0.07, 0.00, -2.50, 54.41239, -0.00 
 
50.00, 49.50, 0.50, 56.923489, 5.00, 0.07, 0.00, 2.50, 54.42349, 0.00 
 
50.00, 49.00, 1.00, 59.445690, 5.00, 0.07, 0.00, 5.00, 54.44569, 0.00 
 
50.00, 50.00, 0.00, 54.445690, 5.00, 0.07, 0.00, 0.00, 54.44569, -0.00 
 
50.00, 50.00, 0.00, 54.445690, 5.00, 0.07, 0.00, 0.00, 54.44569, 0.00 
 
50.00, 50.00, 0.00, 54.445690, 5.00, 0.07, 0.00, 0.00, 54.44569, 0.00 
 
50.00, 50.50, -0.50, 51.934589, 5.00, 0.07, 0.00, -2.50, 54.43459, -0.00 
 
50.00, 49.00, 1.00, 59.456791, 5.00, 0.07, 0.00, 5.00, 54.45679, 0.00 
 
50.00, 50.50, -0.50, 51.945690, 5.00, 0.07, 0.00, -2.50, 54.44569, -0.00 
 
50.00, 49.00, 1.00, 59.467892, 5.00, 0.07, 0.00, 5.00, 54.46789, 0.00 
 
50.00, 50.00, 0.00, 54.467892, 5.00, 0.07, 0.00, 0.00, 54.46789, -0.00 
 
50.00, 50.50, -0.50, 51.956791, 5.00, 0.07, 0.00, -2.50, 54.45679, -0.00 
 
50.00, 49.50, 0.50, 56.967892, 5.00, 0.07, 0.00, 2.50, 54.46789, 0.00 
 
50.00, 49.50, 0.50, 56.978989, 5.00, 0.07, 0.00, 2.50, 54.47899, 0.00 
 
50.00, 49.50, 0.50, 56.990089, 5.00, 0.07, 0.00, 2.50, 54.49009, 0.00 
 
50.00, 49.00, 1.00, 59.512291, 5.00, 0.07, 0.00, 5.00, 54.51229, 0.00 
 
50.00, 50.00, 0.00, 54.512291, 5.00, 0.07, 0.00, 0.00, 54.51229, -0.00 
 
50.00, 50.50, -0.50, 52.001190, 5.00, 0.07, 0.00, -2.50, 54.50119, -0.00 
 
50.00, 49.50, 0.50, 57.012291, 5.00, 0.07, 0.00, 2.50, 54.51229, 0.00 
 
50.00, 49.00, 1.00, 59.534492, 5.00, 0.07, 0.00, 5.00, 54.53449, 0.00 
 
50.00, 50.00, 0.00, 54.534492, 5.00, 0.07, 0.00, 0.00, 54.53449, -0.00 
 
50.00, 50.00, 0.00, 54.534492, 5.00, 0.07, 0.00, 0.00, 54.53449, 0.00 
 
50.00, 50.50, -0.50, 52.023392, 5.00, 0.07, 0.00, -2.50, 54.52339, -0.00 
 
50.00, 49.00, 1.00, 59.545593, 5.00, 0.07, 0.00, 5.00, 54.54559, 0.00 
 
50.00, 50.00, 0.00, 54.545593, 5.00, 0.07, 0.00, 0.00, 54.54559, -0.00 
 
50.00, 50.00, 0.00, 54.545593, 5.00, 0.07, 0.00, 0.00, 54.54559, 0.00 
 
50.00, 50.00, 0.00, 54.545593, 5.00, 0.07, 0.00, 0.00, 54.54559, 0.00 
 
50.00, 50.50, -0.50, 52.034492, 5.00, 0.07, 0.00, -2.50, 54.53449, -0.00 
 
50.00, 49.50, 0.50, 57.045593, 5.00, 0.07, 0.00, 2.50, 54.54559, 0.00 
 
50.00, 49.50, 0.50, 57.056694, 5.00, 0.07, 0.00, 2.50, 54.55669, 0.00 
 
50.00, 49.00, 1.00, 59.578892, 5.00, 0.07, 0.00, 5.00, 54.57889, 0.00 
 
50.00, 50.00, 0.00, 54.578892, 5.00, 0.07, 0.00, 0.00, 54.57889, -0.00 
 
50.00, 50.00, 0.00, 54.578892, 5.00, 0.07, 0.00, 0.00, 54.57889, 0.00 
 
50.00, 50.00, 0.00, 54.578892, 5.00, 0.07, 0.00, 0.00, 54.57889, 0.00 
 
50.00, 50.00, 0.00, 54.578892, 5.00, 0.07, 0.00, 0.00, 54.57889, 0.00 
 
50.00, 50.00, 0.00, 54.578892, 5.00, 0.07, 0.00, 0.00, 54.57889, 0.00 
 
50.00, 50.00, 0.00, 54.578892, 5.00, 0.07, 0.00, 0.00, 54.57889, 0.00 
 
50.00, 50.00, 0.00, 54.578892, 5.00, 0.07, 0.00, 0.00, 54.57889, 0.00 
 
50.00, 50.00, 0.00, 54.578892, 5.00, 0.07, 0.00, 0.00, 54.57889, 0.00 
 
50.00, 50.00, 0.00, 54.578892, 5.00, 0.07, 0.00, 0.00, 54.57889, 0.00 
 
50.00, 50.00, 0.00, 54.578892, 5.00, 0.07, 0.00, 0.00, 54.57889, 0.00 
 
50.00, 50.00, 0.00, 54.578892, 5.00, 0.07, 0.00, 0.00, 54.57889, 0.00 
 
50.00, 50.50, -0.50, 52.067791, 5.00, 0.07, 0.00, -2.50, 54.56779, -0.00 
 
50.00, 49.00, 1.00, 59.589993, 5.00, 0.07, 0.00, 5.00, 54.58999, 0.00 
 
50.00, 50.00, 0.00, 54.589993, 5.00, 0.07, 0.00, 0.00, 54.58999, -0.00 
 
50.00, 50.00, 0.00, 54.589993, 5.00, 0.07, 0.00, 0.00, 54.58999, 0.00 
 
50.00, 50.00, 0.00, 54.589993, 5.00, 0.07, 0.00, 0.00, 54.58999, 0.00 
 
50.00, 50.00, 0.00, 54.589993, 5.00, 0.07, 0.00, 0.00, 54.58999, 0.00 
 
50.00, 50.00, 0.00, 54.589993, 5.00, 0.07, 0.00, 0.00, 54.58999, 0.00 
 
50.00, 50.00, 0.00, 54.589993, 5.00, 0.07, 0.00, 0.00, 54.58999, 0.00 
 
50.00, 50.00, 0.00, 54.589993, 5.00, 0.07, 0.00, 0.00, 54.58999, 0.00 
 
50.00, 50.00, 0.00, 54.589993, 5.00, 0.07, 0.00, 0.00, 54.58999, 0.00 
 
50.00, 50.00, 0.00, 54.589993, 5.00, 0.07, 0.00, 0.00, 54.58999, 0.00 
 
50.00, 50.50, -0.50, 52.078892, 5.00, 0.07, 0.00, -2.50, 54.57889, -0.00 
 
50.00, 49.00, 1.00, 59.601093, 5.00, 0.07, 0.00, 5.00, 54.60109, 0.00 
 
50.00, 50.00, 0.00, 54.601093, 5.00, 0.07, 0.00, 0.00, 54.60109, -0.00 
 
50.00, 50.00, 0.00, 54.601093, 5.00, 0.07, 0.00, 0.00, 54.60109, 0.00 
 
50.00, 50.00, 0.00, 54.601093, 5.00, 0.07, 0.00, 0.00, 54.60109, 0.00 
 
50.00, 50.00, 0.00, 54.601093, 5.00, 0.07, 0.00, 0.00, 54.60109, 0.00 
 
50.00, 50.00, 0.00, 54.601093, 5.00, 0.07, 0.00, 0.00, 54.60109, 0.00 
 
50.00, 50.00, 0.00, 54.601093, 5.00, 0.07, 0.00, 0.00, 54.60109, 0.00 
 
50.00, 50.00, 0.00, 54.601093, 5.00, 0.07, 0.00, 0.00, 54.60109, 0.00 
 
50.00, 50.00, 0.00, 54.601093, 5.00, 0.07, 0.00, 0.00, 54.60109, 0.00 
 
50.00, 50.00, 0.00, 54.601093, 5.00, 0.07, 0.00, 0.00, 54.60109, 0.00 
 
50.00, 50.00, 0.00, 54.601093, 5.00, 0.07, 0.00, 0.00, 54.60109, 0.00 
 
50.00, 50.00, 0.00, 54.601093, 5.00, 0.07, 0.00, 0.00, 54.60109, 0.00 
 
50.00, 50.00, 0.00, 54.601093, 5.00, 0.07, 0.00, 0.00, 54.60109, 0.00 
 
