30.00, 30.50, -0.50, 0.000000, 0.00, 0.33, 0.00, -0.00, -0.05550, 0.00 
 
30.00, 30.50, -0.50, 0.000000, 0.00, 0.33, 0.00, -0.00, -0.05550, 0.00 
 
30.00, 30.50, -0.50, 0.000000, 0.00, 0.33, 0.00, -0.00, -0.05550, 0.00 
 
30.00, 30.50, -0.50, 0.000000, 0.00, 0.33, 0.00, -0.00, -0.05550, 0.00 
 
30.00, 30.50, -0.50, 0.000000, 0.00, 0.33, 0.00, -0.00, -0.05550, 0.00 
 
30.00, 30.50, -0.50, 0.000000, 0.00, 0.33, 0.00, -0.00, -0.05550, 0.00 
 
30.00, 30.50, -0.50, 0.000000, 0.00, 0.33, 0.00, -0.00, -0.05550, 0.00 
 
30.00, 30.50, -0.50, 0.000000, 0.00, 0.33, 0.00, -0.00, -0.05550, 0.00 
 
30.00, 30.50, -0.50, 0.000000, 0.00, 0.33, 0.00, -0.00, -0.05550, 0.00 
 
30.00, 30.50, -0.50, 0.000000, 0.00, 0.33, 0.00, -0.00, -0.05550, 0.00 
 
30.00, 30.50, -0.50, 0.000000, 0.00, 0.33, 0.00, -0.00, -0.05550, 0.00 
 
30.00, 30.00, 0.00, 0.000000, 0.00, 0.33, 0.00, 0.00, 0.00000, 0.00 
 
30.00, 30.50, -0.50, 0.000000, 0.00, 0.33, 0.00, -0.00, -0.05550, -0.00 
 
30.00, 30.00, 0.00, 0.000000, 0.00, 0.33, 0.00, 0.00, 0.00000, 0.00 
 
30.00, 30.00, 0.00, 0.000000, 0.00, 0.33, 0.00, 0.00, 0.00000, 0.00 
 
30.00, 30.00, 0.00, 0.000000, 0.00, 0.33, 0.00, 0.00, 0.00000, 0.00 
 
30.00, 30.00, 0.00, 0.000000, 0.00, 0.33, 0.00, 0.00, 0.00000, 0.00 
 
30.00, 30.00, 0.00, 0.000000, 0.00, 0.33, 0.00, 0.00, 0.00000, 0.00 
 
30.00, 30.00, 0.00, 0.000000, 0.00, 0.33, 0.00, 0.00, 0.00000, 0.00 
 
30.00, 30.00, 0.00, 0.000000, 0.00, 0.33, 0.00, 0.00, 0.00000, 0.00 
 
30.00, 30.00, 0.00, 0.000000, 0.00, 0.33, 0.00, 0.00, 0.00000, 0.00 
 
30.00, 30.00, 0.00, 0.000000, 0.00, 0.33, 0.00, 0.00, 0.00000, 0.00 
 
30.00, 30.00, 0.00, 0.000000, 0.00, 0.33, 0.00, 0.00, 0.00000, 0.00 
 
30.00, 30.00, 0.00, 0.000000, 0.00, 0.33, 0.00, 0.00, 0.00000, 0.00 
 
30.00, 30.00, 0.00, 0.000000, 0.00, 0.33, 0.00, 0.00, 0.00000, 0.00 
 
30.00, 30.00, 0.00, 0.000000, 0.00, 0.33, 0.00, 0.00, 0.00000, 0.00 
 
30.00, 30.00, 0.00, 0.000000, 0.00, 0.33, 0.00, 0.00, 0.00000, 0.00 
 
30.00, 30.00, 0.00, 0.000000, 0.00, 0.33, 0.00, 0.00, 0.00000, 0.00 
 
50.00, 30.00, 20.00, 2.220000, 0.00, 0.33, 0.00, 0.00, 2.22000, 0.00 
 
50.00, 30.00, 20.00, 4.440000, 0.00, 0.33, 0.00, 0.00, 4.44000, 0.00 
 
50.00, 30.00, 20.00, 6.660000, 0.00, 0.33, 0.00, 0.00, 6.66000, 0.00 
 
50.00, 30.00, 20.00, 8.880000, 0.00, 0.33, 0.00, 0.00, 8.88000, 0.00 
 
50.00, 30.00, 20.00, 11.100000, 0.00, 0.33, 0.00, 0.00, 11.10000, 0.00 
 
50.00, 30.00, 20.00, 13.320000, 0.00, 0.33, 0.00, 0.00, 13.32000, 0.00 
 
50.00, 30.00, 20.00, 15.540000, 0.00, 0.33, 0.00, 0.00, 15.54000, 0.00 
 
50.00, 30.00, 20.00, 17.760000, 0.00, 0.33, 0.00, 0.00, 17.76000, 0.00 
 
50.00, 30.00, 20.00, 19.980000, 0.00, 0.33, 0.00, 0.00, 19.98000, 0.00 
 
50.00, 30.00, 20.00, 22.200001, 0.00, 0.33, 0.00, 0.00, 22.20000, 0.00 
 
50.00, 30.00, 20.00, 24.419998, 0.00, 0.33, 0.00, 0.00, 24.42000, 0.00 
 
50.00, 30.00, 20.00, 26.639999, 0.00, 0.33, 0.00, 0.00, 26.64000, 0.00 
 
50.00, 30.00, 20.00, 28.860001, 0.00, 0.33, 0.00, 0.00, 28.86000, 0.00 
 
50.00, 30.00, 20.00, 31.080002, 0.00, 0.33, 0.00, 0.00, 31.08000, 0.00 
 
50.00, 30.00, 20.00, 33.300003, 0.00, 0.33, 0.00, 0.00, 33.30000, 0.00 
 
50.00, 30.00, 20.00, 35.520004, 0.00, 0.33, 0.00, 0.00, 35.52000, 0.00 
 
50.00, 30.00, 20.00, 37.740005, 0.00, 0.33, 0.00, 0.00, 37.74001, 0.00 
 
50.00, 30.00, 20.00, 39.960007, 0.00, 0.33, 0.00, 0.00, 39.96001, 0.00 
 
50.00, 30.00, 20.00, 42.180008, 0.00, 0.33, 0.00, 0.00, 42.18001, 0.00 
 
50.00, 30.00, 20.00, 44.400009, 0.00, 0.33, 0.00, 0.00, 44.40001, 0.00 
 
50.00, 30.50, 19.50, 46.564510, 0.00, 0.33, 0.00, 0.00, 46.56451, -0.00 
 
50.00, 30.50, 19.50, 48.729012, 0.00, 0.33, 0.00, 0.00, 48.72901, 0.00 
 
50.00, 30.50, 19.50, 50.893509, 0.00, 0.33, 0.00, 0.00, 50.89351, 0.00 
 
50.00, 30.50, 19.50, 53.058010, 0.00, 0.33, 0.00, 0.00, 53.05801, 0.00 
 
50.00, 30.50, 19.50, 55.222511, 0.00, 0.33, 0.00, 0.00, 55.22251, 0.00 
 
50.00, 30.50, 19.50, 57.387009, 0.00, 0.33, 0.00, 0.00, 57.38701, 0.00 
 
50.00, 30.50, 19.50, 59.551510, 0.00, 0.33, 0.00, 0.00, 59.55151, 0.00 
 
50.00, 30.50, 19.50, 61.716011, 0.00, 0.33, 0.00, 0.00, 61.71601, 0.00 
 
50.00, 30.50, 19.50, 63.880508, 0.00, 0.33, 0.00, 0.00, 63.88051, 0.00 
 
50.00, 30.00, 20.00, 66.100510, 0.00, 0.33, 0.00, 0.00, 66.10051, 0.00 
 
50.00, 31.00, 19.00, 68.209511, 0.00, 0.33, 0.00, 0.00, 68.20951, -0.00 
 
50.00, 31.00, 19.00, 70.318512, 0.00, 0.33, 0.00, 0.00, 70.31851, 0.00 
 
50.00, 31.00, 19.00, 72.427505, 0.00, 0.33, 0.00, 0.00, 72.42751, 0.00 
 
50.00, 31.00, 19.00, 74.536507, 0.00, 0.33, 0.00, 0.00, 74.53651, 0.00 
 
50.00, 31.50, 18.50, 76.590012, 0.00, 0.33, 0.00, 0.00, 76.59001, -0.00 
 
50.00, 31.50, 18.50, 78.643509, 0.00, 0.33, 0.00, 0.00, 78.64351, 0.00 
 
50.00, 31.50, 18.50, 80.697014, 0.00, 0.33, 0.00, 0.00, 80.69701, 0.00 
 
50.00, 31.50, 18.50, 82.750519, 0.00, 0.33, 0.00, 0.00, 82.75052, 0.00 
 
50.00, 31.00, 19.00, 84.859512, 0.00, 0.33, 0.00, 0.00, 84.85951, 0.00 
 
50.00, 32.00, 18.00, 86.857513, 0.00, 0.33, 0.00, 0.00, 86.85751, -0.00 
 
50.00, 32.00, 18.00, 88.855515, 0.00, 0.33, 0.00, 0.00, 88.85551, 0.00 
 
50.00, 32.50, 17.50, 90.798019, 0.00, 0.33, 0.00, 0.00, 90.79802, -0.00 
 
50.00, 32.50, 17.50, 92.740524, 0.00, 0.33, 0.00, 0.00, 92.74052, 0.00 
 
50.00, 32.50, 17.50, 94.683029, 0.00, 0.33, 0.00, 0.00, 94.68303, 0.00 
 
50.00, 32.00, 18.00, 96.681023, 0.00, 0.33, 0.00, 0.00, 96.68102, 0.00 
 
50.00, 33.00, 17.00, 98.568024, 0.00, 0.33, 0.00, 0.00, 98.56802, -0.00 
 
50.00, 33.00, 17.00, 100.000000, 0.00, 0.33, 0.00, 0.00, 100.45503, 0.00 
 
50.00, 33.00, 17.00, 100.000000, 0.00, 0.33, 0.00, 0.00, 102.34203, 0.00 
 
50.00, 33.50, 16.50, 100.000000, 0.00, 0.33, 0.00, 0.00, 104.17354, -0.00 
 
50.00, 33.50, 16.50, 100.000000, 0.00, 0.33, 0.00, 0.00, 106.00504, 0.00 
 
50.00, 33.50, 16.50, 100.000000, 0.00, 0.33, 0.00, 0.00, 107.83654, 0.00 
 
50.00, 33.00, 17.00, 100.000000, 0.00, 0.33, 0.00, 0.00, 109.72354, 0.00 
 
50.00, 34.00, 16.00, 100.000000, 0.00, 0.33, 0.00, 0.00, 111.49954, -0.00 
 
50.00, 34.00, 16.00, 100.000000, 0.00, 0.33, 0.00, 0.00, 113.27554, 0.00 
 
50.00, 34.00, 16.00, 100.000000, 0.00, 0.33, 0.00, 0.00, 115.05154, 0.00 
 
50.00, 34.50, 15.50, 100.000000, 0.00, 0.33, 0.00, 0.00, 116.77205, -0.00 
 
50.00, 34.00, 16.00, 100.000000, 0.00, 0.33, 0.00, 0.00, 118.54805, 0.00 
 
50.00, 35.00, 15.00, 100.000000, 0.00, 0.33, 0.00, 0.00, 120.21304, -0.00 
 
50.00, 35.00, 15.00, 100.000000, 0.00, 0.33, 0.00, 0.00, 121.87804, 0.00 
 
50.00, 35.00, 15.00, 100.000000, 0.00, 0.33, 0.00, 0.00, 123.54305, 0.00 
 
50.00, 35.50, 14.50, 100.000000, 0.00, 0.33, 0.00, 0.00, 125.15254, -0.00 
 
50.00, 35.50, 14.50, 100.000000, 0.00, 0.33, 0.00, 0.00, 126.76204, 0.00 
 
50.00, 35.50, 14.50, 100.000000, 0.00, 0.33, 0.00, 0.00, 128.37154, 0.00 
 
50.00, 35.00, 15.00, 100.000000, 0.00, 0.33, 0.00, 0.00, 130.03653, 0.00 
 
50.00, 36.00, 14.00, 100.000000, 0.00, 0.33, 0.00, 0.00, 131.59053, -0.00 
 
50.00, 36.00, 14.00, 100.000000, 0.00, 0.33, 0.00, 0.00, 133.14453, 0.00 
 
50.00, 36.00, 14.00, 100.000000, 0.00, 0.33, 0.00, 0.00, 134.69852, 0.00 
 
50.00, 36.50, 13.50, 100.000000, 0.00, 0.33, 0.00, 0.00, 136.19702, -0.00 
 
50.00, 36.50, 13.50, 100.000000, 0.00, 0.33, 0.00, 0.00, 137.69553, 0.00 
 
50.00, 36.50, 13.50, 100.000000, 0.00, 0.33, 0.00, 0.00, 139.19403, 0.00 
 
50.00, 36.50, 13.50, 100.000000, 0.00, 0.33, 0.00, 0.00, 140.69254, 0.00 
 
50.00, 36.00, 14.00, 100.000000, 0.00, 0.33, 0.00, 0.00, 142.24654, 0.00 
 
50.00, 37.00, 13.00, 100.000000, 0.00, 0.33, 0.00, 0.00, 143.68954, -0.00 
 
50.00, 37.00, 13.00, 100.000000, 0.00, 0.33, 0.00, 0.00, 145.13254, 0.00 
 
50.00, 37.50, 12.50, 100.000000, 0.00, 0.33, 0.00, 0.00, 146.52005, -0.00 
 
50.00, 37.50, 12.50, 100.000000, 0.00, 0.33, 0.00, 0.00, 147.90755, 0.00 
 
50.00, 37.50, 12.50, 100.000000, 0.00, 0.33, 0.00, 0.00, 149.29504, 0.00 
 
50.00, 37.00, 13.00, 100.000000, 0.00, 0.33, 0.00, 0.00, 150.73805, 0.00 
 
50.00, 38.00, 12.00, 100.000000, 0.00, 0.33, 0.00, 0.00, 152.07005, -0.00 
 
50.00, 38.50, 11.50, 100.000000, 0.00, 0.33, 0.00, 0.00, 153.34656, -0.00 
 
50.00, 38.50, 11.50, 100.000000, 0.00, 0.33, 0.00, 0.00, 154.62305, 0.00 
 
50.00, 38.50, 11.50, 100.000000, 0.00, 0.33, 0.00, 0.00, 155.89955, 0.00 
 
50.00, 38.50, 11.50, 100.000000, 0.00, 0.33, 0.00, 0.00, 157.17606, 0.00 
 
50.00, 38.50, 11.50, 100.000000, 0.00, 0.33, 0.00, 0.00, 158.45255, 0.00 
 
50.00, 38.00, 12.00, 100.000000, 0.00, 0.33, 0.00, 0.00, 159.78455, 0.00 
 
50.00, 39.00, 11.00, 100.000000, 0.00, 0.33, 0.00, 0.00, 161.00555, -0.00 
 
50.00, 39.00, 11.00, 100.000000, 0.00, 0.33, 0.00, 0.00, 162.22655, 0.00 
 
50.00, 39.00, 11.00, 100.000000, 0.00, 0.33, 0.00, 0.00, 163.44754, 0.00 
 
50.00, 39.00, 11.00, 100.000000, 0.00, 0.33, 0.00, 0.00, 164.66855, 0.00 
 
50.00, 39.50, 10.50, 100.000000, 0.00, 0.33, 0.00, 0.00, 165.83405, -0.00 
 
50.00, 39.50, 10.50, 100.000000, 0.00, 0.33, 0.00, 0.00, 166.99954, 0.00 
 
50.00, 39.50, 10.50, 100.000000, 0.00, 0.33, 0.00, 0.00, 168.16504, 0.00 
 
50.00, 39.00, 11.00, 100.000000, 0.00, 0.33, 0.00, 0.00, 169.38603, 0.00 
 
50.00, 40.00, 10.00, 100.000000, 0.00, 0.33, 0.00, 0.00, 170.49603, -0.00 
 
50.00, 40.00, 10.00, 100.000000, 0.00, 0.33, 0.00, 0.00, 171.60602, 0.00 
 
50.00, 40.00, 10.00, 100.000000, 0.00, 0.33, 0.00, 0.00, 172.71603, 0.00 
 
50.00, 40.50, 9.50, 100.000000, 0.00, 0.33, 0.00, 0.00, 173.77054, -0.00 
 
50.00, 40.50, 9.50, 100.000000, 0.00, 0.33, 0.00, 0.00, 174.82504, 0.00 
 
50.00, 40.50, 9.50, 100.000000, 0.00, 0.33, 0.00, 0.00, 175.87955, 0.00 
 
50.00, 40.50, 9.50, 100.000000, 0.00, 0.33, 0.00, 0.00, 176.93405, 0.00 
 
50.00, 40.00, 10.00, 100.000000, 0.00, 0.33, 0.00, 0.00, 178.04405, 0.00 
 
50.00, 41.00, 9.00, 100.000000, 0.00, 0.33, 0.00, 0.00, 179.04306, -0.00 
 
50.00, 41.00, 9.00, 100.000000, 0.00, 0.33, 0.00, 0.00, 180.04205, 0.00 
 
50.00, 41.00, 9.00, 100.000000, 0.00, 0.33, 0.00, 0.00, 181.04106, 0.00 
 
50.00, 41.00, 9.00, 100.000000, 0.00, 0.33, 0.00, 0.00, 182.04007, 0.00 
 
50.00, 41.00, 9.00, 100.000000, 0.00, 0.33, 0.00, 0.00, 183.03906, 0.00 
 
50.00, 41.00, 9.00, 100.000000, 0.00, 0.33, 0.00, 0.00, 184.03807, 0.00 
 
50.00, 41.50, 8.50, 100.000000, 0.00, 0.33, 0.00, 0.00, 184.98157, -0.00 
 
50.00, 41.50, 8.50, 100.000000, 0.00, 0.33, 0.00, 0.00, 185.92508, 0.00 
 
50.00, 41.50, 8.50, 100.000000, 0.00, 0.33, 0.00, 0.00, 186.86858, 0.00 
 
50.00, 41.50, 8.50, 100.000000, 0.00, 0.33, 0.00, 0.00, 187.81207, 0.00 
 
50.00, 41.00, 9.00, 100.000000, 0.00, 0.33, 0.00, 0.00, 188.81108, 0.00 
 
50.00, 42.00, 8.00, 100.000000, 0.00, 0.33, 0.00, 0.00, 189.69908, -0.00 
 
50.00, 42.00, 8.00, 100.000000, 0.00, 0.33, 0.00, 0.00, 190.58708, 0.00 
 
50.00, 42.00, 8.00, 100.000000, 0.00, 0.33, 0.00, 0.00, 191.47508, 0.00 
 
50.00, 42.00, 8.00, 100.000000, 0.00, 0.33, 0.00, 0.00, 192.36308, 0.00 
 
50.00, 42.50, 7.50, 100.000000, 0.00, 0.33, 0.00, 0.00, 193.19559, -0.00 
 
50.00, 42.50, 7.50, 100.000000, 0.00, 0.33, 0.00, 0.00, 194.02808, 0.00 
 
50.00, 42.50, 7.50, 100.000000, 0.00, 0.33, 0.00, 0.00, 194.86058, 0.00 
 
50.00, 42.50, 7.50, 100.000000, 0.00, 0.33, 0.00, 0.00, 195.69308, 0.00 
 
50.00, 42.00, 8.00, 100.000000, 0.00, 0.33, 0.00, 0.00, 196.58109, 0.00 
 
50.00, 43.00, 7.00, 100.000000, 0.00, 0.33, 0.00, 0.00, 197.35808, -0.00 
 
50.00, 43.00, 7.00, 100.000000, 0.00, 0.33, 0.00, 0.00, 198.13507, 0.00 
 
50.00, 43.00, 7.00, 100.000000, 0.00, 0.33, 0.00, 0.00, 198.91208, 0.00 
 
50.00, 43.00, 7.00, 100.000000, 0.00, 0.33, 0.00, 0.00, 199.68907, 0.00 
 
