30.00, 30.00, 0.00, 0.000000, 1.00, 1.00, 0.00, 0.00, 0.00000, 0.00 
 
30.00, 30.00, 0.00, 0.000000, 1.00, 1.00, 0.00, 0.00, 0.00000, 0.00 
 
30.00, 30.00, 0.00, 0.000000, 1.00, 1.00, 0.00, 0.00, 0.00000, 0.00 
 
30.00, 30.00, 0.00, 0.000000, 1.00, 1.00, 0.00, 0.00, 0.00000, 0.00 
 
30.00, 30.00, 0.00, 0.000000, 1.00, 1.00, 0.00, 0.00, 0.00000, 0.00 
 
30.00, 30.00, 0.00, 0.000000, 1.00, 1.00, 0.00, 0.00, 0.00000, 0.00 
 
30.00, 30.00, 0.00, 0.000000, 1.00, 1.00, 0.00, 0.00, 0.00000, 0.00 
 
30.00, 30.00, 0.00, 0.000000, 1.00, 1.00, 0.00, 0.00, 0.00000, 0.00 
 
30.00, 30.00, 0.00, 0.000000, 1.00, 1.00, 0.00, 0.00, 0.00000, 0.00 
 
30.00, 30.00, 0.00, 0.000000, 1.00, 1.00, 0.00, 0.00, 0.00000, 0.00 
 
30.00, 30.00, 0.00, 0.000000, 1.00, 1.00, 0.00, 0.00, 0.00000, 0.00 
 
30.00, 30.00, 0.00, 0.000000, 1.00, 1.00, 0.00, 0.00, 0.00000, 0.00 
 
30.00, 30.00, 0.00, 0.000000, 1.00, 1.00, 0.00, 0.00, 0.00000, 0.00 
 
30.00, 30.00, 0.00, 0.000000, 1.00, 1.00, 0.00, 0.00, 0.00000, 0.00 
 
30.00, 30.50, -0.50, -0.666500, 1.00, 1.00, 0.00, -0.50, -0.16650, -0.00 
 
30.00, 29.00, 1.00, 1.166500, 1.00, 1.00, 0.00, 1.00, 0.16650, 0.00 
 
50.00, 30.00, 20.00, 26.826500, 1.00, 1.00, 0.00, 20.00, 6.82650, 0.00 
 
50.00, 30.50, 19.50, 32.820000, 1.00, 1.00, 0.00, 19.50, 13.32000, -0.00 
 
50.00, 29.00, 21.00, 41.313000, 1.00, 1.00, 0.00, 21.00, 20.31300, 0.00 
 
50.00, 30.00, 20.00, 46.973000, 1.00, 1.00, 0.00, 20.00, 26.97300, -0.00 
 
50.00, 30.00, 20.00, 53.632999, 1.00, 1.00, 0.00, 20.00, 33.63300, 0.00 
 
50.00, 30.00, 20.00, 60.292999, 1.00, 1.00, 0.00, 20.00, 40.29300, 0.00 
 
50.00, 30.00, 20.00, 66.953003, 1.00, 1.00, 0.00, 20.00, 46.95300, 0.00 
 
50.00, 30.00, 20.00, 73.612999, 1.00, 1.00, 0.00, 20.00, 53.61300, 0.00 
 
50.00, 30.50, 19.50, 79.606499, 1.00, 1.00, 0.00, 19.50, 60.10650, -0.00 
 
50.00, 30.50, 19.50, 86.099998, 1.00, 1.00, 0.00, 19.50, 66.60000, 0.00 
 
50.00, 30.50, 19.50, 92.593498, 1.00, 1.00, 0.00, 19.50, 73.09350, 0.00 
 
50.00, 30.50, 19.50, 99.086998, 1.00, 1.00, 0.00, 19.50, 79.58700, 0.00 
 
50.00, 30.00, 20.00, 106.246994, 1.00, 1.00, 0.00, 20.00, 86.24699, 0.00 
 
50.00, 31.00, 19.00, 111.573997, 1.00, 1.00, 0.00, 19.00, 92.57400, -0.00 
 
50.00, 31.50, 18.50, 117.234497, 1.00, 1.00, 0.00, 18.50, 98.73450, -0.00 
 
50.00, 31.50, 18.50, 118.500000, 1.00, 1.00, 0.00, 18.50, 100.00000, 0.00 
 
50.00, 31.00, 19.00, 119.000000, 1.00, 1.00, 0.00, 19.00, 100.00000, 0.00 
 
50.00, 32.50, 17.50, 117.500000, 1.00, 1.00, 0.00, 17.50, 100.00000, -0.00 
 
50.00, 32.50, 17.50, 117.500000, 1.00, 1.00, 0.00, 17.50, 100.00000, 0.00 
 
50.00, 32.00, 18.00, 118.000000, 1.00, 1.00, 0.00, 18.00, 100.00000, 0.00 
 
50.00, 33.00, 17.00, 117.000000, 1.00, 1.00, 0.00, 17.00, 100.00000, -0.00 
 
50.00, 33.50, 16.50, 116.500000, 1.00, 1.00, 0.00, 16.50, 100.00000, -0.00 
 
50.00, 33.50, 16.50, 116.500000, 1.00, 1.00, 0.00, 16.50, 100.00000, 0.00 
 
50.00, 33.00, 17.00, 117.000000, 1.00, 1.00, 0.00, 17.00, 100.00000, 0.00 
 
50.00, 34.00, 16.00, 116.000000, 1.00, 1.00, 0.00, 16.00, 100.00000, -0.00 
 
50.00, 34.00, 16.00, 116.000000, 1.00, 1.00, 0.00, 16.00, 100.00000, 0.00 
 
50.00, 34.50, 15.50, 115.500000, 1.00, 1.00, 0.00, 15.50, 100.00000, -0.00 
 
50.00, 34.00, 16.00, 116.000000, 1.00, 1.00, 0.00, 16.00, 100.00000, 0.00 
 
50.00, 35.00, 15.00, 115.000000, 1.00, 1.00, 0.00, 15.00, 100.00000, -0.00 
 
50.00, 35.50, 14.50, 114.500000, 1.00, 1.00, 0.00, 14.50, 100.00000, -0.00 
 
50.00, 35.50, 14.50, 114.500000, 1.00, 1.00, 0.00, 14.50, 100.00000, 0.00 
 
50.00, 35.00, 15.00, 115.000000, 1.00, 1.00, 0.00, 15.00, 100.00000, 0.00 
 
50.00, 36.00, 14.00, 114.000000, 1.00, 1.00, 0.00, 14.00, 100.00000, -0.00 
 
50.00, 36.50, 13.50, 113.500000, 1.00, 1.00, 0.00, 13.50, 100.00000, -0.00 
 
50.00, 36.50, 13.50, 113.500000, 1.00, 1.00, 0.00, 13.50, 100.00000, 0.00 
 
50.00, 36.50, 13.50, 113.500000, 1.00, 1.00, 0.00, 13.50, 100.00000, 0.00 
 
50.00, 36.00, 14.00, 114.000000, 1.00, 1.00, 0.00, 14.00, 100.00000, 0.00 
 
50.00, 37.00, 13.00, 113.000000, 1.00, 1.00, 0.00, 13.00, 100.00000, -0.00 
 
50.00, 37.50, 12.50, 112.500000, 1.00, 1.00, 0.00, 12.50, 100.00000, -0.00 
 
50.00, 37.50, 12.50, 112.500000, 1.00, 1.00, 0.00, 12.50, 100.00000, 0.00 
 
50.00, 37.00, 13.00, 113.000000, 1.00, 1.00, 0.00, 13.00, 100.00000, 0.00 
 
50.00, 38.00, 12.00, 112.000000, 1.00, 1.00, 0.00, 12.00, 100.00000, -0.00 
 
50.00, 38.50, 11.50, 111.500000, 1.00, 1.00, 0.00, 11.50, 100.00000, -0.00 
 
50.00, 38.50, 11.50, 111.500000, 1.00, 1.00, 0.00, 11.50, 100.00000, 0.00 
 
50.00, 38.50, 11.50, 111.500000, 1.00, 1.00, 0.00, 11.50, 100.00000, 0.00 
 
50.00, 38.50, 11.50, 111.500000, 1.00, 1.00, 0.00, 11.50, 100.00000, 0.00 
 
50.00, 38.00, 12.00, 112.000000, 1.00, 1.00, 0.00, 12.00, 100.00000, 0.00 
 
50.00, 39.50, 10.50, 110.500000, 1.00, 1.00, 0.00, 10.50, 100.00000, -0.00 
 
50.00, 39.50, 10.50, 110.500000, 1.00, 1.00, 0.00, 10.50, 100.00000, 0.00 
 
50.00, 39.50, 10.50, 110.500000, 1.00, 1.00, 0.00, 10.50, 100.00000, 0.00 
 
50.00, 39.00, 11.00, 111.000000, 1.00, 1.00, 0.00, 11.00, 100.00000, 0.00 
 
50.00, 40.00, 10.00, 110.000000, 1.00, 1.00, 0.00, 10.00, 100.00000, -0.00 
 
50.00, 40.00, 10.00, 110.000000, 1.00, 1.00, 0.00, 10.00, 100.00000, 0.00 
 
50.00, 40.50, 9.50, 109.500000, 1.00, 1.00, 0.00, 9.50, 100.00000, -0.00 
 
50.00, 40.50, 9.50, 109.500000, 1.00, 1.00, 0.00, 9.50, 100.00000, 0.00 
 
50.00, 40.00, 10.00, 110.000000, 1.00, 1.00, 0.00, 10.00, 100.00000, 0.00 
 
50.00, 41.00, 9.00, 109.000000, 1.00, 1.00, 0.00, 9.00, 100.00000, -0.00 
 
50.00, 41.00, 9.00, 109.000000, 1.00, 1.00, 0.00, 9.00, 100.00000, 0.00 
 
50.00, 41.50, 8.50, 108.500000, 1.00, 1.00, 0.00, 8.50, 100.00000, -0.00 
 
50.00, 41.50, 8.50, 108.500000, 1.00, 1.00, 0.00, 8.50, 100.00000, 0.00 
 
50.00, 41.50, 8.50, 108.500000, 1.00, 1.00, 0.00, 8.50, 100.00000, 0.00 
 
50.00, 41.50, 8.50, 108.500000, 1.00, 1.00, 0.00, 8.50, 100.00000, 0.00 
 
50.00, 41.00, 9.00, 109.000000, 1.00, 1.00, 0.00, 9.00, 100.00000, 0.00 
 
50.00, 42.00, 8.00, 108.000000, 1.00, 1.00, 0.00, 8.00, 100.00000, -0.00 
 
50.00, 42.50, 7.50, 107.500000, 1.00, 1.00, 0.00, 7.50, 100.00000, -0.00 
 
50.00, 42.50, 7.50, 107.500000, 1.00, 1.00, 0.00, 7.50, 100.00000, 0.00 
 
50.00, 42.50, 7.50, 107.500000, 1.00, 1.00, 0.00, 7.50, 100.00000, 0.00 
 
50.00, 42.00, 8.00, 108.000000, 1.00, 1.00, 0.00, 8.00, 100.00000, 0.00 
 
50.00, 43.00, 7.00, 107.000000, 1.00, 1.00, 0.00, 7.00, 100.00000, -0.00 
 
50.00, 43.00, 7.00, 107.000000, 1.00, 1.00, 0.00, 7.00, 100.00000, 0.00 
 
50.00, 43.00, 7.00, 107.000000, 1.00, 1.00, 0.00, 7.00, 100.00000, 0.00 
 
50.00, 43.50, 6.50, 106.500000, 1.00, 1.00, 0.00, 6.50, 100.00000, -0.00 
 
50.00, 43.50, 6.50, 106.500000, 1.00, 1.00, 0.00, 6.50, 100.00000, 0.00 
 
50.00, 43.50, 6.50, 106.500000, 1.00, 1.00, 0.00, 6.50, 100.00000, 0.00 
 
50.00, 43.00, 7.00, 107.000000, 1.00, 1.00, 0.00, 7.00, 100.00000, 0.00 
 
50.00, 44.00, 6.00, 106.000000, 1.00, 1.00, 0.00, 6.00, 100.00000, -0.00 
 
50.00, 44.00, 6.00, 106.000000, 1.00, 1.00, 0.00, 6.00, 100.00000, 0.00 
 
50.00, 44.50, 5.50, 105.500000, 1.00, 1.00, 0.00, 5.50, 100.00000, -0.00 
 
50.00, 44.50, 5.50, 105.500000, 1.00, 1.00, 0.00, 5.50, 100.00000, 0.00 
 
50.00, 44.50, 5.50, 105.500000, 1.00, 1.00, 0.00, 5.50, 100.00000, 0.00 
 
50.00, 44.50, 5.50, 105.500000, 1.00, 1.00, 0.00, 5.50, 100.00000, 0.00 
 
50.00, 44.00, 6.00, 106.000000, 1.00, 1.00, 0.00, 6.00, 100.00000, 0.00 
 
50.00, 45.00, 5.00, 105.000000, 1.00, 1.00, 0.00, 5.00, 100.00000, -0.00 
 
50.00, 45.00, 5.00, 105.000000, 1.00, 1.00, 0.00, 5.00, 100.00000, 0.00 
 
50.00, 45.50, 4.50, 104.500000, 1.00, 1.00, 0.00, 4.50, 100.00000, -0.00 
 
50.00, 45.50, 4.50, 104.500000, 1.00, 1.00, 0.00, 4.50, 100.00000, 0.00 
 
50.00, 45.50, 4.50, 104.500000, 1.00, 1.00, 0.00, 4.50, 100.00000, 0.00 
 
50.00, 45.50, 4.50, 104.500000, 1.00, 1.00, 0.00, 4.50, 100.00000, 0.00 
 
50.00, 45.00, 5.00, 105.000000, 1.00, 1.00, 0.00, 5.00, 100.00000, 0.00 
 
50.00, 46.00, 4.00, 104.000000, 1.00, 1.00, 0.00, 4.00, 100.00000, -0.00 
 
50.00, 46.00, 4.00, 104.000000, 1.00, 1.00, 0.00, 4.00, 100.00000, 0.00 
 
50.00, 46.50, 3.50, 103.500000, 1.00, 1.00, 0.00, 3.50, 100.00000, -0.00 
 
50.00, 46.50, 3.50, 103.500000, 1.00, 1.00, 0.00, 3.50, 100.00000, 0.00 
 
50.00, 46.50, 3.50, 103.500000, 1.00, 1.00, 0.00, 3.50, 100.00000, 0.00 
 
50.00, 46.50, 3.50, 103.500000, 1.00, 1.00, 0.00, 3.50, 100.00000, 0.00 
 
50.00, 46.50, 3.50, 103.500000, 1.00, 1.00, 0.00, 3.50, 100.00000, 0.00 
 
50.00, 46.00, 4.00, 104.000000, 1.00, 1.00, 0.00, 4.00, 100.00000, 0.00 
 
50.00, 47.00, 3.00, 103.000000, 1.00, 1.00, 0.00, 3.00, 100.00000, -0.00 
 
50.00, 47.00, 3.00, 103.000000, 1.00, 1.00, 0.00, 3.00, 100.00000, 0.00 
 
50.00, 47.50, 2.50, 102.500000, 1.00, 1.00, 0.00, 2.50, 100.00000, -0.00 
 
50.00, 47.50, 2.50, 102.500000, 1.00, 1.00, 0.00, 2.50, 100.00000, 0.00 
 
50.00, 47.50, 2.50, 102.500000, 1.00, 1.00, 0.00, 2.50, 100.00000, 0.00 
 
50.00, 47.50, 2.50, 102.500000, 1.00, 1.00, 0.00, 2.50, 100.00000, 0.00 
 
50.00, 47.00, 3.00, 103.000000, 1.00, 1.00, 0.00, 3.00, 100.00000, 0.00 
 
50.00, 48.00, 2.00, 102.000000, 1.00, 1.00, 0.00, 2.00, 100.00000, -0.00 
 
50.00, 48.00, 2.00, 102.000000, 1.00, 1.00, 0.00, 2.00, 100.00000, 0.00 
 
50.00, 48.00, 2.00, 102.000000, 1.00, 1.00, 0.00, 2.00, 100.00000, 0.00 
 
50.00, 48.00, 2.00, 102.000000, 1.00, 1.00, 0.00, 2.00, 100.00000, 0.00 
 
50.00, 48.50, 1.50, 101.500000, 1.00, 1.00, 0.00, 1.50, 100.00000, -0.00 
 
50.00, 48.50, 1.50, 101.500000, 1.00, 1.00, 0.00, 1.50, 100.00000, 0.00 
 
50.00, 48.50, 1.50, 101.500000, 1.00, 1.00, 0.00, 1.50, 100.00000, 0.00 
 
50.00, 48.50, 1.50, 101.500000, 1.00, 1.00, 0.00, 1.50, 100.00000, 0.00 
 
50.00, 48.00, 2.00, 102.000000, 1.00, 1.00, 0.00, 2.00, 100.00000, 0.00 
 
50.00, 49.00, 1.00, 101.000000, 1.00, 1.00, 0.00, 1.00, 100.00000, -0.00 
 
50.00, 49.00, 1.00, 101.000000, 1.00, 1.00, 0.00, 1.00, 100.00000, 0.00 
 
50.00, 49.00, 1.00, 101.000000, 1.00, 1.00, 0.00, 1.00, 100.00000, 0.00 
 
50.00, 49.50, 0.50, 100.500000, 1.00, 1.00, 0.00, 0.50, 100.00000, -0.00 
 
50.00, 49.50, 0.50, 100.500000, 1.00, 1.00, 0.00, 0.50, 100.00000, 0.00 
 
50.00, 49.50, 0.50, 100.500000, 1.00, 1.00, 0.00, 0.50, 100.00000, 0.00 
 
50.00, 49.50, 0.50, 100.500000, 1.00, 1.00, 0.00, 0.50, 100.00000, 0.00 
 
50.00, 49.50, 0.50, 100.500000, 1.00, 1.00, 0.00, 0.50, 100.00000, 0.00 
 
50.00, 49.50, 0.50, 100.500000, 1.00, 1.00, 0.00, 0.50, 100.00000, 0.00 
 
50.00, 49.00, 1.00, 101.000000, 1.00, 1.00, 0.00, 1.00, 100.00000, 0.00 
 
50.00, 50.00, 0.00, 100.000000, 1.00, 1.00, 0.00, 0.00, 100.00000, -0.00 
 
50.00, 50.00, 0.00, 100.000000, 1.00, 1.00, 0.00, 0.00, 100.00000, 0.00 
 
50.00, 50.50, -0.50, 99.333504, 1.00, 1.00, 0.00, -0.50, 99.83350, -0.00 
 
50.00, 50.50, -0.50, 99.167007, 1.00, 1.00, 0.00, -0.50, 99.66701, 0.00 
 
50.00, 50.50, -0.50, 99.000511, 1.00, 1.00, 0.00, -0.50, 99.50051, 0.00 
 
50.00, 50.50, -0.50, 98.834015, 1.00, 1.00, 0.00, -0.50, 99.33401, 0.00 
 
50.00, 50.50, -0.50, 98.667519, 1.00, 1.00, 0.00, -0.50, 99.16752, 0.00 
 
50.00, 50.50, -0.50, 98.501022, 1.00, 1.00, 0.00, -0.50, 99.00102, 0.00 
 
50.00, 50.50, -0.50, 98.334526, 1.00, 1.00, 0.00, -0.50, 98.83453, 0.00 
 
50.00, 50.00, 0.00, 98.834526, 1.00, 1.00, 0.00, 0.00, 98.83453, 0.00 
 
50.00, 51.50, -1.50, 96.835030, 1.00, 1.00, 0.00, -1.50, 98.33503, -0.00 
 
50.00, 50.00, 0.00, 98.335030, 1.00, 1.00, 0.00, 0.00, 98.33503, 0.00 
 
50.00, 51.00, -1.00, 97.002029, 1.00, 1.00, 0.00, -1.00, 98.00203, -0.00 
 
50.00, 51.00, -1.00, 96.669029, 1.00, 1.00, 0.00, -1.00, 97.66903, 0.00 
 
50.00, 51.00, -1.00, 96.336029, 1.00, 1.00, 0.00, -1.00, 97.33603, 0.00 
 
50.00, 51.00, -1.00, 96.003029, 1.00, 1.00, 0.00, -1.00, 97.00303, 0.00 
 
50.00, 51.50, -1.50, 95.003532, 1.00, 1.00, 0.00, -1.50, 96.50353, -0.00 
 
50.00, 51.50, -1.50, 94.504036, 1.00, 1.00, 0.00, -1.50, 96.00404, 0.00 
 
50.00, 51.50, -1.50, 94.004539, 1.00, 1.00, 0.00, -1.50, 95.50454, 0.00 
 
50.00, 51.50, -1.50, 93.505043, 1.00, 1.00, 0.00, -1.50, 95.00504, 0.00 
 
50.00, 51.50, -1.50, 93.005547, 1.00, 1.00, 0.00, -1.50, 94.50555, 0.00 
 
50.00, 51.50, -1.50, 92.506050, 1.00, 1.00, 0.00, -1.50, 94.00605, 0.00 
 
50.00, 51.00, -1.00, 92.673050, 1.00, 1.00, 0.00, -1.00, 93.67305, 0.00 
 
50.00, 52.00, -2.00, 91.007050, 1.00, 1.00, 0.00, -2.00, 93.00705, -0.00 
 
50.00, 52.00, -2.00, 90.341049, 1.00, 1.00, 0.00, -2.00, 92.34105, 0.00 
 
50.00, 52.00, -2.00, 89.675049, 1.00, 1.00, 0.00, -2.00, 91.67505, 0.00 
 
50.00, 52.00, -2.00, 89.009048, 1.00, 1.00, 0.00, -2.00, 91.00905, 0.00 
 
50.00, 52.00, -2.00, 88.343048, 1.00, 1.00, 0.00, -2.00, 90.34305, 0.00 
 
50.00, 52.00, -2.00, 87.677048, 1.00, 1.00, 0.00, -2.00, 89.67705, 0.00 
 
50.00, 52.00, -2.00, 87.011047, 1.00, 1.00, 0.00, -2.00, 89.01105, 0.00 
 
50.00, 52.00, -2.00, 86.345047, 1.00, 1.00, 0.00, -2.00, 88.34505, 0.00 
 
50.00, 52.50, -2.50, 85.012550, 1.00, 1.00, 0.00, -2.50, 87.51255, -0.00 
 
50.00, 52.50, -2.50, 84.180054, 1.00, 1.00, 0.00, -2.50, 86.68005, 0.00 
 
50.00, 52.50, -2.50, 83.347557, 1.00, 1.00, 0.00, -2.50, 85.84756, 0.00 
 
50.00, 52.50, -2.50, 82.515060, 1.00, 1.00, 0.00, -2.50, 85.01506, 0.00 
 
50.00, 52.50, -2.50, 81.682564, 1.00, 1.00, 0.00, -2.50, 84.18256, 0.00 
 
50.00, 52.50, -2.50, 80.850067, 1.00, 1.00, 0.00, -2.50, 83.35007, 0.00 
 
50.00, 52.50, -2.50, 80.017570, 1.00, 1.00, 0.00, -2.50, 82.51757, 0.00 
 
50.00, 52.50, -2.50, 79.185074, 1.00, 1.00, 0.00, -2.50, 81.68507, 0.00 
 
50.00, 52.50, -2.50, 78.352577, 1.00, 1.00, 0.00, -2.50, 80.85258, 0.00 
 
50.00, 52.50, -2.50, 77.520081, 1.00, 1.00, 0.00, -2.50, 80.02008, 0.00 
 
50.00, 52.50, -2.50, 76.687584, 1.00, 1.00, 0.00, -2.50, 79.18758, 0.00 
 
50.00, 52.50, -2.50, 75.855087, 1.00, 1.00, 0.00, -2.50, 78.35509, 0.00 
 
50.00, 52.50, -2.50, 75.022591, 1.00, 1.00, 0.00, -2.50, 77.52259, 0.00 
 
50.00, 52.50, -2.50, 74.190094, 1.00, 1.00, 0.00, -2.50, 76.69009, 0.00 
 
50.00, 52.50, -2.50, 73.357597, 1.00, 1.00, 0.00, -2.50, 75.85760, 0.00 
 
50.00, 52.50, -2.50, 72.525101, 1.00, 1.00, 0.00, -2.50, 75.02510, 0.00 
 
50.00, 52.50, -2.50, 71.692604, 1.00, 1.00, 0.00, -2.50, 74.19260, 0.00 
 
50.00, 52.50, -2.50, 70.860107, 1.00, 1.00, 0.00, -2.50, 73.36011, 0.00 
 
50.00, 52.50, -2.50, 70.027611, 1.00, 1.00, 0.00, -2.50, 72.52761, 0.00 
 
50.00, 52.50, -2.50, 69.195114, 1.00, 1.00, 0.00, -2.50, 71.69511, 0.00 
 
50.00, 52.50, -2.50, 68.362617, 1.00, 1.00, 0.00, -2.50, 70.86262, 0.00 
 
50.00, 52.50, -2.50, 67.530121, 1.00, 1.00, 0.00, -2.50, 70.03012, 0.00 
 
50.00, 52.00, -2.00, 67.364120, 1.00, 1.00, 0.00, -2.00, 69.36412, 0.00 
 
50.00, 53.50, -3.50, 64.698624, 1.00, 1.00, 0.00, -3.50, 68.19862, -0.00 
 
50.00, 52.50, -2.50, 64.866127, 1.00, 1.00, 0.00, -2.50, 67.36613, 0.00 
 
50.00, 52.50, -2.50, 64.033630, 1.00, 1.00, 0.00, -2.50, 66.53363, 0.00 
 
50.00, 52.50, -2.50, 63.201134, 1.00, 1.00, 0.00, -2.50, 65.70113, 0.00 
 
50.00, 52.50, -2.50, 62.368637, 1.00, 1.00, 0.00, -2.50, 64.86864, 0.00 
 
50.00, 52.50, -2.50, 61.536140, 1.00, 1.00, 0.00, -2.50, 64.03614, 0.00 
 
50.00, 52.50, -2.50, 60.703640, 1.00, 1.00, 0.00, -2.50, 63.20364, 0.00 
 
50.00, 52.50, -2.50, 59.871140, 1.00, 1.00, 0.00, -2.50, 62.37114, 0.00 
 
50.00, 52.50, -2.50, 59.038639, 1.00, 1.00, 0.00, -2.50, 61.53864, 0.00 
 
50.00, 52.50, -2.50, 58.206139, 1.00, 1.00, 0.00, -2.50, 60.70614, 0.00 
 
50.00, 52.50, -2.50, 57.373638, 1.00, 1.00, 0.00, -2.50, 59.87364, 0.00 
 
50.00, 52.50, -2.50, 56.541138, 1.00, 1.00, 0.00, -2.50, 59.04114, 0.00 
 
50.00, 52.50, -2.50, 55.708637, 1.00, 1.00, 0.00, -2.50, 58.20864, 0.00 
 
50.00, 52.50, -2.50, 54.876137, 1.00, 1.00, 0.00, -2.50, 57.37614, 0.00 
 
50.00, 52.50, -2.50, 54.043636, 1.00, 1.00, 0.00, -2.50, 56.54364, 0.00 
 
50.00, 52.00, -2.00, 53.877636, 1.00, 1.00, 0.00, -2.00, 55.87764, 0.00 
 
50.00, 52.00, -2.00, 53.211636, 1.00, 1.00, 0.00, -2.00, 55.21164, 0.00 
 
50.00, 52.00, -2.00, 52.545635, 1.00, 1.00, 0.00, -2.00, 54.54564, 0.00 
 
50.00, 52.00, -2.00, 51.879635, 1.00, 1.00, 0.00, -2.00, 53.87963, 0.00 
 
50.00, 52.00, -2.00, 51.213634, 1.00, 1.00, 0.00, -2.00, 53.21363, 0.00 
 
50.00, 52.00, -2.00, 50.547634, 1.00, 1.00, 0.00, -2.00, 52.54763, 0.00 
 
50.00, 52.00, -2.00, 49.881634, 1.00, 1.00, 0.00, -2.00, 51.88163, 0.00 
 
50.00, 52.00, -2.00, 49.215633, 1.00, 1.00, 0.00, -2.00, 51.21563, 0.00 
 
50.00, 52.00, -2.00, 48.549633, 1.00, 1.00, 0.00, -2.00, 50.54963, 0.00 
 
50.00, 52.00, -2.00, 47.883633, 1.00, 1.00, 0.00, -2.00, 49.88363, 0.00 
 
50.00, 52.50, -2.50, 46.551132, 1.00, 1.00, 0.00, -2.50, 49.05113, -0.00 
 
50.00, 51.50, -1.50, 47.051632, 1.00, 1.00, 0.00, -1.50, 48.55163, 0.00 
 
50.00, 51.50, -1.50, 46.552132, 1.00, 1.00, 0.00, -1.50, 48.05213, 0.00 
 
50.00, 51.50, -1.50, 46.052631, 1.00, 1.00, 0.00, -1.50, 47.55263, 0.00 
 
50.00, 51.50, -1.50, 45.553131, 1.00, 1.00, 0.00, -1.50, 47.05313, 0.00 
 
50.00, 51.50, -1.50, 45.053631, 1.00, 1.00, 0.00, -1.50, 46.55363, 0.00 
 
50.00, 51.50, -1.50, 44.554131, 1.00, 1.00, 0.00, -1.50, 46.05413, 0.00 
 
50.00, 51.50, -1.50, 44.054630, 1.00, 1.00, 0.00, -1.50, 45.55463, 0.00 
 
50.00, 51.00, -1.00, 44.221630, 1.00, 1.00, 0.00, -1.00, 45.22163, 0.00 
 
50.00, 51.00, -1.00, 43.888630, 1.00, 1.00, 0.00, -1.00, 44.88863, 0.00 
 
50.00, 51.00, -1.00, 43.555630, 1.00, 1.00, 0.00, -1.00, 44.55563, 0.00 
 
50.00, 51.00, -1.00, 43.222630, 1.00, 1.00, 0.00, -1.00, 44.22263, 0.00 
 
50.00, 51.00, -1.00, 42.889629, 1.00, 1.00, 0.00, -1.00, 43.88963, 0.00 
 
50.00, 51.00, -1.00, 42.556629, 1.00, 1.00, 0.00, -1.00, 43.55663, 0.00 
 
50.00, 51.00, -1.00, 42.223629, 1.00, 1.00, 0.00, -1.00, 43.22363, 0.00 
 
50.00, 51.00, -1.00, 41.890629, 1.00, 1.00, 0.00, -1.00, 42.89063, 0.00 
 
50.00, 51.00, -1.00, 41.557629, 1.00, 1.00, 0.00, -1.00, 42.55763, 0.00 
 
50.00, 51.50, -1.50, 40.558128, 1.00, 1.00, 0.00, -1.50, 42.05813, -0.00 
 
50.00, 50.50, -0.50, 41.391628, 1.00, 1.00, 0.00, -0.50, 41.89163, 0.00 
 
50.00, 50.50, -0.50, 41.225128, 1.00, 1.00, 0.00, -0.50, 41.72513, 0.00 
 
50.00, 50.50, -0.50, 41.058628, 1.00, 1.00, 0.00, -0.50, 41.55863, 0.00 
 
50.00, 50.50, -0.50, 40.892128, 1.00, 1.00, 0.00, -0.50, 41.39213, 0.00 
 
50.00, 50.50, -0.50, 40.725628, 1.00, 1.00, 0.00, -0.50, 41.22563, 0.00 
 
50.00, 50.50, -0.50, 40.559128, 1.00, 1.00, 0.00, -0.50, 41.05913, 0.00 
 
50.00, 50.50, -0.50, 40.392628, 1.00, 1.00, 0.00, -0.50, 40.89263, 0.00 
 
50.00, 50.00, 0.00, 40.892628, 1.00, 1.00, 0.00, 0.00, 40.89263, 0.00 
 
50.00, 50.00, 0.00, 40.892628, 1.00, 1.00, 0.00, 0.00, 40.89263, 0.00 
 
50.00, 50.00, 0.00, 40.892628, 1.00, 1.00, 0.00, 0.00, 40.89263, 0.00 
 
50.00, 50.00, 0.00, 40.892628, 1.00, 1.00, 0.00, 0.00, 40.89263, 0.00 
 
50.00, 50.00, 0.00, 40.892628, 1.00, 1.00, 0.00, 0.00, 40.89263, 0.00 
 
50.00, 50.00, 0.00, 40.892628, 1.00, 1.00, 0.00, 0.00, 40.89263, 0.00 
 
50.00, 50.50, -0.50, 40.226128, 1.00, 1.00, 0.00, -0.50, 40.72613, -0.00 
 
50.00, 49.50, 0.50, 41.392628, 1.00, 1.00, 0.00, 0.50, 40.89263, 0.00 
 
50.00, 49.50, 0.50, 41.559128, 1.00, 1.00, 0.00, 0.50, 41.05913, 0.00 
 
50.00, 49.50, 0.50, 41.725628, 1.00, 1.00, 0.00, 0.50, 41.22563, 0.00 
 
50.00, 49.50, 0.50, 41.892128, 1.00, 1.00, 0.00, 0.50, 41.39213, 0.00 
 
50.00, 49.50, 0.50, 42.058628, 1.00, 1.00, 0.00, 0.50, 41.55863, 0.00 
 
50.00, 49.50, 0.50, 42.225128, 1.00, 1.00, 0.00, 0.50, 41.72513, 0.00 
 
50.00, 49.50, 0.50, 42.391628, 1.00, 1.00, 0.00, 0.50, 41.89163, 0.00 
 
50.00, 49.50, 0.50, 42.558128, 1.00, 1.00, 0.00, 0.50, 42.05813, 0.00 
 
50.00, 49.50, 0.50, 42.724628, 1.00, 1.00, 0.00, 0.50, 42.22463, 0.00 
 
50.00, 49.50, 0.50, 42.891129, 1.00, 1.00, 0.00, 0.50, 42.39113, 0.00 
 
50.00, 49.50, 0.50, 43.057629, 1.00, 1.00, 0.00, 0.50, 42.55763, 0.00 
 
50.00, 49.00, 1.00, 43.890629, 1.00, 1.00, 0.00, 1.00, 42.89063, 0.00 
 
50.00, 49.00, 1.00, 44.223629, 1.00, 1.00, 0.00, 1.00, 43.22363, 0.00 
 
50.00, 49.00, 1.00, 44.556629, 1.00, 1.00, 0.00, 1.00, 43.55663, 0.00 
 
50.00, 49.00, 1.00, 44.889629, 1.00, 1.00, 0.00, 1.00, 43.88963, 0.00 
 
50.00, 49.00, 1.00, 45.222630, 1.00, 1.00, 0.00, 1.00, 44.22263, 0.00 
 
50.00, 49.00, 1.00, 45.555630, 1.00, 1.00, 0.00, 1.00, 44.55563, 0.00 
 
50.00, 49.00, 1.00, 45.888630, 1.00, 1.00, 0.00, 1.00, 44.88863, 0.00 
 
50.00, 49.00, 1.00, 46.221630, 1.00, 1.00, 0.00, 1.00, 45.22163, 0.00 
 
50.00, 49.00, 1.00, 46.554630, 1.00, 1.00, 0.00, 1.00, 45.55463, 0.00 
 
50.00, 49.00, 1.00, 46.887630, 1.00, 1.00, 0.00, 1.00, 45.88763, 0.00 
 
50.00, 49.00, 1.00, 47.220631, 1.00, 1.00, 0.00, 1.00, 46.22063, 0.00 
 
50.00, 49.00, 1.00, 47.553631, 1.00, 1.00, 0.00, 1.00, 46.55363, 0.00 
 
50.00, 49.50, 0.50, 47.220131, 1.00, 1.00, 0.00, 0.50, 46.72013, -0.00 
 
50.00, 48.50, 1.50, 48.719631, 1.00, 1.00, 0.00, 1.50, 47.21963, 0.00 
 
50.00, 48.00, 2.00, 49.885632, 1.00, 1.00, 0.00, 2.00, 47.88563, 0.00 
 
50.00, 49.00, 1.00, 49.218632, 1.00, 1.00, 0.00, 1.00, 48.21863, -0.00 
 
50.00, 49.00, 1.00, 49.551632, 1.00, 1.00, 0.00, 1.00, 48.55163, 0.00 
 
50.00, 49.50, 0.50, 49.218132, 1.00, 1.00, 0.00, 0.50, 48.71813, -0.00 
 
50.00, 48.00, 2.00, 51.384132, 1.00, 1.00, 0.00, 2.00, 49.38413, 0.00 
 
50.00, 49.50, 0.50, 50.050632, 1.00, 1.00, 0.00, 0.50, 49.55063, -0.00 
 
50.00, 48.50, 1.50, 51.550133, 1.00, 1.00, 0.00, 1.50, 50.05013, 0.00 
 
50.00, 48.50, 1.50, 52.049633, 1.00, 1.00, 0.00, 1.50, 50.54963, 0.00 
 
50.00, 48.50, 1.50, 52.549133, 1.00, 1.00, 0.00, 1.50, 51.04913, 0.00 
 
50.00, 48.50, 1.50, 53.048634, 1.00, 1.00, 0.00, 1.50, 51.54863, 0.00 
 
50.00, 48.50, 1.50, 53.548134, 1.00, 1.00, 0.00, 1.50, 52.04813, 0.00 
 
50.00, 48.50, 1.50, 54.047634, 1.00, 1.00, 0.00, 1.50, 52.54763, 0.00 
 
50.00, 48.50, 1.50, 54.547134, 1.00, 1.00, 0.00, 1.50, 53.04713, 0.00 
 
50.00, 48.50, 1.50, 55.046635, 1.00, 1.00, 0.00, 1.50, 53.54663, 0.00 
 
50.00, 48.50, 1.50, 55.546135, 1.00, 1.00, 0.00, 1.50, 54.04613, 0.00 
 
50.00, 48.50, 1.50, 56.045635, 1.00, 1.00, 0.00, 1.50, 54.54564, 0.00 
 
50.00, 48.50, 1.50, 56.545135, 1.00, 1.00, 0.00, 1.50, 55.04514, 0.00 
 
50.00, 48.50, 1.50, 57.044636, 1.00, 1.00, 0.00, 1.50, 55.54464, 0.00 
 
50.00, 48.50, 1.50, 57.544136, 1.00, 1.00, 0.00, 1.50, 56.04414, 0.00 
 
50.00, 48.50, 1.50, 58.043636, 1.00, 1.00, 0.00, 1.50, 56.54364, 0.00 
 
50.00, 48.50, 1.50, 58.543137, 1.00, 1.00, 0.00, 1.50, 57.04314, 0.00 
 
50.00, 48.50, 1.50, 59.042637, 1.00, 1.00, 0.00, 1.50, 57.54264, 0.00 
 
50.00, 48.50, 1.50, 59.542137, 1.00, 1.00, 0.00, 1.50, 58.04214, 0.00 
 
50.00, 48.50, 1.50, 60.041637, 1.00, 1.00, 0.00, 1.50, 58.54164, 0.00 
 
50.00, 48.50, 1.50, 60.541138, 1.00, 1.00, 0.00, 1.50, 59.04114, 0.00 
 
50.00, 48.50, 1.50, 61.040638, 1.00, 1.00, 0.00, 1.50, 59.54064, 0.00 
 
50.00, 48.00, 2.00, 62.206638, 1.00, 1.00, 0.00, 2.00, 60.20664, 0.00 
 
50.00, 49.50, 0.50, 60.873138, 1.00, 1.00, 0.00, 0.50, 60.37314, -0.00 
 
50.00, 48.50, 1.50, 62.372639, 1.00, 1.00, 0.00, 1.50, 60.87264, 0.00 
 
50.00, 48.00, 2.00, 63.538639, 1.00, 1.00, 0.00, 2.00, 61.53864, 0.00 
 
50.00, 49.00, 1.00, 62.871639, 1.00, 1.00, 0.00, 1.00, 61.87164, -0.00 
 
50.00, 49.00, 1.00, 63.204639, 1.00, 1.00, 0.00, 1.00, 62.20464, 0.00 
 
50.00, 49.00, 1.00, 63.537640, 1.00, 1.00, 0.00, 1.00, 62.53764, 0.00 
 
50.00, 49.00, 1.00, 63.870640, 1.00, 1.00, 0.00, 1.00, 62.87064, 0.00 
 
50.00, 49.00, 1.00, 64.203644, 1.00, 1.00, 0.00, 1.00, 63.20364, 0.00 
 
50.00, 49.00, 1.00, 64.536636, 1.00, 1.00, 0.00, 1.00, 63.53664, 0.00 
 
50.00, 49.00, 1.00, 64.869644, 1.00, 1.00, 0.00, 1.00, 63.86964, 0.00 
 
50.00, 49.00, 1.00, 65.202637, 1.00, 1.00, 0.00, 1.00, 64.20264, 0.00 
 
50.00, 49.00, 1.00, 65.535637, 1.00, 1.00, 0.00, 1.00, 64.53564, 0.00 
 
50.00, 49.00, 1.00, 65.868637, 1.00, 1.00, 0.00, 1.00, 64.86864, 0.00 
 
50.00, 49.00, 1.00, 66.201637, 1.00, 1.00, 0.00, 1.00, 65.20164, 0.00 
 
50.00, 49.00, 1.00, 66.534637, 1.00, 1.00, 0.00, 1.00, 65.53464, 0.00 
 
50.00, 49.00, 1.00, 66.867638, 1.00, 1.00, 0.00, 1.00, 65.86764, 0.00 
 
50.00, 49.00, 1.00, 67.200638, 1.00, 1.00, 0.00, 1.00, 66.20064, 0.00 
 
50.00, 49.00, 1.00, 67.533638, 1.00, 1.00, 0.00, 1.00, 66.53364, 0.00 
 
50.00, 49.00, 1.00, 67.866638, 1.00, 1.00, 0.00, 1.00, 66.86664, 0.00 
 
50.00, 49.00, 1.00, 68.199638, 1.00, 1.00, 0.00, 1.00, 67.19964, 0.00 
 
50.00, 49.00, 1.00, 68.532639, 1.00, 1.00, 0.00, 1.00, 67.53264, 0.00 
 
50.00, 49.00, 1.00, 68.865639, 1.00, 1.00, 0.00, 1.00, 67.86564, 0.00 
 
50.00, 49.50, 0.50, 68.532135, 1.00, 1.00, 0.00, 0.50, 68.03214, -0.00 
 
50.00, 49.50, 0.50, 68.698631, 1.00, 1.00, 0.00, 0.50, 68.19863, 0.00 
 
50.00, 49.50, 0.50, 68.865128, 1.00, 1.00, 0.00, 0.50, 68.36513, 0.00 
 
50.00, 49.50, 0.50, 69.031624, 1.00, 1.00, 0.00, 0.50, 68.53162, 0.00 
 
50.00, 49.50, 0.50, 69.198120, 1.00, 1.00, 0.00, 0.50, 68.69812, 0.00 
 
50.00, 49.50, 0.50, 69.364616, 1.00, 1.00, 0.00, 0.50, 68.86462, 0.00 
 
50.00, 49.50, 0.50, 69.531113, 1.00, 1.00, 0.00, 0.50, 69.03111, 0.00 
 
50.00, 49.50, 0.50, 69.697609, 1.00, 1.00, 0.00, 0.50, 69.19761, 0.00 
 
50.00, 49.50, 0.50, 69.864105, 1.00, 1.00, 0.00, 0.50, 69.36411, 0.00 
 
50.00, 49.50, 0.50, 70.030602, 1.00, 1.00, 0.00, 0.50, 69.53060, 0.00 
 
50.00, 49.50, 0.50, 70.197098, 1.00, 1.00, 0.00, 0.50, 69.69710, 0.00 
 
50.00, 49.50, 0.50, 70.363594, 1.00, 1.00, 0.00, 0.50, 69.86359, 0.00 
 
50.00, 49.50, 0.50, 70.530090, 1.00, 1.00, 0.00, 0.50, 70.03009, 0.00 
 
50.00, 49.50, 0.50, 70.696587, 1.00, 1.00, 0.00, 0.50, 70.19659, 0.00 
 
50.00, 49.50, 0.50, 70.863083, 1.00, 1.00, 0.00, 0.50, 70.36308, 0.00 
 
50.00, 49.00, 1.00, 71.696083, 1.00, 1.00, 0.00, 1.00, 70.69608, 0.00 
 
50.00, 50.00, 0.00, 70.696083, 1.00, 1.00, 0.00, 0.00, 70.69608, -0.00 
 
50.00, 50.00, 0.00, 70.696083, 1.00, 1.00, 0.00, 0.00, 70.69608, 0.00 
 
50.00, 50.00, 0.00, 70.696083, 1.00, 1.00, 0.00, 0.00, 70.69608, 0.00 
 
50.00, 50.00, 0.00, 70.696083, 1.00, 1.00, 0.00, 0.00, 70.69608, 0.00 
 
50.00, 50.00, 0.00, 70.696083, 1.00, 1.00, 0.00, 0.00, 70.69608, 0.00 
 
50.00, 50.00, 0.00, 70.696083, 1.00, 1.00, 0.00, 0.00, 70.69608, 0.00 
 
50.00, 50.00, 0.00, 70.696083, 1.00, 1.00, 0.00, 0.00, 70.69608, 0.00 
 
50.00, 50.00, 0.00, 70.696083, 1.00, 1.00, 0.00, 0.00, 70.69608, 0.00 
 
50.00, 50.00, 0.00, 70.696083, 1.00, 1.00, 0.00, 0.00, 70.69608, 0.00 
 
50.00, 50.00, 0.00, 70.696083, 1.00, 1.00, 0.00, 0.00, 70.69608, 0.00 
 
50.00, 50.00, 0.00, 70.696083, 1.00, 1.00, 0.00, 0.00, 70.69608, 0.00 
 
50.00, 50.50, -0.50, 70.029587, 1.00, 1.00, 0.00, -0.50, 70.52959, -0.00 
 
50.00, 50.50, -0.50, 69.863091, 1.00, 1.00, 0.00, -0.50, 70.36309, 0.00 
 
50.00, 50.50, -0.50, 69.696594, 1.00, 1.00, 0.00, -0.50, 70.19659, 0.00 
 
50.00, 50.50, -0.50, 69.530098, 1.00, 1.00, 0.00, -0.50, 70.03010, 0.00 
 
50.00, 50.50, -0.50, 69.363602, 1.00, 1.00, 0.00, -0.50, 69.86360, 0.00 
 
50.00, 50.50, -0.50, 69.197105, 1.00, 1.00, 0.00, -0.50, 69.69711, 0.00 
 
50.00, 50.50, -0.50, 69.030609, 1.00, 1.00, 0.00, -0.50, 69.53061, 0.00 
 
50.00, 50.50, -0.50, 68.864113, 1.00, 1.00, 0.00, -0.50, 69.36411, 0.00 
 
50.00, 50.50, -0.50, 68.697617, 1.00, 1.00, 0.00, -0.50, 69.19762, 0.00 
 
50.00, 50.50, -0.50, 68.531120, 1.00, 1.00, 0.00, -0.50, 69.03112, 0.00 
 
50.00, 50.50, -0.50, 68.364624, 1.00, 1.00, 0.00, -0.50, 68.86462, 0.00 
 
50.00, 50.50, -0.50, 68.198128, 1.00, 1.00, 0.00, -0.50, 68.69813, 0.00 
 
50.00, 50.50, -0.50, 68.031631, 1.00, 1.00, 0.00, -0.50, 68.53163, 0.00 
 
50.00, 50.50, -0.50, 67.865135, 1.00, 1.00, 0.00, -0.50, 68.36514, 0.00 
 
50.00, 50.50, -0.50, 67.698639, 1.00, 1.00, 0.00, -0.50, 68.19864, 0.00 
 
50.00, 50.50, -0.50, 67.532143, 1.00, 1.00, 0.00, -0.50, 68.03214, 0.00 
 
50.00, 50.50, -0.50, 67.365646, 1.00, 1.00, 0.00, -0.50, 67.86565, 0.00 
 
50.00, 50.50, -0.50, 67.199150, 1.00, 1.00, 0.00, -0.50, 67.69915, 0.00 
 
50.00, 50.50, -0.50, 67.032654, 1.00, 1.00, 0.00, -0.50, 67.53265, 0.00 
 
50.00, 50.50, -0.50, 66.866158, 1.00, 1.00, 0.00, -0.50, 67.36616, 0.00 
 
50.00, 50.50, -0.50, 66.699661, 1.00, 1.00, 0.00, -0.50, 67.19966, 0.00 
 
50.00, 50.50, -0.50, 66.533165, 1.00, 1.00, 0.00, -0.50, 67.03316, 0.00 
 
50.00, 50.50, -0.50, 66.366669, 1.00, 1.00, 0.00, -0.50, 66.86667, 0.00 
 
50.00, 50.50, -0.50, 66.200172, 1.00, 1.00, 0.00, -0.50, 66.70017, 0.00 
 
50.00, 50.00, 0.00, 66.700172, 1.00, 1.00, 0.00, 0.00, 66.70017, 0.00 
 
50.00, 51.00, -1.00, 65.367172, 1.00, 1.00, 0.00, -1.00, 66.36717, -0.00 
 
50.00, 51.00, -1.00, 65.034172, 1.00, 1.00, 0.00, -1.00, 66.03417, 0.00 
 
50.00, 51.00, -1.00, 64.701172, 1.00, 1.00, 0.00, -1.00, 65.70117, 0.00 
 
50.00, 51.00, -1.00, 64.368172, 1.00, 1.00, 0.00, -1.00, 65.36817, 0.00 
 
50.00, 51.00, -1.00, 64.035172, 1.00, 1.00, 0.00, -1.00, 65.03517, 0.00 
 
50.00, 51.00, -1.00, 63.702171, 1.00, 1.00, 0.00, -1.00, 64.70217, 0.00 
 
50.00, 51.00, -1.00, 63.369171, 1.00, 1.00, 0.00, -1.00, 64.36917, 0.00 
 
50.00, 51.00, -1.00, 63.036171, 1.00, 1.00, 0.00, -1.00, 64.03617, 0.00 
 
50.00, 51.00, -1.00, 62.703171, 1.00, 1.00, 0.00, -1.00, 63.70317, 0.00 
 
50.00, 51.00, -1.00, 62.370171, 1.00, 1.00, 0.00, -1.00, 63.37017, 0.00 
 
50.00, 51.00, -1.00, 62.037170, 1.00, 1.00, 0.00, -1.00, 63.03717, 0.00 
 
50.00, 51.00, -1.00, 61.704170, 1.00, 1.00, 0.00, -1.00, 62.70417, 0.00 
 
50.00, 51.00, -1.00, 61.371170, 1.00, 1.00, 0.00, -1.00, 62.37117, 0.00 
 
50.00, 51.00, -1.00, 61.038170, 1.00, 1.00, 0.00, -1.00, 62.03817, 0.00 
 
50.00, 51.00, -1.00, 60.705170, 1.00, 1.00, 0.00, -1.00, 61.70517, 0.00 
 
50.00, 51.00, -1.00, 60.372169, 1.00, 1.00, 0.00, -1.00, 61.37217, 0.00 
 
50.00, 51.00, -1.00, 60.039169, 1.00, 1.00, 0.00, -1.00, 61.03917, 0.00 
 
50.00, 51.00, -1.00, 59.706169, 1.00, 1.00, 0.00, -1.00, 60.70617, 0.00 
 
50.00, 51.00, -1.00, 59.373169, 1.00, 1.00, 0.00, -1.00, 60.37317, 0.00 
 
50.00, 51.00, -1.00, 59.040169, 1.00, 1.00, 0.00, -1.00, 60.04017, 0.00 
 
50.00, 51.00, -1.00, 58.707169, 1.00, 1.00, 0.00, -1.00, 59.70717, 0.00 
 
50.00, 51.00, -1.00, 58.374168, 1.00, 1.00, 0.00, -1.00, 59.37417, 0.00 
 
50.00, 51.00, -1.00, 58.041168, 1.00, 1.00, 0.00, -1.00, 59.04117, 0.00 
 
50.00, 51.00, -1.00, 57.708168, 1.00, 1.00, 0.00, -1.00, 58.70817, 0.00 
 
50.00, 51.00, -1.00, 57.375168, 1.00, 1.00, 0.00, -1.00, 58.37517, 0.00 
 
50.00, 51.50, -1.50, 56.375668, 1.00, 1.00, 0.00, -1.50, 57.87567, -0.00 
 
50.00, 50.00, 0.00, 57.875668, 1.00, 1.00, 0.00, 0.00, 57.87567, 0.00 
 
50.00, 51.00, -1.00, 56.542667, 1.00, 1.00, 0.00, -1.00, 57.54267, -0.00 
 
50.00, 51.50, -1.50, 55.543167, 1.00, 1.00, 0.00, -1.50, 57.04317, -0.00 
 
50.00, 50.00, 0.00, 57.043167, 1.00, 1.00, 0.00, 0.00, 57.04317, 0.00 
 
50.00, 51.00, -1.00, 55.710167, 1.00, 1.00, 0.00, -1.00, 56.71017, -0.00 
 
50.00, 51.50, -1.50, 54.710667, 1.00, 1.00, 0.00, -1.50, 56.21067, -0.00 
 
50.00, 50.00, 0.00, 56.210667, 1.00, 1.00, 0.00, 0.00, 56.21067, 0.00 
 
50.00, 51.00, -1.00, 54.877666, 1.00, 1.00, 0.00, -1.00, 55.87767, -0.00 
 
50.00, 51.50, -1.50, 53.878166, 1.00, 1.00, 0.00, -1.50, 55.37817, -0.00 
 
50.00, 50.00, 0.00, 55.378166, 1.00, 1.00, 0.00, 0.00, 55.37817, 0.00 
 
50.00, 51.50, -1.50, 53.378666, 1.00, 1.00, 0.00, -1.50, 54.87867, -0.00 
 
50.00, 50.50, -0.50, 54.212166, 1.00, 1.00, 0.00, -0.50, 54.71217, 0.00 
 
50.00, 50.00, 0.00, 54.712166, 1.00, 1.00, 0.00, 0.00, 54.71217, 0.00 
 
50.00, 51.50, -1.50, 52.712666, 1.00, 1.00, 0.00, -1.50, 54.21267, -0.00 
 
50.00, 50.50, -0.50, 53.546165, 1.00, 1.00, 0.00, -0.50, 54.04617, 0.00 
 
50.00, 50.50, -0.50, 53.379665, 1.00, 1.00, 0.00, -0.50, 53.87967, 0.00 
 
50.00, 50.50, -0.50, 53.213165, 1.00, 1.00, 0.00, -0.50, 53.71317, 0.00 
 
50.00, 50.50, -0.50, 53.046665, 1.00, 1.00, 0.00, -0.50, 53.54667, 0.00 
 
50.00, 50.50, -0.50, 52.880165, 1.00, 1.00, 0.00, -0.50, 53.38017, 0.00 
 
50.00, 50.50, -0.50, 52.713665, 1.00, 1.00, 0.00, -0.50, 53.21367, 0.00 
 
50.00, 50.50, -0.50, 52.547165, 1.00, 1.00, 0.00, -0.50, 53.04716, 0.00 
 
50.00, 50.50, -0.50, 52.380665, 1.00, 1.00, 0.00, -0.50, 52.88066, 0.00 
 
50.00, 50.50, -0.50, 52.214165, 1.00, 1.00, 0.00, -0.50, 52.71416, 0.00 
 
50.00, 50.50, -0.50, 52.047665, 1.00, 1.00, 0.00, -0.50, 52.54766, 0.00 
 
50.00, 50.50, -0.50, 51.881165, 1.00, 1.00, 0.00, -0.50, 52.38116, 0.00 
 
50.00, 50.50, -0.50, 51.714664, 1.00, 1.00, 0.00, -0.50, 52.21466, 0.00 
 
50.00, 50.50, -0.50, 51.548164, 1.00, 1.00, 0.00, -0.50, 52.04816, 0.00 
 
50.00, 50.50, -0.50, 51.381664, 1.00, 1.00, 0.00, -0.50, 51.88166, 0.00 
 
50.00, 50.50, -0.50, 51.215164, 1.00, 1.00, 0.00, -0.50, 51.71516, 0.00 
 
50.00, 50.50, -0.50, 51.048664, 1.00, 1.00, 0.00, -0.50, 51.54866, 0.00 
 
50.00, 50.50, -0.50, 50.882164, 1.00, 1.00, 0.00, -0.50, 51.38216, 0.00 
 
50.00, 50.50, -0.50, 50.715664, 1.00, 1.00, 0.00, -0.50, 51.21566, 0.00 
 
50.00, 50.50, -0.50, 50.549164, 1.00, 1.00, 0.00, -0.50, 51.04916, 0.00 
 
50.00, 50.50, -0.50, 50.382664, 1.00, 1.00, 0.00, -0.50, 50.88266, 0.00 
 
50.00, 50.50, -0.50, 50.216164, 1.00, 1.00, 0.00, -0.50, 50.71616, 0.00 
 
50.00, 50.50, -0.50, 50.049664, 1.00, 1.00, 0.00, -0.50, 50.54966, 0.00 
 
50.00, 50.50, -0.50, 49.883163, 1.00, 1.00, 0.00, -0.50, 50.38316, 0.00 
 
50.00, 50.00, 0.00, 50.383163, 1.00, 1.00, 0.00, 0.00, 50.38316, 0.00 
 
50.00, 50.00, 0.00, 50.383163, 1.00, 1.00, 0.00, 0.00, 50.38316, 0.00 
 
50.00, 50.50, -0.50, 49.716663, 1.00, 1.00, 0.00, -0.50, 50.21666, -0.00 
 
50.00, 50.50, -0.50, 49.550163, 1.00, 1.00, 0.00, -0.50, 50.05016, 0.00 
 
50.00, 50.00, 0.00, 50.050163, 1.00, 1.00, 0.00, 0.00, 50.05016, 0.00 
 
50.00, 50.00, 0.00, 50.050163, 1.00, 1.00, 0.00, 0.00, 50.05016, 0.00 
 
50.00, 50.00, 0.00, 50.050163, 1.00, 1.00, 0.00, 0.00, 50.05016, 0.00 
 
50.00, 50.00, 0.00, 50.050163, 1.00, 1.00, 0.00, 0.00, 50.05016, 0.00 
 
50.00, 50.00, 0.00, 50.050163, 1.00, 1.00, 0.00, 0.00, 50.05016, 0.00 
 
50.00, 50.00, 0.00, 50.050163, 1.00, 1.00, 0.00, 0.00, 50.05016, 0.00 
 
50.00, 50.00, 0.00, 50.050163, 1.00, 1.00, 0.00, 0.00, 50.05016, 0.00 
 
50.00, 50.00, 0.00, 50.050163, 1.00, 1.00, 0.00, 0.00, 50.05016, 0.00 
 
50.00, 50.00, 0.00, 50.050163, 1.00, 1.00, 0.00, 0.00, 50.05016, 0.00 
 
50.00, 50.00, 0.00, 50.050163, 1.00, 1.00, 0.00, 0.00, 50.05016, 0.00 
 
50.00, 50.00, 0.00, 50.050163, 1.00, 1.00, 0.00, 0.00, 50.05016, 0.00 
 
50.00, 50.00, 0.00, 50.050163, 1.00, 1.00, 0.00, 0.00, 50.05016, 0.00 
 
50.00, 50.00, 0.00, 50.050163, 1.00, 1.00, 0.00, 0.00, 50.05016, 0.00 
 
50.00, 50.00, 0.00, 50.050163, 1.00, 1.00, 0.00, 0.00, 50.05016, 0.00 
 
50.00, 50.00, 0.00, 50.050163, 1.00, 1.00, 0.00, 0.00, 50.05016, 0.00 
 
50.00, 50.00, 0.00, 50.050163, 1.00, 1.00, 0.00, 0.00, 50.05016, 0.00 
 
50.00, 50.00, 0.00, 50.050163, 1.00, 1.00, 0.00, 0.00, 50.05016, 0.00 
 
50.00, 50.00, 0.00, 50.050163, 1.00, 1.00, 0.00, 0.00, 50.05016, 0.00 
 
50.00, 50.00, 0.00, 50.050163, 1.00, 1.00, 0.00, 0.00, 50.05016, 0.00 
 
50.00, 50.00, 0.00, 50.050163, 1.00, 1.00, 0.00, 0.00, 50.05016, 0.00 
 
