30.00, 30.00, 0.00, 3.995993, 1.00, 1.00, 0.00, 0.00, 3.99599, 0.00 
 
30.00, 30.50, -0.50, 3.329493, 1.00, 1.00, 0.00, -0.50, 3.82949, -0.00 
 
30.00, 29.00, 1.00, 5.162493, 1.00, 1.00, 0.00, 1.00, 4.16249, 0.00 
 
30.00, 30.50, -0.50, 3.495993, 1.00, 1.00, 0.00, -0.50, 3.99599, -0.00 
 
30.00, 29.00, 1.00, 5.328993, 1.00, 1.00, 0.00, 1.00, 4.32899, 0.00 
 
30.00, 30.50, -0.50, 3.662493, 1.00, 1.00, 0.00, -0.50, 4.16249, -0.00 
 
30.00, 29.00, 1.00, 5.495493, 1.00, 1.00, 0.00, 1.00, 4.49549, 0.00 
 
30.00, 30.00, 0.00, 4.495493, 1.00, 1.00, 0.00, 0.00, 4.49549, -0.00 
 
30.00, 30.50, -0.50, 3.828993, 1.00, 1.00, 0.00, -0.50, 4.32899, -0.00 
 
30.00, 29.50, 0.50, 4.995493, 1.00, 1.00, 0.00, 0.50, 4.49549, 0.00 
 
30.00, 29.50, 0.50, 5.161993, 1.00, 1.00, 0.00, 0.50, 4.66199, 0.00 
 
30.00, 29.50, 0.50, 5.328493, 1.00, 1.00, 0.00, 0.50, 4.82849, 0.00 
 
50.00, 29.50, 20.50, 32.154991, 1.00, 1.00, 0.00, 20.50, 11.65499, 0.00 
 
50.00, 29.50, 20.50, 38.981491, 1.00, 1.00, 0.00, 20.50, 18.48149, 0.00 
 
50.00, 29.50, 20.50, 45.807991, 1.00, 1.00, 0.00, 20.50, 25.30799, 0.00 
 
50.00, 29.50, 20.50, 52.634491, 1.00, 1.00, 0.00, 20.50, 32.13449, 0.00 
 
50.00, 29.50, 20.50, 59.460991, 1.00, 1.00, 0.00, 20.50, 38.96099, 0.00 
 
50.00, 29.00, 21.00, 66.953995, 1.00, 1.00, 0.00, 21.00, 45.95399, 0.00 
 
50.00, 30.00, 20.00, 72.613991, 1.00, 1.00, 0.00, 20.00, 52.61399, -0.00 
 
50.00, 30.00, 20.00, 79.273987, 1.00, 1.00, 0.00, 20.00, 59.27399, 0.00 
 
50.00, 30.50, 19.50, 85.267494, 1.00, 1.00, 0.00, 19.50, 65.76749, -0.00 
 
50.00, 30.50, 19.50, 91.760994, 1.00, 1.00, 0.00, 19.50, 72.26099, 0.00 
 
50.00, 30.50, 19.50, 98.254494, 1.00, 1.00, 0.00, 19.50, 78.75449, 0.00 
 
50.00, 30.50, 19.50, 104.747993, 1.00, 1.00, 0.00, 19.50, 85.24799, 0.00 
 
50.00, 30.00, 20.00, 111.907990, 1.00, 1.00, 0.00, 20.00, 91.90799, 0.00 
 
50.00, 31.00, 19.00, 117.234993, 1.00, 1.00, 0.00, 19.00, 98.23499, -0.00 
 
50.00, 31.50, 18.50, 122.895493, 1.00, 1.00, 0.00, 18.50, 104.39549, -0.00 
 
50.00, 31.50, 18.50, 129.056000, 1.00, 1.00, 0.00, 18.50, 110.55599, 0.00 
 
50.00, 31.00, 19.00, 135.882996, 1.00, 1.00, 0.00, 19.00, 116.88300, 0.00 
 
50.00, 32.50, 17.50, 140.210495, 1.00, 1.00, 0.00, 17.50, 122.71049, -0.00 
 
50.00, 32.50, 17.50, 146.037994, 1.00, 1.00, 0.00, 17.50, 128.53799, 0.00 
 
50.00, 32.50, 17.50, 151.865494, 1.00, 1.00, 0.00, 17.50, 134.36549, 0.00 
 
50.00, 32.00, 18.00, 158.359497, 1.00, 1.00, 0.00, 18.00, 140.35950, 0.00 
 
50.00, 33.50, 16.50, 162.354004, 1.00, 1.00, 0.00, 16.50, 145.85400, -0.00 
 
50.00, 33.50, 16.50, 167.848511, 1.00, 1.00, 0.00, 16.50, 151.34851, 0.00 
 
50.00, 33.00, 17.00, 174.009506, 1.00, 1.00, 0.00, 17.00, 157.00951, 0.00 
 
50.00, 34.00, 16.00, 178.337509, 1.00, 1.00, 0.00, 16.00, 162.33751, -0.00 
 
50.00, 34.50, 15.50, 182.999008, 1.00, 1.00, 0.00, 15.50, 167.49901, -0.00 
 
50.00, 34.50, 15.50, 188.160507, 1.00, 1.00, 0.00, 15.50, 172.66051, 0.00 
 
50.00, 34.00, 16.00, 193.988510, 1.00, 1.00, 0.00, 16.00, 177.98851, 0.00 
 
50.00, 35.00, 15.00, 197.983505, 1.00, 1.00, 0.00, 15.00, 182.98351, -0.00 
 
50.00, 35.50, 14.50, 202.312012, 1.00, 1.00, 0.00, 14.50, 187.81201, -0.00 
 
50.00, 35.50, 14.50, 207.140518, 1.00, 1.00, 0.00, 14.50, 192.64052, 0.00 
 
50.00, 35.00, 15.00, 212.635513, 1.00, 1.00, 0.00, 15.00, 197.63551, 0.00 
 
50.00, 36.00, 14.00, 216.297516, 1.00, 1.00, 0.00, 14.00, 202.29752, -0.00 
 
50.00, 36.00, 14.00, 220.959518, 1.00, 1.00, 0.00, 14.00, 206.95952, 0.00 
 
50.00, 36.50, 13.50, 224.955017, 1.00, 1.00, 0.00, 13.50, 211.45502, -0.00 
 
50.00, 36.50, 13.50, 229.450516, 1.00, 1.00, 0.00, 13.50, 215.95052, 0.00 
 
50.00, 36.00, 14.00, 234.612518, 1.00, 1.00, 0.00, 14.00, 220.61252, 0.00 
 
50.00, 37.00, 13.00, 237.941513, 1.00, 1.00, 0.00, 13.00, 224.94151, -0.00 
 
50.00, 37.00, 13.00, 242.270508, 1.00, 1.00, 0.00, 13.00, 229.27051, 0.00 
 
50.00, 37.50, 12.50, 245.933014, 1.00, 1.00, 0.00, 12.50, 233.43301, -0.00 
 
50.00, 37.00, 13.00, 250.762009, 1.00, 1.00, 0.00, 13.00, 237.76201, 0.00 
 
50.00, 38.00, 12.00, 253.758011, 1.00, 1.00, 0.00, 12.00, 241.75801, -0.00 
 
50.00, 38.00, 12.00, 257.754028, 1.00, 1.00, 0.00, 12.00, 245.75401, 0.00 
 
50.00, 38.50, 11.50, 261.083496, 1.00, 1.00, 0.00, 11.50, 249.58351, -0.00 
 
50.00, 38.50, 11.50, 264.913025, 1.00, 1.00, 0.00, 11.50, 253.41301, 0.00 
 
50.00, 38.50, 11.50, 268.742523, 1.00, 1.00, 0.00, 11.50, 257.24252, 0.00 
 
50.00, 38.50, 11.50, 272.572021, 1.00, 1.00, 0.00, 11.50, 261.07202, 0.00 
 
50.00, 38.50, 11.50, 276.401520, 1.00, 1.00, 0.00, 11.50, 264.90152, 0.00 
 
50.00, 38.50, 11.50, 280.231018, 1.00, 1.00, 0.00, 11.50, 268.73102, 0.00 
 
50.00, 38.50, 11.50, 284.060516, 1.00, 1.00, 0.00, 11.50, 272.56052, 0.00 
 
50.00, 38.00, 12.00, 288.556519, 1.00, 1.00, 0.00, 12.00, 276.55652, 0.00 
 
50.00, 38.50, 11.50, 291.886017, 1.00, 1.00, 0.00, 11.50, 280.38602, -0.00 
 
50.00, 38.00, 12.00, 296.382019, 1.00, 1.00, 0.00, 12.00, 284.38202, 0.00 
 
50.00, 38.00, 12.00, 300.378021, 1.00, 1.00, 0.00, 12.00, 288.37802, 0.00 
 
50.00, 38.00, 12.00, 304.374023, 1.00, 1.00, 0.00, 12.00, 292.37402, 0.00 
 
50.00, 38.00, 12.00, 308.370026, 1.00, 1.00, 0.00, 12.00, 296.37003, 0.00 
 
50.00, 38.00, 12.00, 312.366028, 1.00, 1.00, 0.00, 12.00, 300.36603, 0.00 
 
50.00, 38.00, 12.00, 316.362030, 1.00, 1.00, 0.00, 12.00, 304.36203, 0.00 
 
50.00, 38.00, 12.00, 320.358032, 1.00, 1.00, 0.00, 12.00, 308.35803, 0.00 
 
50.00, 38.50, 11.50, 323.687531, 1.00, 1.00, 0.00, 11.50, 312.18753, -0.00 
 
50.00, 38.50, 11.50, 327.517029, 1.00, 1.00, 0.00, 11.50, 316.01703, 0.00 
 
50.00, 38.50, 11.50, 331.346527, 1.00, 1.00, 0.00, 11.50, 319.84653, 0.00 
 
50.00, 38.50, 11.50, 335.176025, 1.00, 1.00, 0.00, 11.50, 323.67603, 0.00 
 
50.00, 38.50, 11.50, 339.005524, 1.00, 1.00, 0.00, 11.50, 327.50552, 0.00 
 
50.00, 38.00, 12.00, 343.501526, 1.00, 1.00, 0.00, 12.00, 331.50153, 0.00 
 
50.00, 39.00, 11.00, 346.164520, 1.00, 1.00, 0.00, 11.00, 335.16452, -0.00 
 
50.00, 39.00, 11.00, 349.827515, 1.00, 1.00, 0.00, 11.00, 338.82751, 0.00 
 
50.00, 39.00, 11.00, 353.490509, 1.00, 1.00, 0.00, 11.00, 342.49051, 0.00 
 
50.00, 39.50, 10.50, 356.487000, 1.00, 1.00, 0.00, 10.50, 345.98700, -0.00 
 
50.00, 39.50, 10.50, 359.983490, 1.00, 1.00, 0.00, 10.50, 349.48349, 0.00 
 
50.00, 39.50, 10.50, 363.479980, 1.00, 1.00, 0.00, 10.50, 352.97998, 0.00 
 
50.00, 39.00, 11.00, 367.642975, 1.00, 1.00, 0.00, 11.00, 356.64297, 0.00 
 
50.00, 40.00, 10.00, 369.972961, 1.00, 1.00, 0.00, 10.00, 359.97296, -0.00 
 
50.00, 40.00, 10.00, 373.302948, 1.00, 1.00, 0.00, 10.00, 363.30295, 0.00 
 
50.00, 40.50, 9.50, 375.966461, 1.00, 1.00, 0.00, 9.50, 366.46646, -0.00 
 
50.00, 40.50, 9.50, 379.129974, 1.00, 1.00, 0.00, 9.50, 369.62997, 0.00 
 
50.00, 40.00, 10.00, 382.959961, 1.00, 1.00, 0.00, 10.00, 372.95996, 0.00 
 
50.00, 41.00, 9.00, 384.956970, 1.00, 1.00, 0.00, 9.00, 375.95697, -0.00 
 
50.00, 41.00, 9.00, 387.953979, 1.00, 1.00, 0.00, 9.00, 378.95398, 0.00 
 
50.00, 41.50, 8.50, 390.284485, 1.00, 1.00, 0.00, 8.50, 381.78448, -0.00 
 
50.00, 41.50, 8.50, 393.114990, 1.00, 1.00, 0.00, 8.50, 384.61499, 0.00 
 
50.00, 41.50, 8.50, 395.945496, 1.00, 1.00, 0.00, 8.50, 387.44550, 0.00 
 
50.00, 41.50, 8.50, 398.776001, 1.00, 1.00, 0.00, 8.50, 390.27600, 0.00 
 
50.00, 41.00, 9.00, 402.273010, 1.00, 1.00, 0.00, 9.00, 393.27301, 0.00 
 
50.00, 42.00, 8.00, 403.937012, 1.00, 1.00, 0.00, 8.00, 395.93701, -0.00 
 
50.00, 42.00, 8.00, 406.601013, 1.00, 1.00, 0.00, 8.00, 398.60101, 0.00 
 
50.00, 42.00, 8.00, 409.265015, 1.00, 1.00, 0.00, 8.00, 401.26501, 0.00 
 
50.00, 42.00, 8.00, 411.929016, 1.00, 1.00, 0.00, 8.00, 403.92902, 0.00 
 
50.00, 43.00, 7.00, 413.260010, 1.00, 1.00, 0.00, 7.00, 406.26001, -0.00 
 
50.00, 43.00, 7.00, 415.591003, 1.00, 1.00, 0.00, 7.00, 408.59100, 0.00 
 
50.00, 43.00, 7.00, 417.921997, 1.00, 1.00, 0.00, 7.00, 410.92200, 0.00 
 
50.00, 43.00, 7.00, 420.252991, 1.00, 1.00, 0.00, 7.00, 413.25299, 0.00 
 
50.00, 43.50, 6.50, 421.917480, 1.00, 1.00, 0.00, 6.50, 415.41748, -0.00 
 
50.00, 43.50, 6.50, 424.081970, 1.00, 1.00, 0.00, 6.50, 417.58197, 0.00 
 
50.00, 43.00, 7.00, 426.912964, 1.00, 1.00, 0.00, 7.00, 419.91296, 0.00 
 
50.00, 44.00, 6.00, 427.910950, 1.00, 1.00, 0.00, 6.00, 421.91095, -0.00 
 
50.00, 44.00, 6.00, 429.908936, 1.00, 1.00, 0.00, 6.00, 423.90894, 0.00 
 
50.00, 44.00, 6.00, 431.906921, 1.00, 1.00, 0.00, 6.00, 425.90692, 0.00 
 
50.00, 44.50, 5.50, 433.238434, 1.00, 1.00, 0.00, 5.50, 427.73843, -0.00 
 
50.00, 44.50, 5.50, 435.069946, 1.00, 1.00, 0.00, 5.50, 429.56995, 0.00 
 
50.00, 44.50, 5.50, 436.901459, 1.00, 1.00, 0.00, 5.50, 431.40146, 0.00 
 
50.00, 44.50, 5.50, 438.732971, 1.00, 1.00, 0.00, 5.50, 433.23297, 0.00 
 
50.00, 44.00, 6.00, 441.230957, 1.00, 1.00, 0.00, 6.00, 435.23096, 0.00 
 
50.00, 45.00, 5.00, 441.895966, 1.00, 1.00, 0.00, 5.00, 436.89597, -0.00 
 
50.00, 45.00, 5.00, 443.560974, 1.00, 1.00, 0.00, 5.00, 438.56097, 0.00 
 
50.00, 45.50, 4.50, 444.559479, 1.00, 1.00, 0.00, 4.50, 440.05948, -0.00 
 
50.00, 45.50, 4.50, 446.057983, 1.00, 1.00, 0.00, 4.50, 441.55798, 0.00 
 
50.00, 45.50, 4.50, 447.556488, 1.00, 1.00, 0.00, 4.50, 443.05649, 0.00 
 
50.00, 45.50, 4.50, 449.054993, 1.00, 1.00, 0.00, 4.50, 444.55499, 0.00 
 
50.00, 45.00, 5.00, 451.220001, 1.00, 1.00, 0.00, 5.00, 446.22000, 0.00 
 
50.00, 46.00, 4.00, 451.552002, 1.00, 1.00, 0.00, 4.00, 447.55200, -0.00 
 
50.00, 46.00, 4.00, 452.884003, 1.00, 1.00, 0.00, 4.00, 448.88400, 0.00 
 
50.00, 46.00, 4.00, 454.216003, 1.00, 1.00, 0.00, 4.00, 450.21600, 0.00 
 
50.00, 46.50, 3.50, 454.881500, 1.00, 1.00, 0.00, 3.50, 451.38150, -0.00 
 
50.00, 46.50, 3.50, 456.046997, 1.00, 1.00, 0.00, 3.50, 452.54700, 0.00 
 
50.00, 46.50, 3.50, 457.212494, 1.00, 1.00, 0.00, 3.50, 453.71249, 0.00 
 
50.00, 46.50, 3.50, 458.377991, 1.00, 1.00, 0.00, 3.50, 454.87799, 0.00 
 
50.00, 46.00, 4.00, 460.209991, 1.00, 1.00, 0.00, 4.00, 456.20999, 0.00 
 
50.00, 47.00, 3.00, 460.208984, 1.00, 1.00, 0.00, 3.00, 457.20898, -0.00 
 
50.00, 47.00, 3.00, 461.207977, 1.00, 1.00, 0.00, 3.00, 458.20798, 0.00 
 
50.00, 47.50, 2.50, 461.540466, 1.00, 1.00, 0.00, 2.50, 459.04047, -0.00 
 
50.00, 47.50, 2.50, 462.372955, 1.00, 1.00, 0.00, 2.50, 459.87296, 0.00 
 
50.00, 47.50, 2.50, 463.205444, 1.00, 1.00, 0.00, 2.50, 460.70544, 0.00 
 
50.00, 47.50, 2.50, 464.037933, 1.00, 1.00, 0.00, 2.50, 461.53793, 0.00 
 
50.00, 47.50, 2.50, 464.870422, 1.00, 1.00, 0.00, 2.50, 462.37042, 0.00 
 
50.00, 47.00, 3.00, 466.369415, 1.00, 1.00, 0.00, 3.00, 463.36942, 0.00 
 
50.00, 48.00, 2.00, 466.035400, 1.00, 1.00, 0.00, 2.00, 464.03540, -0.00 
 
50.00, 48.00, 2.00, 466.701385, 1.00, 1.00, 0.00, 2.00, 464.70139, 0.00 
 
50.00, 48.00, 2.00, 467.367371, 1.00, 1.00, 0.00, 2.00, 465.36737, 0.00 
 
50.00, 48.50, 1.50, 467.366882, 1.00, 1.00, 0.00, 1.50, 465.86688, -0.00 
 
50.00, 48.50, 1.50, 467.866394, 1.00, 1.00, 0.00, 1.50, 466.36639, 0.00 
 
50.00, 48.50, 1.50, 468.365906, 1.00, 1.00, 0.00, 1.50, 466.86591, 0.00 
 
50.00, 48.50, 1.50, 468.865417, 1.00, 1.00, 0.00, 1.50, 467.36542, 0.00 
 
50.00, 48.00, 2.00, 470.031403, 1.00, 1.00, 0.00, 2.00, 468.03140, 0.00 
 
50.00, 49.00, 1.00, 469.364410, 1.00, 1.00, 0.00, 1.00, 468.36441, -0.00 
 
50.00, 49.00, 1.00, 469.697418, 1.00, 1.00, 0.00, 1.00, 468.69742, 0.00 
 
50.00, 49.00, 1.00, 470.030426, 1.00, 1.00, 0.00, 1.00, 469.03043, 0.00 
 
50.00, 49.00, 1.00, 470.363434, 1.00, 1.00, 0.00, 1.00, 469.36343, 0.00 
 
50.00, 49.50, 0.50, 470.029938, 1.00, 1.00, 0.00, 0.50, 469.52994, -0.00 
 
50.00, 49.50, 0.50, 470.196442, 1.00, 1.00, 0.00, 0.50, 469.69644, 0.00 
 
50.00, 49.50, 0.50, 470.362946, 1.00, 1.00, 0.00, 0.50, 469.86295, 0.00 
 
50.00, 49.50, 0.50, 470.529449, 1.00, 1.00, 0.00, 0.50, 470.02945, 0.00 
 
50.00, 49.50, 0.50, 470.695953, 1.00, 1.00, 0.00, 0.50, 470.19595, 0.00 
 
50.00, 49.50, 0.50, 470.862457, 1.00, 1.00, 0.00, 0.50, 470.36246, 0.00 
 
50.00, 49.00, 1.00, 471.695465, 1.00, 1.00, 0.00, 1.00, 470.69547, 0.00 
 
50.00, 50.00, 0.00, 470.695465, 1.00, 1.00, 0.00, 0.00, 470.69547, -0.00 
 
50.00, 50.00, 0.00, 470.695465, 1.00, 1.00, 0.00, 0.00, 470.69547, 0.00 
 
50.00, 50.50, -0.50, 470.028961, 1.00, 1.00, 0.00, -0.50, 470.52896, -0.00 
 
50.00, 50.50, -0.50, 469.862457, 1.00, 1.00, 0.00, -0.50, 470.36246, 0.00 
 
50.00, 50.50, -0.50, 469.695953, 1.00, 1.00, 0.00, -0.50, 470.19595, 0.00 
 
50.00, 50.50, -0.50, 469.529449, 1.00, 1.00, 0.00, -0.50, 470.02945, 0.00 
 
50.00, 50.50, -0.50, 469.362946, 1.00, 1.00, 0.00, -0.50, 469.86295, 0.00 
 
50.00, 50.50, -0.50, 469.196442, 1.00, 1.00, 0.00, -0.50, 469.69644, 0.00 
 
50.00, 50.50, -0.50, 469.029938, 1.00, 1.00, 0.00, -0.50, 469.52994, 0.00 
 
50.00, 50.50, -0.50, 468.863434, 1.00, 1.00, 0.00, -0.50, 469.36343, 0.00 
 
50.00, 50.00, 0.00, 469.363434, 1.00, 1.00, 0.00, 0.00, 469.36343, 0.00 
 
50.00, 51.00, -1.00, 468.030426, 1.00, 1.00, 0.00, -1.00, 469.03043, -0.00 
 
50.00, 51.00, -1.00, 467.697418, 1.00, 1.00, 0.00, -1.00, 468.69742, 0.00 
 
50.00, 51.00, -1.00, 467.364410, 1.00, 1.00, 0.00, -1.00, 468.36441, 0.00 
 
50.00, 51.00, -1.00, 467.031403, 1.00, 1.00, 0.00, -1.00, 468.03140, 0.00 
 
50.00, 51.50, -1.50, 466.031891, 1.00, 1.00, 0.00, -1.50, 467.53189, -0.00 
 
50.00, 51.50, -1.50, 465.532379, 1.00, 1.00, 0.00, -1.50, 467.03238, 0.00 
 
50.00, 51.50, -1.50, 465.032867, 1.00, 1.00, 0.00, -1.50, 466.53287, 0.00 
 
50.00, 51.50, -1.50, 464.533356, 1.00, 1.00, 0.00, -1.50, 466.03336, 0.00 
 
50.00, 51.50, -1.50, 464.033844, 1.00, 1.00, 0.00, -1.50, 465.53384, 0.00 
 
50.00, 51.50, -1.50, 463.534332, 1.00, 1.00, 0.00, -1.50, 465.03433, 0.00 
 
50.00, 51.00, -1.00, 463.701324, 1.00, 1.00, 0.00, -1.00, 464.70132, 0.00 
 
50.00, 52.00, -2.00, 462.035339, 1.00, 1.00, 0.00, -2.00, 464.03534, -0.00 
 
50.00, 52.00, -2.00, 461.369354, 1.00, 1.00, 0.00, -2.00, 463.36935, 0.00 
 
50.00, 52.00, -2.00, 460.703369, 1.00, 1.00, 0.00, -2.00, 462.70337, 0.00 
 
50.00, 52.00, -2.00, 460.037384, 1.00, 1.00, 0.00, -2.00, 462.03738, 0.00 
 
50.00, 52.00, -2.00, 459.371399, 1.00, 1.00, 0.00, -2.00, 461.37140, 0.00 
 
50.00, 52.00, -2.00, 458.705414, 1.00, 1.00, 0.00, -2.00, 460.70541, 0.00 
 
50.00, 52.50, -2.50, 457.372925, 1.00, 1.00, 0.00, -2.50, 459.87292, -0.00 
 
50.00, 52.50, -2.50, 456.540436, 1.00, 1.00, 0.00, -2.50, 459.04044, 0.00 
 
50.00, 52.50, -2.50, 455.707947, 1.00, 1.00, 0.00, -2.50, 458.20795, 0.00 
 
50.00, 52.50, -2.50, 454.875458, 1.00, 1.00, 0.00, -2.50, 457.37546, 0.00 
 
50.00, 52.50, -2.50, 454.042969, 1.00, 1.00, 0.00, -2.50, 456.54297, 0.00 
 
50.00, 52.00, -2.00, 453.876984, 1.00, 1.00, 0.00, -2.00, 455.87698, 0.00 
 
50.00, 53.00, -3.00, 451.877991, 1.00, 1.00, 0.00, -3.00, 454.87799, -0.00 
 
50.00, 53.00, -3.00, 450.878998, 1.00, 1.00, 0.00, -3.00, 453.87900, 0.00 
 
50.00, 53.00, -3.00, 449.880005, 1.00, 1.00, 0.00, -3.00, 452.88000, 0.00 
 
50.00, 53.00, -3.00, 448.881012, 1.00, 1.00, 0.00, -3.00, 451.88101, 0.00 
 
50.00, 53.00, -3.00, 447.882019, 1.00, 1.00, 0.00, -3.00, 450.88202, 0.00 
 
50.00, 53.00, -3.00, 446.883026, 1.00, 1.00, 0.00, -3.00, 449.88303, 0.00 
 
50.00, 53.00, -3.00, 445.884033, 1.00, 1.00, 0.00, -3.00, 448.88403, 0.00 
 
50.00, 53.50, -3.50, 444.218536, 1.00, 1.00, 0.00, -3.50, 447.71854, -0.00 
 
50.00, 53.50, -3.50, 443.053040, 1.00, 1.00, 0.00, -3.50, 446.55304, 0.00 
 
50.00, 53.50, -3.50, 441.887543, 1.00, 1.00, 0.00, -3.50, 445.38754, 0.00 
 
50.00, 53.50, -3.50, 440.722046, 1.00, 1.00, 0.00, -3.50, 444.22205, 0.00 
 
50.00, 53.50, -3.50, 439.556549, 1.00, 1.00, 0.00, -3.50, 443.05655, 0.00 
 
50.00, 53.00, -3.00, 439.057556, 1.00, 1.00, 0.00, -3.00, 442.05756, 0.00 
 
50.00, 54.50, -4.50, 436.059052, 1.00, 1.00, 0.00, -4.50, 440.55905, -0.00 
 
50.00, 53.00, -3.00, 436.560059, 1.00, 1.00, 0.00, -3.00, 439.56006, 0.00 
 
50.00, 54.00, -4.00, 434.228058, 1.00, 1.00, 0.00, -4.00, 438.22806, -0.00 
 
50.00, 54.00, -4.00, 432.896057, 1.00, 1.00, 0.00, -4.00, 436.89606, 0.00 
 
50.00, 54.00, -4.00, 431.564056, 1.00, 1.00, 0.00, -4.00, 435.56406, 0.00 
 
50.00, 54.00, -4.00, 430.232056, 1.00, 1.00, 0.00, -4.00, 434.23206, 0.00 
 
50.00, 54.00, -4.00, 428.900055, 1.00, 1.00, 0.00, -4.00, 432.90005, 0.00 
 
50.00, 54.00, -4.00, 427.568054, 1.00, 1.00, 0.00, -4.00, 431.56805, 0.00 
 
50.00, 54.50, -4.50, 425.569550, 1.00, 1.00, 0.00, -4.50, 430.06955, -0.00 
 
50.00, 54.50, -4.50, 424.071045, 1.00, 1.00, 0.00, -4.50, 428.57104, 0.00 
 
50.00, 54.50, -4.50, 422.572540, 1.00, 1.00, 0.00, -4.50, 427.07254, 0.00 
 
50.00, 54.50, -4.50, 421.074036, 1.00, 1.00, 0.00, -4.50, 425.57404, 0.00 
 
50.00, 54.50, -4.50, 419.575531, 1.00, 1.00, 0.00, -4.50, 424.07553, 0.00 
 
50.00, 54.50, -4.50, 418.077026, 1.00, 1.00, 0.00, -4.50, 422.57703, 0.00 
 
50.00, 54.50, -4.50, 416.578522, 1.00, 1.00, 0.00, -4.50, 421.07852, 0.00 
 
50.00, 54.00, -4.00, 415.746521, 1.00, 1.00, 0.00, -4.00, 419.74652, 0.00 
 
50.00, 55.00, -5.00, 413.081512, 1.00, 1.00, 0.00, -5.00, 418.08151, -0.00 
 
50.00, 55.00, -5.00, 411.416504, 1.00, 1.00, 0.00, -5.00, 416.41650, 0.00 
 
50.00, 55.00, -5.00, 409.751495, 1.00, 1.00, 0.00, -5.00, 414.75150, 0.00 
 
50.00, 55.00, -5.00, 408.086487, 1.00, 1.00, 0.00, -5.00, 413.08649, 0.00 
 
50.00, 55.00, -5.00, 406.421478, 1.00, 1.00, 0.00, -5.00, 411.42148, 0.00 
 
50.00, 55.00, -5.00, 404.756470, 1.00, 1.00, 0.00, -5.00, 409.75647, 0.00 
 
50.00, 55.50, -5.50, 402.424957, 1.00, 1.00, 0.00, -5.50, 407.92496, -0.00 
 
50.00, 55.50, -5.50, 400.593445, 1.00, 1.00, 0.00, -5.50, 406.09344, 0.00 
 
50.00, 55.50, -5.50, 398.761932, 1.00, 1.00, 0.00, -5.50, 404.26193, 0.00 
 
50.00, 55.50, -5.50, 396.930420, 1.00, 1.00, 0.00, -5.50, 402.43042, 0.00 
 
50.00, 55.50, -5.50, 395.098907, 1.00, 1.00, 0.00, -5.50, 400.59891, 0.00 
 
50.00, 55.50, -5.50, 393.267395, 1.00, 1.00, 0.00, -5.50, 398.76740, 0.00 
 
50.00, 55.50, -5.50, 391.435883, 1.00, 1.00, 0.00, -5.50, 396.93588, 0.00 
 
50.00, 55.50, -5.50, 389.604370, 1.00, 1.00, 0.00, -5.50, 395.10437, 0.00 
 
50.00, 55.50, -5.50, 387.772858, 1.00, 1.00, 0.00, -5.50, 393.27286, 0.00 
 
50.00, 55.50, -5.50, 385.941345, 1.00, 1.00, 0.00, -5.50, 391.44135, 0.00 
 
50.00, 55.00, -5.00, 384.776337, 1.00, 1.00, 0.00, -5.00, 389.77634, 0.00 
 
50.00, 56.00, -6.00, 381.778351, 1.00, 1.00, 0.00, -6.00, 387.77835, -0.00 
 
50.00, 56.00, -6.00, 379.780365, 1.00, 1.00, 0.00, -6.00, 385.78036, 0.00 
 
50.00, 56.00, -6.00, 377.782379, 1.00, 1.00, 0.00, -6.00, 383.78238, 0.00 
 
50.00, 56.00, -6.00, 375.784393, 1.00, 1.00, 0.00, -6.00, 381.78439, 0.00 
 
50.00, 56.00, -6.00, 373.786407, 1.00, 1.00, 0.00, -6.00, 379.78641, 0.00 
 
50.00, 56.00, -6.00, 371.788422, 1.00, 1.00, 0.00, -6.00, 377.78842, 0.00 
 
50.00, 56.00, -6.00, 369.790436, 1.00, 1.00, 0.00, -6.00, 375.79044, 0.00 
 
50.00, 56.00, -6.00, 367.792450, 1.00, 1.00, 0.00, -6.00, 373.79245, 0.00 
 
50.00, 56.00, -6.00, 365.794464, 1.00, 1.00, 0.00, -6.00, 371.79446, 0.00 
 
50.00, 56.50, -6.50, 363.129974, 1.00, 1.00, 0.00, -6.50, 369.62997, -0.00 
 
50.00, 56.50, -6.50, 360.965485, 1.00, 1.00, 0.00, -6.50, 367.46548, 0.00 
 
50.00, 56.50, -6.50, 358.800995, 1.00, 1.00, 0.00, -6.50, 365.30099, 0.00 
 
50.00, 56.50, -6.50, 356.636505, 1.00, 1.00, 0.00, -6.50, 363.13651, 0.00 
 
50.00, 56.50, -6.50, 354.472015, 1.00, 1.00, 0.00, -6.50, 360.97202, 0.00 
 
50.00, 56.50, -6.50, 352.307526, 1.00, 1.00, 0.00, -6.50, 358.80753, 0.00 
 
50.00, 56.50, -6.50, 350.143036, 1.00, 1.00, 0.00, -6.50, 356.64304, 0.00 
 
50.00, 56.00, -6.00, 348.645050, 1.00, 1.00, 0.00, -6.00, 354.64505, 0.00 
 
50.00, 57.50, -7.50, 344.647552, 1.00, 1.00, 0.00, -7.50, 352.14755, -0.00 
 
50.00, 56.50, -6.50, 343.483063, 1.00, 1.00, 0.00, -6.50, 349.98306, 0.00 
 
50.00, 56.00, -6.00, 341.985077, 1.00, 1.00, 0.00, -6.00, 347.98508, 0.00 
 
50.00, 57.50, -7.50, 337.987579, 1.00, 1.00, 0.00, -7.50, 345.48758, -0.00 
 
50.00, 56.00, -6.00, 337.489594, 1.00, 1.00, 0.00, -6.00, 343.48959, 0.00 
 
50.00, 57.00, -7.00, 334.158600, 1.00, 1.00, 0.00, -7.00, 341.15860, -0.00 
 
50.00, 57.00, -7.00, 331.827606, 1.00, 1.00, 0.00, -7.00, 338.82761, 0.00 
 
50.00, 57.00, -7.00, 329.496613, 1.00, 1.00, 0.00, -7.00, 336.49661, 0.00 
 
50.00, 57.00, -7.00, 327.165619, 1.00, 1.00, 0.00, -7.00, 334.16562, 0.00 
 
50.00, 57.00, -7.00, 324.834625, 1.00, 1.00, 0.00, -7.00, 331.83463, 0.00 
 
50.00, 57.00, -7.00, 322.503632, 1.00, 1.00, 0.00, -7.00, 329.50363, 0.00 
 
50.00, 57.00, -7.00, 320.172638, 1.00, 1.00, 0.00, -7.00, 327.17264, 0.00 
 
50.00, 57.50, -7.50, 317.175140, 1.00, 1.00, 0.00, -7.50, 324.67514, -0.00 
 
50.00, 56.50, -6.50, 316.010651, 1.00, 1.00, 0.00, -6.50, 322.51065, 0.00 
 
50.00, 56.50, -6.50, 313.846161, 1.00, 1.00, 0.00, -6.50, 320.34616, 0.00 
 
50.00, 56.50, -6.50, 311.681671, 1.00, 1.00, 0.00, -6.50, 318.18167, 0.00 
 
50.00, 56.50, -6.50, 309.517181, 1.00, 1.00, 0.00, -6.50, 316.01718, 0.00 
 
50.00, 56.50, -6.50, 307.352692, 1.00, 1.00, 0.00, -6.50, 313.85269, 0.00 
 
50.00, 56.50, -6.50, 305.188202, 1.00, 1.00, 0.00, -6.50, 311.68820, 0.00 
 
50.00, 56.00, -6.00, 303.690216, 1.00, 1.00, 0.00, -6.00, 309.69022, 0.00 
 
50.00, 56.00, -6.00, 301.692230, 1.00, 1.00, 0.00, -6.00, 307.69223, 0.00 
 
50.00, 56.00, -6.00, 299.694244, 1.00, 1.00, 0.00, -6.00, 305.69424, 0.00 
 
50.00, 56.00, -6.00, 297.696259, 1.00, 1.00, 0.00, -6.00, 303.69626, 0.00 
 
50.00, 56.00, -6.00, 295.698273, 1.00, 1.00, 0.00, -6.00, 301.69827, 0.00 
 
50.00, 56.50, -6.50, 293.033783, 1.00, 1.00, 0.00, -6.50, 299.53378, -0.00 
 
50.00, 55.50, -5.50, 292.202271, 1.00, 1.00, 0.00, -5.50, 297.70227, 0.00 
 
50.00, 55.50, -5.50, 290.370758, 1.00, 1.00, 0.00, -5.50, 295.87076, 0.00 
 
50.00, 55.50, -5.50, 288.539246, 1.00, 1.00, 0.00, -5.50, 294.03925, 0.00 
 
50.00, 55.00, -5.00, 287.374237, 1.00, 1.00, 0.00, -5.00, 292.37424, 0.00 
 
50.00, 55.00, -5.00, 285.709229, 1.00, 1.00, 0.00, -5.00, 290.70923, 0.00 
 
50.00, 55.00, -5.00, 284.044220, 1.00, 1.00, 0.00, -5.00, 289.04422, 0.00 
 
50.00, 55.00, -5.00, 282.379211, 1.00, 1.00, 0.00, -5.00, 287.37921, 0.00 
 
50.00, 55.50, -5.50, 280.047699, 1.00, 1.00, 0.00, -5.50, 285.54770, -0.00 
 
50.00, 54.50, -4.50, 279.549194, 1.00, 1.00, 0.00, -4.50, 284.04919, 0.00 
 
50.00, 54.50, -4.50, 278.050690, 1.00, 1.00, 0.00, -4.50, 282.55069, 0.00 
 
50.00, 54.00, -4.00, 277.218689, 1.00, 1.00, 0.00, -4.00, 281.21869, 0.00 
 
50.00, 54.00, -4.00, 275.886688, 1.00, 1.00, 0.00, -4.00, 279.88669, 0.00 
 
50.00, 54.00, -4.00, 274.554688, 1.00, 1.00, 0.00, -4.00, 278.55469, 0.00 
 
50.00, 54.00, -4.00, 273.222687, 1.00, 1.00, 0.00, -4.00, 277.22269, 0.00 
 
50.00, 54.50, -4.50, 271.224182, 1.00, 1.00, 0.00, -4.50, 275.72418, -0.00 
 
50.00, 53.00, -3.00, 271.725189, 1.00, 1.00, 0.00, -3.00, 274.72519, 0.00 
 
50.00, 53.50, -3.50, 270.059692, 1.00, 1.00, 0.00, -3.50, 273.55969, -0.00 
 
50.00, 53.00, -3.00, 269.560699, 1.00, 1.00, 0.00, -3.00, 272.56070, 0.00 
 
50.00, 53.00, -3.00, 268.561707, 1.00, 1.00, 0.00, -3.00, 271.56171, 0.00 
 
50.00, 53.00, -3.00, 267.562714, 1.00, 1.00, 0.00, -3.00, 270.56271, 0.00 
 
50.00, 53.50, -3.50, 265.897217, 1.00, 1.00, 0.00, -3.50, 269.39722, -0.00 
 
50.00, 52.50, -2.50, 266.064728, 1.00, 1.00, 0.00, -2.50, 268.56473, 0.00 
 
50.00, 52.50, -2.50, 265.232239, 1.00, 1.00, 0.00, -2.50, 267.73224, 0.00 
 
50.00, 52.00, -2.00, 265.066254, 1.00, 1.00, 0.00, -2.00, 267.06625, 0.00 
 
50.00, 52.00, -2.00, 264.400269, 1.00, 1.00, 0.00, -2.00, 266.40027, 0.00 
 
50.00, 52.50, -2.50, 263.067780, 1.00, 1.00, 0.00, -2.50, 265.56778, -0.00 
 
50.00, 51.50, -1.50, 263.568268, 1.00, 1.00, 0.00, -1.50, 265.06827, 0.00 
 
50.00, 51.50, -1.50, 263.068756, 1.00, 1.00, 0.00, -1.50, 264.56876, 0.00 
 
50.00, 51.00, -1.00, 263.235748, 1.00, 1.00, 0.00, -1.00, 264.23575, 0.00 
 
50.00, 51.00, -1.00, 262.902740, 1.00, 1.00, 0.00, -1.00, 263.90274, 0.00 
 
50.00, 51.00, -1.00, 262.569733, 1.00, 1.00, 0.00, -1.00, 263.56973, 0.00 
 
50.00, 51.50, -1.50, 261.570221, 1.00, 1.00, 0.00, -1.50, 263.07022, -0.00 
 
50.00, 50.50, -0.50, 262.403717, 1.00, 1.00, 0.00, -0.50, 262.90372, 0.00 
 
50.00, 50.50, -0.50, 262.237213, 1.00, 1.00, 0.00, -0.50, 262.73721, 0.00 
 
50.00, 50.50, -0.50, 262.070709, 1.00, 1.00, 0.00, -0.50, 262.57071, 0.00 
 
50.00, 50.00, 0.00, 262.570709, 1.00, 1.00, 0.00, 0.00, 262.57071, 0.00 
 
50.00, 50.00, 0.00, 262.570709, 1.00, 1.00, 0.00, 0.00, 262.57071, 0.00 
 
50.00, 50.00, 0.00, 262.570709, 1.00, 1.00, 0.00, 0.00, 262.57071, 0.00 
 
50.00, 50.50, -0.50, 261.904205, 1.00, 1.00, 0.00, -0.50, 262.40421, -0.00 
 
50.00, 49.50, 0.50, 263.070709, 1.00, 1.00, 0.00, 0.50, 262.57071, 0.00 
 
50.00, 49.50, 0.50, 263.237213, 1.00, 1.00, 0.00, 0.50, 262.73721, 0.00 
 
50.00, 49.00, 1.00, 264.070221, 1.00, 1.00, 0.00, 1.00, 263.07022, 0.00 
 
50.00, 49.00, 1.00, 264.403229, 1.00, 1.00, 0.00, 1.00, 263.40323, 0.00 
 
50.00, 49.00, 1.00, 264.736237, 1.00, 1.00, 0.00, 1.00, 263.73624, 0.00 
 
50.00, 49.50, 0.50, 264.402740, 1.00, 1.00, 0.00, 0.50, 263.90274, -0.00 
 
50.00, 48.50, 1.50, 265.902252, 1.00, 1.00, 0.00, 1.50, 264.40225, 0.00 
 
50.00, 48.50, 1.50, 266.401764, 1.00, 1.00, 0.00, 1.50, 264.90176, 0.00 
 
50.00, 48.50, 1.50, 266.901276, 1.00, 1.00, 0.00, 1.50, 265.40128, 0.00 
 
50.00, 48.00, 2.00, 268.067261, 1.00, 1.00, 0.00, 2.00, 266.06726, 0.00 
 
50.00, 48.00, 2.00, 268.733246, 1.00, 1.00, 0.00, 2.00, 266.73325, 0.00 
 
50.00, 48.00, 2.00, 269.399231, 1.00, 1.00, 0.00, 2.00, 267.39923, 0.00 
 
50.00, 48.00, 2.00, 270.065216, 1.00, 1.00, 0.00, 2.00, 268.06522, 0.00 
 
50.00, 48.50, 1.50, 270.064728, 1.00, 1.00, 0.00, 1.50, 268.56473, -0.00 
 
50.00, 47.50, 2.50, 271.897217, 1.00, 1.00, 0.00, 2.50, 269.39722, 0.00 
 
50.00, 47.50, 2.50, 272.729706, 1.00, 1.00, 0.00, 2.50, 270.22971, 0.00 
 
50.00, 47.50, 2.50, 273.562195, 1.00, 1.00, 0.00, 2.50, 271.06219, 0.00 
 
50.00, 47.50, 2.50, 274.394684, 1.00, 1.00, 0.00, 2.50, 271.89468, 0.00 
 
50.00, 47.00, 3.00, 275.893677, 1.00, 1.00, 0.00, 3.00, 272.89368, 0.00 
 
50.00, 47.00, 3.00, 276.892670, 1.00, 1.00, 0.00, 3.00, 273.89267, 0.00 
 
50.00, 47.00, 3.00, 277.891663, 1.00, 1.00, 0.00, 3.00, 274.89166, 0.00 
 
50.00, 47.00, 3.00, 278.890656, 1.00, 1.00, 0.00, 3.00, 275.89066, 0.00 
 
50.00, 47.00, 3.00, 279.889648, 1.00, 1.00, 0.00, 3.00, 276.88965, 0.00 
 
50.00, 47.50, 2.50, 280.222137, 1.00, 1.00, 0.00, 2.50, 277.72214, -0.00 
 
50.00, 46.50, 3.50, 282.387634, 1.00, 1.00, 0.00, 3.50, 278.88763, 0.00 
 
50.00, 46.50, 3.50, 283.553131, 1.00, 1.00, 0.00, 3.50, 280.05313, 0.00 
 
50.00, 46.50, 3.50, 284.718628, 1.00, 1.00, 0.00, 3.50, 281.21863, 0.00 
 
50.00, 46.50, 3.50, 285.884125, 1.00, 1.00, 0.00, 3.50, 282.38412, 0.00 
 
50.00, 46.50, 3.50, 287.049622, 1.00, 1.00, 0.00, 3.50, 283.54962, 0.00 
 
50.00, 46.50, 3.50, 288.215118, 1.00, 1.00, 0.00, 3.50, 284.71512, 0.00 
 
50.00, 46.50, 3.50, 289.380615, 1.00, 1.00, 0.00, 3.50, 285.88062, 0.00 
 
50.00, 46.50, 3.50, 290.546112, 1.00, 1.00, 0.00, 3.50, 287.04611, 0.00 
 
50.00, 46.50, 3.50, 291.711609, 1.00, 1.00, 0.00, 3.50, 288.21161, 0.00 
 
50.00, 46.00, 4.00, 293.543610, 1.00, 1.00, 0.00, 4.00, 289.54361, 0.00 
 
50.00, 46.00, 4.00, 294.875610, 1.00, 1.00, 0.00, 4.00, 290.87561, 0.00 
 
50.00, 46.00, 4.00, 296.207611, 1.00, 1.00, 0.00, 4.00, 292.20761, 0.00 
 
50.00, 46.00, 4.00, 297.539612, 1.00, 1.00, 0.00, 4.00, 293.53961, 0.00 
 
50.00, 46.00, 4.00, 298.871613, 1.00, 1.00, 0.00, 4.00, 294.87161, 0.00 
 
50.00, 46.00, 4.00, 300.203613, 1.00, 1.00, 0.00, 4.00, 296.20361, 0.00 
 
50.00, 46.00, 4.00, 301.535614, 1.00, 1.00, 0.00, 4.00, 297.53561, 0.00 
 
50.00, 46.00, 4.00, 302.867615, 1.00, 1.00, 0.00, 4.00, 298.86761, 0.00 
 
50.00, 46.00, 4.00, 304.199615, 1.00, 1.00, 0.00, 4.00, 300.19962, 0.00 
 
50.00, 46.00, 4.00, 305.531616, 1.00, 1.00, 0.00, 4.00, 301.53162, 0.00 
 
50.00, 46.00, 4.00, 306.863617, 1.00, 1.00, 0.00, 4.00, 302.86362, 0.00 
 
50.00, 46.00, 4.00, 308.195618, 1.00, 1.00, 0.00, 4.00, 304.19562, 0.00 
 
50.00, 46.00, 4.00, 309.527618, 1.00, 1.00, 0.00, 4.00, 305.52762, 0.00 
 
50.00, 46.00, 4.00, 310.859619, 1.00, 1.00, 0.00, 4.00, 306.85962, 0.00 
 
50.00, 46.00, 4.00, 312.191620, 1.00, 1.00, 0.00, 4.00, 308.19162, 0.00 
 
50.00, 46.00, 4.00, 313.523621, 1.00, 1.00, 0.00, 4.00, 309.52362, 0.00 
 
50.00, 46.00, 4.00, 314.855621, 1.00, 1.00, 0.00, 4.00, 310.85562, 0.00 
 
50.00, 46.00, 4.00, 316.187622, 1.00, 1.00, 0.00, 4.00, 312.18762, 0.00 
 
50.00, 46.00, 4.00, 317.519623, 1.00, 1.00, 0.00, 4.00, 313.51962, 0.00 
 
50.00, 46.00, 4.00, 318.851624, 1.00, 1.00, 0.00, 4.00, 314.85162, 0.00 
 
50.00, 46.00, 4.00, 320.183624, 1.00, 1.00, 0.00, 4.00, 316.18362, 0.00 
 
50.00, 46.50, 3.50, 320.849121, 1.00, 1.00, 0.00, 3.50, 317.34912, -0.00 
 
50.00, 46.50, 3.50, 322.014618, 1.00, 1.00, 0.00, 3.50, 318.51462, 0.00 
 
50.00, 46.50, 3.50, 323.180115, 1.00, 1.00, 0.00, 3.50, 319.68011, 0.00 
 
50.00, 46.50, 3.50, 324.345612, 1.00, 1.00, 0.00, 3.50, 320.84561, 0.00 
 
50.00, 46.50, 3.50, 325.511108, 1.00, 1.00, 0.00, 3.50, 322.01111, 0.00 
 
50.00, 46.50, 3.50, 326.676605, 1.00, 1.00, 0.00, 3.50, 323.17661, 0.00 
 
50.00, 46.50, 3.50, 327.842102, 1.00, 1.00, 0.00, 3.50, 324.34210, 0.00 
 
50.00, 46.50, 3.50, 329.007599, 1.00, 1.00, 0.00, 3.50, 325.50760, 0.00 
 
50.00, 46.00, 4.00, 330.839600, 1.00, 1.00, 0.00, 4.00, 326.83960, 0.00 
 
50.00, 47.50, 2.50, 330.172089, 1.00, 1.00, 0.00, 2.50, 327.67209, -0.00 
 
50.00, 46.00, 4.00, 333.004089, 1.00, 1.00, 0.00, 4.00, 329.00409, 0.00 
 
50.00, 47.00, 3.00, 333.003082, 1.00, 1.00, 0.00, 3.00, 330.00308, -0.00 
 
50.00, 47.00, 3.00, 334.002075, 1.00, 1.00, 0.00, 3.00, 331.00208, 0.00 
 
50.00, 47.00, 3.00, 335.001068, 1.00, 1.00, 0.00, 3.00, 332.00107, 0.00 
 
50.00, 47.00, 3.00, 336.000061, 1.00, 1.00, 0.00, 3.00, 333.00006, 0.00 
 
50.00, 47.50, 2.50, 336.332550, 1.00, 1.00, 0.00, 2.50, 333.83255, -0.00 
 
50.00, 47.50, 2.50, 337.165039, 1.00, 1.00, 0.00, 2.50, 334.66504, 0.00 
 
50.00, 47.50, 2.50, 337.997528, 1.00, 1.00, 0.00, 2.50, 335.49753, 0.00 
 
50.00, 47.50, 2.50, 338.830017, 1.00, 1.00, 0.00, 2.50, 336.33002, 0.00 
 
50.00, 47.00, 3.00, 340.329010, 1.00, 1.00, 0.00, 3.00, 337.32901, 0.00 
 
50.00, 48.00, 2.00, 339.994995, 1.00, 1.00, 0.00, 2.00, 337.99500, -0.00 
 
50.00, 48.00, 2.00, 340.660980, 1.00, 1.00, 0.00, 2.00, 338.66098, 0.00 
 
50.00, 48.00, 2.00, 341.326965, 1.00, 1.00, 0.00, 2.00, 339.32697, 0.00 
 
50.00, 48.00, 2.00, 341.992950, 1.00, 1.00, 0.00, 2.00, 339.99295, 0.00 
 
50.00, 48.00, 2.00, 342.658936, 1.00, 1.00, 0.00, 2.00, 340.65894, 0.00 
 
50.00, 48.50, 1.50, 342.658447, 1.00, 1.00, 0.00, 1.50, 341.15845, -0.00 
 
50.00, 48.50, 1.50, 343.157959, 1.00, 1.00, 0.00, 1.50, 341.65796, 0.00 
 
50.00, 48.50, 1.50, 343.657471, 1.00, 1.00, 0.00, 1.50, 342.15747, 0.00 
 
50.00, 48.50, 1.50, 344.156982, 1.00, 1.00, 0.00, 1.50, 342.65698, 0.00 
 
50.00, 48.50, 1.50, 344.656494, 1.00, 1.00, 0.00, 1.50, 343.15649, 0.00 
 
50.00, 48.00, 2.00, 345.822479, 1.00, 1.00, 0.00, 2.00, 343.82248, 0.00 
 
50.00, 49.00, 1.00, 345.155487, 1.00, 1.00, 0.00, 1.00, 344.15549, -0.00 
 
50.00, 49.00, 1.00, 345.488495, 1.00, 1.00, 0.00, 1.00, 344.48849, 0.00 
 
50.00, 49.50, 0.50, 345.154999, 1.00, 1.00, 0.00, 0.50, 344.65500, -0.00 
 
50.00, 49.50, 0.50, 345.321503, 1.00, 1.00, 0.00, 0.50, 344.82150, 0.00 
 
50.00, 49.50, 0.50, 345.488007, 1.00, 1.00, 0.00, 0.50, 344.98801, 0.00 
 
50.00, 49.50, 0.50, 345.654510, 1.00, 1.00, 0.00, 0.50, 345.15451, 0.00 
 
50.00, 49.50, 0.50, 345.821014, 1.00, 1.00, 0.00, 0.50, 345.32101, 0.00 
 
50.00, 49.50, 0.50, 345.987518, 1.00, 1.00, 0.00, 0.50, 345.48752, 0.00 
 
50.00, 49.50, 0.50, 346.154022, 1.00, 1.00, 0.00, 0.50, 345.65402, 0.00 
 
50.00, 49.00, 1.00, 346.987030, 1.00, 1.00, 0.00, 1.00, 345.98703, 0.00 
 
50.00, 50.00, 0.00, 345.987030, 1.00, 1.00, 0.00, 0.00, 345.98703, -0.00 
 
50.00, 50.00, 0.00, 345.987030, 1.00, 1.00, 0.00, 0.00, 345.98703, 0.00 
 
50.00, 50.00, 0.00, 345.987030, 1.00, 1.00, 0.00, 0.00, 345.98703, 0.00 
 
50.00, 50.00, 0.00, 345.987030, 1.00, 1.00, 0.00, 0.00, 345.98703, 0.00 
 
50.00, 50.50, -0.50, 345.320526, 1.00, 1.00, 0.00, -0.50, 345.82053, -0.00 
 
50.00, 50.50, -0.50, 345.154022, 1.00, 1.00, 0.00, -0.50, 345.65402, 0.00 
 
50.00, 50.50, -0.50, 344.987518, 1.00, 1.00, 0.00, -0.50, 345.48752, 0.00 
 
50.00, 50.50, -0.50, 344.821014, 1.00, 1.00, 0.00, -0.50, 345.32101, 0.00 
 
50.00, 50.50, -0.50, 344.654510, 1.00, 1.00, 0.00, -0.50, 345.15451, 0.00 
 
50.00, 50.50, -0.50, 344.488007, 1.00, 1.00, 0.00, -0.50, 344.98801, 0.00 
 
50.00, 50.50, -0.50, 344.321503, 1.00, 1.00, 0.00, -0.50, 344.82150, 0.00 
 
50.00, 50.00, 0.00, 344.821503, 1.00, 1.00, 0.00, 0.00, 344.82150, 0.00 
 
50.00, 51.00, -1.00, 343.488495, 1.00, 1.00, 0.00, -1.00, 344.48849, -0.00 
 
50.00, 51.00, -1.00, 343.155487, 1.00, 1.00, 0.00, -1.00, 344.15549, 0.00 
 
50.00, 51.00, -1.00, 342.822479, 1.00, 1.00, 0.00, -1.00, 343.82248, 0.00 
 
50.00, 51.50, -1.50, 341.822968, 1.00, 1.00, 0.00, -1.50, 343.32297, -0.00 
 
50.00, 51.50, -1.50, 341.323456, 1.00, 1.00, 0.00, -1.50, 342.82346, 0.00 
 
50.00, 51.50, -1.50, 340.823944, 1.00, 1.00, 0.00, -1.50, 342.32394, 0.00 
 
50.00, 51.50, -1.50, 340.324432, 1.00, 1.00, 0.00, -1.50, 341.82443, 0.00 
 
50.00, 51.50, -1.50, 339.824921, 1.00, 1.00, 0.00, -1.50, 341.32492, 0.00 
 
50.00, 51.50, -1.50, 339.325409, 1.00, 1.00, 0.00, -1.50, 340.82541, 0.00 
 
50.00, 51.50, -1.50, 338.825897, 1.00, 1.00, 0.00, -1.50, 340.32590, 0.00 
 
50.00, 51.00, -1.00, 338.992889, 1.00, 1.00, 0.00, -1.00, 339.99289, 0.00 
 
50.00, 52.00, -2.00, 337.326904, 1.00, 1.00, 0.00, -2.00, 339.32690, -0.00 
 
50.00, 52.00, -2.00, 336.660919, 1.00, 1.00, 0.00, -2.00, 338.66092, 0.00 
 
50.00, 52.00, -2.00, 335.994934, 1.00, 1.00, 0.00, -2.00, 337.99493, 0.00 
 
50.00, 52.00, -2.00, 335.328949, 1.00, 1.00, 0.00, -2.00, 337.32895, 0.00 
 
50.00, 52.00, -2.00, 334.662964, 1.00, 1.00, 0.00, -2.00, 336.66296, 0.00 
 
50.00, 52.00, -2.00, 333.996979, 1.00, 1.00, 0.00, -2.00, 335.99698, 0.00 
 
50.00, 52.00, -2.00, 333.330994, 1.00, 1.00, 0.00, -2.00, 335.33099, 0.00 
 
50.00, 52.00, -2.00, 332.665009, 1.00, 1.00, 0.00, -2.00, 334.66501, 0.00 
 
50.00, 52.00, -2.00, 331.999023, 1.00, 1.00, 0.00, -2.00, 333.99902, 0.00 
 
50.00, 52.50, -2.50, 330.666534, 1.00, 1.00, 0.00, -2.50, 333.16653, -0.00 
 
50.00, 52.50, -2.50, 329.834045, 1.00, 1.00, 0.00, -2.50, 332.33405, 0.00 
 
50.00, 52.50, -2.50, 329.001556, 1.00, 1.00, 0.00, -2.50, 331.50156, 0.00 
 
50.00, 52.50, -2.50, 328.169067, 1.00, 1.00, 0.00, -2.50, 330.66907, 0.00 
 
50.00, 52.50, -2.50, 327.336578, 1.00, 1.00, 0.00, -2.50, 329.83658, 0.00 
 
50.00, 52.50, -2.50, 326.504089, 1.00, 1.00, 0.00, -2.50, 329.00409, 0.00 
 
50.00, 52.50, -2.50, 325.671600, 1.00, 1.00, 0.00, -2.50, 328.17160, 0.00 
 
50.00, 52.50, -2.50, 324.839111, 1.00, 1.00, 0.00, -2.50, 327.33911, 0.00 
 
50.00, 52.50, -2.50, 324.006622, 1.00, 1.00, 0.00, -2.50, 326.50662, 0.00 
 
50.00, 52.50, -2.50, 323.174133, 1.00, 1.00, 0.00, -2.50, 325.67413, 0.00 
 
50.00, 52.50, -2.50, 322.341644, 1.00, 1.00, 0.00, -2.50, 324.84164, 0.00 
 
50.00, 52.50, -2.50, 321.509155, 1.00, 1.00, 0.00, -2.50, 324.00916, 0.00 
 
50.00, 52.50, -2.50, 320.676666, 1.00, 1.00, 0.00, -2.50, 323.17667, 0.00 
 
50.00, 52.50, -2.50, 319.844177, 1.00, 1.00, 0.00, -2.50, 322.34418, 0.00 
 
50.00, 52.50, -2.50, 319.011688, 1.00, 1.00, 0.00, -2.50, 321.51169, 0.00 
 
50.00, 52.50, -2.50, 318.179199, 1.00, 1.00, 0.00, -2.50, 320.67920, 0.00 
 
50.00, 52.50, -2.50, 317.346710, 1.00, 1.00, 0.00, -2.50, 319.84671, 0.00 
 
50.00, 52.50, -2.50, 316.514221, 1.00, 1.00, 0.00, -2.50, 319.01422, 0.00 
 
50.00, 52.50, -2.50, 315.681732, 1.00, 1.00, 0.00, -2.50, 318.18173, 0.00 
 
50.00, 52.50, -2.50, 314.849243, 1.00, 1.00, 0.00, -2.50, 317.34924, 0.00 
 
50.00, 52.50, -2.50, 314.016754, 1.00, 1.00, 0.00, -2.50, 316.51675, 0.00 
 
50.00, 52.50, -2.50, 313.184265, 1.00, 1.00, 0.00, -2.50, 315.68427, 0.00 
 
50.00, 52.50, -2.50, 312.351776, 1.00, 1.00, 0.00, -2.50, 314.85178, 0.00 
 
50.00, 52.50, -2.50, 311.519287, 1.00, 1.00, 0.00, -2.50, 314.01929, 0.00 
 
50.00, 52.50, -2.50, 310.686798, 1.00, 1.00, 0.00, -2.50, 313.18680, 0.00 
 
50.00, 52.50, -2.50, 309.854309, 1.00, 1.00, 0.00, -2.50, 312.35431, 0.00 
 
50.00, 52.50, -2.50, 309.021820, 1.00, 1.00, 0.00, -2.50, 311.52182, 0.00 
 
50.00, 52.50, -2.50, 308.189331, 1.00, 1.00, 0.00, -2.50, 310.68933, 0.00 
 
50.00, 52.50, -2.50, 307.356842, 1.00, 1.00, 0.00, -2.50, 309.85684, 0.00 
 
50.00, 52.50, -2.50, 306.524353, 1.00, 1.00, 0.00, -2.50, 309.02435, 0.00 
 
50.00, 52.00, -2.00, 306.358368, 1.00, 1.00, 0.00, -2.00, 308.35837, 0.00 
 
50.00, 52.00, -2.00, 305.692383, 1.00, 1.00, 0.00, -2.00, 307.69238, 0.00 
 
50.00, 52.00, -2.00, 305.026398, 1.00, 1.00, 0.00, -2.00, 307.02640, 0.00 
 
50.00, 52.00, -2.00, 304.360413, 1.00, 1.00, 0.00, -2.00, 306.36041, 0.00 
 
50.00, 52.00, -2.00, 303.694427, 1.00, 1.00, 0.00, -2.00, 305.69443, 0.00 
 
50.00, 52.00, -2.00, 303.028442, 1.00, 1.00, 0.00, -2.00, 305.02844, 0.00 
 
50.00, 52.00, -2.00, 302.362457, 1.00, 1.00, 0.00, -2.00, 304.36246, 0.00 
 
50.00, 52.00, -2.00, 301.696472, 1.00, 1.00, 0.00, -2.00, 303.69647, 0.00 
 
50.00, 52.00, -2.00, 301.030487, 1.00, 1.00, 0.00, -2.00, 303.03049, 0.00 
 
50.00, 52.00, -2.00, 300.364502, 1.00, 1.00, 0.00, -2.00, 302.36450, 0.00 
 
50.00, 52.00, -2.00, 299.698517, 1.00, 1.00, 0.00, -2.00, 301.69852, 0.00 
 
50.00, 52.00, -2.00, 299.032532, 1.00, 1.00, 0.00, -2.00, 301.03253, 0.00 
 
50.00, 52.50, -2.50, 297.700043, 1.00, 1.00, 0.00, -2.50, 300.20004, -0.00 
 
50.00, 51.50, -1.50, 298.200531, 1.00, 1.00, 0.00, -1.50, 299.70053, 0.00 
 
50.00, 51.50, -1.50, 297.701019, 1.00, 1.00, 0.00, -1.50, 299.20102, 0.00 
 
50.00, 51.50, -1.50, 297.201508, 1.00, 1.00, 0.00, -1.50, 298.70151, 0.00 
 
50.00, 51.50, -1.50, 296.701996, 1.00, 1.00, 0.00, -1.50, 298.20200, 0.00 
 
50.00, 51.50, -1.50, 296.202484, 1.00, 1.00, 0.00, -1.50, 297.70248, 0.00 
 
50.00, 51.50, -1.50, 295.702972, 1.00, 1.00, 0.00, -1.50, 297.20297, 0.00 
 
50.00, 51.50, -1.50, 295.203461, 1.00, 1.00, 0.00, -1.50, 296.70346, 0.00 
 
50.00, 51.50, -1.50, 294.703949, 1.00, 1.00, 0.00, -1.50, 296.20395, 0.00 
 
50.00, 51.00, -1.00, 294.870941, 1.00, 1.00, 0.00, -1.00, 295.87094, 0.00 
 
50.00, 51.00, -1.00, 294.537933, 1.00, 1.00, 0.00, -1.00, 295.53793, 0.00 
 
50.00, 51.00, -1.00, 294.204926, 1.00, 1.00, 0.00, -1.00, 295.20493, 0.00 
 
50.00, 51.00, -1.00, 293.871918, 1.00, 1.00, 0.00, -1.00, 294.87192, 0.00 
 
50.00, 51.00, -1.00, 293.538910, 1.00, 1.00, 0.00, -1.00, 294.53891, 0.00 
 
50.00, 51.00, -1.00, 293.205902, 1.00, 1.00, 0.00, -1.00, 294.20590, 0.00 
 
50.00, 51.00, -1.00, 292.872894, 1.00, 1.00, 0.00, -1.00, 293.87289, 0.00 
 
50.00, 51.50, -1.50, 291.873383, 1.00, 1.00, 0.00, -1.50, 293.37338, -0.00 
 
50.00, 50.50, -0.50, 292.706879, 1.00, 1.00, 0.00, -0.50, 293.20688, 0.00 
 
50.00, 50.50, -0.50, 292.540375, 1.00, 1.00, 0.00, -0.50, 293.04037, 0.00 
 
50.00, 50.50, -0.50, 292.373871, 1.00, 1.00, 0.00, -0.50, 292.87387, 0.00 
 
50.00, 50.50, -0.50, 292.207367, 1.00, 1.00, 0.00, -0.50, 292.70737, 0.00 
 
50.00, 50.50, -0.50, 292.040863, 1.00, 1.00, 0.00, -0.50, 292.54086, 0.00 
 
50.00, 50.50, -0.50, 291.874359, 1.00, 1.00, 0.00, -0.50, 292.37436, 0.00 
 
50.00, 50.50, -0.50, 291.707855, 1.00, 1.00, 0.00, -0.50, 292.20786, 0.00 
 
50.00, 50.50, -0.50, 291.541351, 1.00, 1.00, 0.00, -0.50, 292.04135, 0.00 
 
50.00, 50.50, -0.50, 291.374847, 1.00, 1.00, 0.00, -0.50, 291.87485, 0.00 
 
50.00, 50.50, -0.50, 291.208344, 1.00, 1.00, 0.00, -0.50, 291.70834, 0.00 
 
50.00, 50.00, 0.00, 291.708344, 1.00, 1.00, 0.00, 0.00, 291.70834, 0.00 
 
50.00, 50.00, 0.00, 291.708344, 1.00, 1.00, 0.00, 0.00, 291.70834, 0.00 
 
50.00, 50.00, 0.00, 291.708344, 1.00, 1.00, 0.00, 0.00, 291.70834, 0.00 
 
50.00, 50.00, 0.00, 291.708344, 1.00, 1.00, 0.00, 0.00, 291.70834, 0.00 
 
50.00, 50.00, 0.00, 291.708344, 1.00, 1.00, 0.00, 0.00, 291.70834, 0.00 
 
50.00, 50.50, -0.50, 291.041840, 1.00, 1.00, 0.00, -0.50, 291.54184, -0.00 
 
50.00, 49.50, 0.50, 292.208344, 1.00, 1.00, 0.00, 0.50, 291.70834, 0.00 
 
50.00, 49.50, 0.50, 292.374847, 1.00, 1.00, 0.00, 0.50, 291.87485, 0.00 
 
50.00, 49.50, 0.50, 292.541351, 1.00, 1.00, 0.00, 0.50, 292.04135, 0.00 
 
50.00, 49.50, 0.50, 292.707855, 1.00, 1.00, 0.00, 0.50, 292.20786, 0.00 
 
50.00, 49.50, 0.50, 292.874359, 1.00, 1.00, 0.00, 0.50, 292.37436, 0.00 
 
50.00, 49.50, 0.50, 293.040863, 1.00, 1.00, 0.00, 0.50, 292.54086, 0.00 
 
50.00, 49.50, 0.50, 293.207367, 1.00, 1.00, 0.00, 0.50, 292.70737, 0.00 
 
50.00, 49.50, 0.50, 293.373871, 1.00, 1.00, 0.00, 0.50, 292.87387, 0.00 
 
50.00, 49.50, 0.50, 293.540375, 1.00, 1.00, 0.00, 0.50, 293.04037, 0.00 
 
50.00, 49.50, 0.50, 293.706879, 1.00, 1.00, 0.00, 0.50, 293.20688, 0.00 
 
50.00, 49.50, 0.50, 293.873383, 1.00, 1.00, 0.00, 0.50, 293.37338, 0.00 
 
50.00, 49.50, 0.50, 294.039886, 1.00, 1.00, 0.00, 0.50, 293.53989, 0.00 
 
50.00, 49.00, 1.00, 294.872894, 1.00, 1.00, 0.00, 1.00, 293.87289, 0.00 
 
50.00, 49.00, 1.00, 295.205902, 1.00, 1.00, 0.00, 1.00, 294.20590, 0.00 
 
50.00, 49.00, 1.00, 295.538910, 1.00, 1.00, 0.00, 1.00, 294.53891, 0.00 
 
50.00, 49.00, 1.00, 295.871918, 1.00, 1.00, 0.00, 1.00, 294.87192, 0.00 
 
50.00, 49.00, 1.00, 296.204926, 1.00, 1.00, 0.00, 1.00, 295.20493, 0.00 
 
50.00, 49.00, 1.00, 296.537933, 1.00, 1.00, 0.00, 1.00, 295.53793, 0.00 
 
50.00, 49.00, 1.00, 296.870941, 1.00, 1.00, 0.00, 1.00, 295.87094, 0.00 
 
50.00, 49.00, 1.00, 297.203949, 1.00, 1.00, 0.00, 1.00, 296.20395, 0.00 
 
50.00, 49.00, 1.00, 297.536957, 1.00, 1.00, 0.00, 1.00, 296.53696, 0.00 
 
50.00, 49.00, 1.00, 297.869965, 1.00, 1.00, 0.00, 1.00, 296.86996, 0.00 
 
50.00, 49.00, 1.00, 298.202972, 1.00, 1.00, 0.00, 1.00, 297.20297, 0.00 
 
50.00, 49.00, 1.00, 298.535980, 1.00, 1.00, 0.00, 1.00, 297.53598, 0.00 
 
50.00, 49.00, 1.00, 298.868988, 1.00, 1.00, 0.00, 1.00, 297.86899, 0.00 
 
50.00, 49.50, 0.50, 298.535492, 1.00, 1.00, 0.00, 0.50, 298.03549, -0.00 
 
50.00, 48.00, 2.00, 300.701477, 1.00, 1.00, 0.00, 2.00, 298.70148, 0.00 
 
50.00, 49.50, 0.50, 299.367981, 1.00, 1.00, 0.00, 0.50, 298.86798, -0.00 
 
50.00, 48.50, 1.50, 300.867493, 1.00, 1.00, 0.00, 1.50, 299.36749, 0.00 
 
50.00, 48.50, 1.50, 301.367004, 1.00, 1.00, 0.00, 1.50, 299.86700, 0.00 
 
50.00, 48.50, 1.50, 301.866516, 1.00, 1.00, 0.00, 1.50, 300.36652, 0.00 
 
50.00, 48.50, 1.50, 302.366028, 1.00, 1.00, 0.00, 1.50, 300.86603, 0.00 
 
50.00, 48.50, 1.50, 302.865540, 1.00, 1.00, 0.00, 1.50, 301.36554, 0.00 
 
50.00, 48.50, 1.50, 303.365051, 1.00, 1.00, 0.00, 1.50, 301.86505, 0.00 
 
50.00, 48.50, 1.50, 303.864563, 1.00, 1.00, 0.00, 1.50, 302.36456, 0.00 
 
50.00, 48.50, 1.50, 304.364075, 1.00, 1.00, 0.00, 1.50, 302.86407, 0.00 
 
50.00, 48.50, 1.50, 304.863586, 1.00, 1.00, 0.00, 1.50, 303.36359, 0.00 
 
50.00, 48.50, 1.50, 305.363098, 1.00, 1.00, 0.00, 1.50, 303.86310, 0.00 
 
50.00, 48.50, 1.50, 305.862610, 1.00, 1.00, 0.00, 1.50, 304.36261, 0.00 
 
50.00, 48.50, 1.50, 306.362122, 1.00, 1.00, 0.00, 1.50, 304.86212, 0.00 
 
50.00, 48.50, 1.50, 306.861633, 1.00, 1.00, 0.00, 1.50, 305.36163, 0.00 
 
50.00, 48.50, 1.50, 307.361145, 1.00, 1.00, 0.00, 1.50, 305.86115, 0.00 
 
50.00, 48.50, 1.50, 307.860657, 1.00, 1.00, 0.00, 1.50, 306.36066, 0.00 
 
50.00, 48.50, 1.50, 308.360168, 1.00, 1.00, 0.00, 1.50, 306.86017, 0.00 
 
50.00, 48.50, 1.50, 308.859680, 1.00, 1.00, 0.00, 1.50, 307.35968, 0.00 
 
50.00, 48.50, 1.50, 309.359192, 1.00, 1.00, 0.00, 1.50, 307.85919, 0.00 
 
50.00, 48.50, 1.50, 309.858704, 1.00, 1.00, 0.00, 1.50, 308.35870, 0.00 
 
50.00, 48.50, 1.50, 310.358215, 1.00, 1.00, 0.00, 1.50, 308.85822, 0.00 
 
50.00, 48.50, 1.50, 310.857727, 1.00, 1.00, 0.00, 1.50, 309.35773, 0.00 
 
50.00, 48.50, 1.50, 311.357239, 1.00, 1.00, 0.00, 1.50, 309.85724, 0.00 
 
50.00, 48.50, 1.50, 311.856750, 1.00, 1.00, 0.00, 1.50, 310.35675, 0.00 
 
50.00, 48.50, 1.50, 312.356262, 1.00, 1.00, 0.00, 1.50, 310.85626, 0.00 
 
50.00, 48.50, 1.50, 312.855774, 1.00, 1.00, 0.00, 1.50, 311.35577, 0.00 
 
50.00, 48.50, 1.50, 313.355286, 1.00, 1.00, 0.00, 1.50, 311.85529, 0.00 
 
50.00, 48.50, 1.50, 313.854797, 1.00, 1.00, 0.00, 1.50, 312.35480, 0.00 
 
50.00, 48.50, 1.50, 314.354309, 1.00, 1.00, 0.00, 1.50, 312.85431, 0.00 
 
50.00, 48.50, 1.50, 314.853821, 1.00, 1.00, 0.00, 1.50, 313.35382, 0.00 
 
50.00, 48.50, 1.50, 315.353333, 1.00, 1.00, 0.00, 1.50, 313.85333, 0.00 
 
50.00, 48.00, 2.00, 316.519318, 1.00, 1.00, 0.00, 2.00, 314.51932, 0.00 
 
50.00, 49.00, 1.00, 315.852325, 1.00, 1.00, 0.00, 1.00, 314.85233, -0.00 
 
50.00, 49.00, 1.00, 316.185333, 1.00, 1.00, 0.00, 1.00, 315.18533, 0.00 
 
50.00, 49.00, 1.00, 316.518341, 1.00, 1.00, 0.00, 1.00, 315.51834, 0.00 
 
50.00, 49.00, 1.00, 316.851349, 1.00, 1.00, 0.00, 1.00, 315.85135, 0.00 
 
50.00, 49.00, 1.00, 317.184357, 1.00, 1.00, 0.00, 1.00, 316.18436, 0.00 
 
50.00, 49.00, 1.00, 317.517365, 1.00, 1.00, 0.00, 1.00, 316.51736, 0.00 
 
50.00, 49.00, 1.00, 317.850372, 1.00, 1.00, 0.00, 1.00, 316.85037, 0.00 
 
50.00, 49.00, 1.00, 318.183380, 1.00, 1.00, 0.00, 1.00, 317.18338, 0.00 
 
50.00, 49.00, 1.00, 318.516388, 1.00, 1.00, 0.00, 1.00, 317.51639, 0.00 
 
50.00, 49.00, 1.00, 318.849396, 1.00, 1.00, 0.00, 1.00, 317.84940, 0.00 
 
50.00, 49.00, 1.00, 319.182404, 1.00, 1.00, 0.00, 1.00, 318.18240, 0.00 
 
50.00, 49.00, 1.00, 319.515411, 1.00, 1.00, 0.00, 1.00, 318.51541, 0.00 
 
50.00, 49.00, 1.00, 319.848419, 1.00, 1.00, 0.00, 1.00, 318.84842, 0.00 
 
50.00, 49.00, 1.00, 320.181427, 1.00, 1.00, 0.00, 1.00, 319.18143, 0.00 
 
50.00, 49.00, 1.00, 320.514435, 1.00, 1.00, 0.00, 1.00, 319.51443, 0.00 
 
50.00, 49.00, 1.00, 320.847443, 1.00, 1.00, 0.00, 1.00, 319.84744, 0.00 
 
50.00, 49.50, 0.50, 320.513947, 1.00, 1.00, 0.00, 0.50, 320.01395, -0.00 
 
50.00, 49.50, 0.50, 320.680450, 1.00, 1.00, 0.00, 0.50, 320.18045, 0.00 
 
50.00, 49.50, 0.50, 320.846954, 1.00, 1.00, 0.00, 0.50, 320.34695, 0.00 
 
50.00, 49.50, 0.50, 321.013458, 1.00, 1.00, 0.00, 0.50, 320.51346, 0.00 
 
50.00, 49.50, 0.50, 321.179962, 1.00, 1.00, 0.00, 0.50, 320.67996, 0.00 
 
50.00, 49.50, 0.50, 321.346466, 1.00, 1.00, 0.00, 0.50, 320.84647, 0.00 
 
50.00, 49.50, 0.50, 321.512970, 1.00, 1.00, 0.00, 0.50, 321.01297, 0.00 
 
50.00, 49.50, 0.50, 321.679474, 1.00, 1.00, 0.00, 0.50, 321.17947, 0.00 
 
50.00, 49.50, 0.50, 321.845978, 1.00, 1.00, 0.00, 0.50, 321.34598, 0.00 
 
50.00, 49.50, 0.50, 322.012482, 1.00, 1.00, 0.00, 0.50, 321.51248, 0.00 
 
50.00, 49.50, 0.50, 322.178986, 1.00, 1.00, 0.00, 0.50, 321.67899, 0.00 
 
50.00, 49.50, 0.50, 322.345490, 1.00, 1.00, 0.00, 0.50, 321.84549, 0.00 
 
50.00, 49.50, 0.50, 322.511993, 1.00, 1.00, 0.00, 0.50, 322.01199, 0.00 
 
50.00, 49.50, 0.50, 322.678497, 1.00, 1.00, 0.00, 0.50, 322.17850, 0.00 
 
50.00, 49.00, 1.00, 323.511505, 1.00, 1.00, 0.00, 1.00, 322.51151, 0.00 
 
50.00, 50.00, 0.00, 322.511505, 1.00, 1.00, 0.00, 0.00, 322.51151, -0.00 
 
50.00, 50.00, 0.00, 322.511505, 1.00, 1.00, 0.00, 0.00, 322.51151, 0.00 
 
50.00, 50.00, 0.00, 322.511505, 1.00, 1.00, 0.00, 0.00, 322.51151, 0.00 
 
50.00, 50.00, 0.00, 322.511505, 1.00, 1.00, 0.00, 0.00, 322.51151, 0.00 
 
50.00, 50.00, 0.00, 322.511505, 1.00, 1.00, 0.00, 0.00, 322.51151, 0.00 
 
50.00, 50.00, 0.00, 322.511505, 1.00, 1.00, 0.00, 0.00, 322.51151, 0.00 
 
50.00, 50.00, 0.00, 322.511505, 1.00, 1.00, 0.00, 0.00, 322.51151, 0.00 
 
50.00, 50.00, 0.00, 322.511505, 1.00, 1.00, 0.00, 0.00, 322.51151, 0.00 
 
50.00, 50.00, 0.00, 322.511505, 1.00, 1.00, 0.00, 0.00, 322.51151, 0.00 
 
50.00, 50.50, -0.50, 321.845001, 1.00, 1.00, 0.00, -0.50, 322.34500, -0.00 
 
50.00, 50.00, 0.00, 322.345001, 1.00, 1.00, 0.00, 0.00, 322.34500, 0.00 
 
50.00, 50.00, 0.00, 322.345001, 1.00, 1.00, 0.00, 0.00, 322.34500, 0.00 
 
50.00, 50.50, -0.50, 321.678497, 1.00, 1.00, 0.00, -0.50, 322.17850, -0.00 
 
50.00, 50.00, 0.00, 322.178497, 1.00, 1.00, 0.00, 0.00, 322.17850, 0.00 
 
50.00, 50.00, 0.00, 322.178497, 1.00, 1.00, 0.00, 0.00, 322.17850, 0.00 
 
50.00, 50.50, -0.50, 321.511993, 1.00, 1.00, 0.00, -0.50, 322.01199, -0.00 
 
50.00, 50.50, -0.50, 321.345490, 1.00, 1.00, 0.00, -0.50, 321.84549, 0.00 
 
50.00, 50.50, -0.50, 321.178986, 1.00, 1.00, 0.00, -0.50, 321.67899, 0.00 
 
50.00, 50.50, -0.50, 321.012482, 1.00, 1.00, 0.00, -0.50, 321.51248, 0.00 
 
50.00, 50.50, -0.50, 320.845978, 1.00, 1.00, 0.00, -0.50, 321.34598, 0.00 
 
50.00, 50.50, -0.50, 320.679474, 1.00, 1.00, 0.00, -0.50, 321.17947, 0.00 
 
50.00, 50.50, -0.50, 320.512970, 1.00, 1.00, 0.00, -0.50, 321.01297, 0.00 
 
50.00, 50.50, -0.50, 320.346466, 1.00, 1.00, 0.00, -0.50, 320.84647, 0.00 
 
50.00, 50.50, -0.50, 320.179962, 1.00, 1.00, 0.00, -0.50, 320.67996, 0.00 
 
50.00, 50.50, -0.50, 320.013458, 1.00, 1.00, 0.00, -0.50, 320.51346, 0.00 
 
50.00, 50.50, -0.50, 319.846954, 1.00, 1.00, 0.00, -0.50, 320.34695, 0.00 
 
50.00, 50.50, -0.50, 319.680450, 1.00, 1.00, 0.00, -0.50, 320.18045, 0.00 
 
50.00, 50.50, -0.50, 319.513947, 1.00, 1.00, 0.00, -0.50, 320.01395, 0.00 
 
50.00, 50.50, -0.50, 319.347443, 1.00, 1.00, 0.00, -0.50, 319.84744, 0.00 
 
50.00, 50.50, -0.50, 319.180939, 1.00, 1.00, 0.00, -0.50, 319.68094, 0.00 
 
50.00, 50.00, 0.00, 319.680939, 1.00, 1.00, 0.00, 0.00, 319.68094, 0.00 
 
50.00, 51.00, -1.00, 318.347931, 1.00, 1.00, 0.00, -1.00, 319.34793, -0.00 
 
50.00, 51.50, -1.50, 317.348419, 1.00, 1.00, 0.00, -1.50, 318.84842, -0.00 
 
50.00, 50.50, -0.50, 318.181915, 1.00, 1.00, 0.00, -0.50, 318.68192, 0.00 
 
50.00, 50.00, 0.00, 318.681915, 1.00, 1.00, 0.00, 0.00, 318.68192, 0.00 
 
50.00, 51.50, -1.50, 316.682404, 1.00, 1.00, 0.00, -1.50, 318.18240, -0.00 
 
50.00, 50.50, -0.50, 317.515900, 1.00, 1.00, 0.00, -0.50, 318.01590, 0.00 
 
50.00, 50.00, 0.00, 318.015900, 1.00, 1.00, 0.00, 0.00, 318.01590, 0.00 
 
50.00, 51.50, -1.50, 316.016388, 1.00, 1.00, 0.00, -1.50, 317.51639, -0.00 
 
50.00, 50.00, 0.00, 317.516388, 1.00, 1.00, 0.00, 0.00, 317.51639, 0.00 
 
50.00, 51.00, -1.00, 316.183380, 1.00, 1.00, 0.00, -1.00, 317.18338, -0.00 
 
50.00, 51.50, -1.50, 315.183868, 1.00, 1.00, 0.00, -1.50, 316.68387, -0.00 
 
50.00, 50.00, 0.00, 316.683868, 1.00, 1.00, 0.00, 0.00, 316.68387, 0.00 
 
50.00, 51.00, -1.00, 315.350861, 1.00, 1.00, 0.00, -1.00, 316.35086, -0.00 
 
50.00, 51.00, -1.00, 315.017853, 1.00, 1.00, 0.00, -1.00, 316.01785, 0.00 
 
50.00, 51.00, -1.00, 314.684845, 1.00, 1.00, 0.00, -1.00, 315.68484, 0.00 
 
50.00, 51.00, -1.00, 314.351837, 1.00, 1.00, 0.00, -1.00, 315.35184, 0.00 
 
50.00, 51.00, -1.00, 314.018829, 1.00, 1.00, 0.00, -1.00, 315.01883, 0.00 
 
50.00, 51.00, -1.00, 313.685822, 1.00, 1.00, 0.00, -1.00, 314.68582, 0.00 
 
50.00, 51.00, -1.00, 313.352814, 1.00, 1.00, 0.00, -1.00, 314.35281, 0.00 
 
50.00, 51.00, -1.00, 313.019806, 1.00, 1.00, 0.00, -1.00, 314.01981, 0.00 
 
50.00, 51.00, -1.00, 312.686798, 1.00, 1.00, 0.00, -1.00, 313.68680, 0.00 
 
50.00, 51.00, -1.00, 312.353790, 1.00, 1.00, 0.00, -1.00, 313.35379, 0.00 
 
50.00, 51.00, -1.00, 312.020782, 1.00, 1.00, 0.00, -1.00, 313.02078, 0.00 
 
50.00, 51.00, -1.00, 311.687775, 1.00, 1.00, 0.00, -1.00, 312.68777, 0.00 
 
50.00, 51.00, -1.00, 311.354767, 1.00, 1.00, 0.00, -1.00, 312.35477, 0.00 
 
50.00, 51.00, -1.00, 311.021759, 1.00, 1.00, 0.00, -1.00, 312.02176, 0.00 
 
50.00, 51.00, -1.00, 310.688751, 1.00, 1.00, 0.00, -1.00, 311.68875, 0.00 
 
50.00, 51.00, -1.00, 310.355743, 1.00, 1.00, 0.00, -1.00, 311.35574, 0.00 
 
50.00, 51.00, -1.00, 310.022736, 1.00, 1.00, 0.00, -1.00, 311.02274, 0.00 
 
50.00, 51.00, -1.00, 309.689728, 1.00, 1.00, 0.00, -1.00, 310.68973, 0.00 
 
50.00, 51.00, -1.00, 309.356720, 1.00, 1.00, 0.00, -1.00, 310.35672, 0.00 
 
50.00, 51.00, -1.00, 309.023712, 1.00, 1.00, 0.00, -1.00, 310.02371, 0.00 
 
50.00, 51.00, -1.00, 308.690704, 1.00, 1.00, 0.00, -1.00, 309.69070, 0.00 
 
50.00, 51.00, -1.00, 308.357697, 1.00, 1.00, 0.00, -1.00, 309.35770, 0.00 
 
50.00, 51.00, -1.00, 308.024689, 1.00, 1.00, 0.00, -1.00, 309.02469, 0.00 
 
50.00, 51.50, -1.50, 307.025177, 1.00, 1.00, 0.00, -1.50, 308.52518, -0.00 
 
50.00, 50.50, -0.50, 307.858673, 1.00, 1.00, 0.00, -0.50, 308.35867, 0.00 
 
50.00, 50.50, -0.50, 307.692169, 1.00, 1.00, 0.00, -0.50, 308.19217, 0.00 
 
50.00, 50.50, -0.50, 307.525665, 1.00, 1.00, 0.00, -0.50, 308.02567, 0.00 
 
50.00, 50.50, -0.50, 307.359161, 1.00, 1.00, 0.00, -0.50, 307.85916, 0.00 
 
50.00, 50.50, -0.50, 307.192657, 1.00, 1.00, 0.00, -0.50, 307.69266, 0.00 
 
50.00, 50.50, -0.50, 307.026154, 1.00, 1.00, 0.00, -0.50, 307.52615, 0.00 
 
50.00, 50.50, -0.50, 306.859650, 1.00, 1.00, 0.00, -0.50, 307.35965, 0.00 
 
50.00, 50.50, -0.50, 306.693146, 1.00, 1.00, 0.00, -0.50, 307.19315, 0.00 
 
50.00, 50.50, -0.50, 306.526642, 1.00, 1.00, 0.00, -0.50, 307.02664, 0.00 
 
50.00, 50.50, -0.50, 306.360138, 1.00, 1.00, 0.00, -0.50, 306.86014, 0.00 
 
50.00, 50.50, -0.50, 306.193634, 1.00, 1.00, 0.00, -0.50, 306.69363, 0.00 
 
50.00, 50.50, -0.50, 306.027130, 1.00, 1.00, 0.00, -0.50, 306.52713, 0.00 
 
50.00, 50.50, -0.50, 305.860626, 1.00, 1.00, 0.00, -0.50, 306.36063, 0.00 
 
50.00, 50.50, -0.50, 305.694122, 1.00, 1.00, 0.00, -0.50, 306.19412, 0.00 
 
50.00, 50.50, -0.50, 305.527618, 1.00, 1.00, 0.00, -0.50, 306.02762, 0.00 
 
50.00, 50.50, -0.50, 305.361115, 1.00, 1.00, 0.00, -0.50, 305.86111, 0.00 
 
50.00, 50.50, -0.50, 305.194611, 1.00, 1.00, 0.00, -0.50, 305.69461, 0.00 
 
50.00, 50.50, -0.50, 305.028107, 1.00, 1.00, 0.00, -0.50, 305.52811, 0.00 
 
50.00, 50.50, -0.50, 304.861603, 1.00, 1.00, 0.00, -0.50, 305.36160, 0.00 
 
50.00, 50.50, -0.50, 304.695099, 1.00, 1.00, 0.00, -0.50, 305.19510, 0.00 
 
50.00, 50.50, -0.50, 304.528595, 1.00, 1.00, 0.00, -0.50, 305.02859, 0.00 
 
50.00, 50.50, -0.50, 304.362091, 1.00, 1.00, 0.00, -0.50, 304.86209, 0.00 
 
50.00, 50.50, -0.50, 304.195587, 1.00, 1.00, 0.00, -0.50, 304.69559, 0.00 
 
50.00, 50.50, -0.50, 304.029083, 1.00, 1.00, 0.00, -0.50, 304.52908, 0.00 
 
50.00, 50.00, 0.00, 304.529083, 1.00, 1.00, 0.00, 0.00, 304.52908, 0.00 
 
50.00, 50.50, -0.50, 303.862579, 1.00, 1.00, 0.00, -0.50, 304.36258, -0.00 
 
50.00, 50.00, 0.00, 304.362579, 1.00, 1.00, 0.00, 0.00, 304.36258, 0.00 
 
50.00, 50.50, -0.50, 303.696075, 1.00, 1.00, 0.00, -0.50, 304.19608, -0.00 
 
50.00, 50.00, 0.00, 304.196075, 1.00, 1.00, 0.00, 0.00, 304.19608, 0.00 
 
50.00, 50.00, 0.00, 304.196075, 1.00, 1.00, 0.00, 0.00, 304.19608, 0.00 
 
50.00, 50.00, 0.00, 304.196075, 1.00, 1.00, 0.00, 0.00, 304.19608, 0.00 
 
50.00, 50.00, 0.00, 304.196075, 1.00, 1.00, 0.00, 0.00, 304.19608, 0.00 
 
50.00, 50.00, 0.00, 304.196075, 1.00, 1.00, 0.00, 0.00, 304.19608, 0.00 
 
50.00, 50.00, 0.00, 304.196075, 1.00, 1.00, 0.00, 0.00, 304.19608, 0.00 
 
50.00, 50.00, 0.00, 304.196075, 1.00, 1.00, 0.00, 0.00, 304.19608, 0.00 
 
50.00, 50.00, 0.00, 304.196075, 1.00, 1.00, 0.00, 0.00, 304.19608, 0.00 
 
50.00, 50.00, 0.00, 304.196075, 1.00, 1.00, 0.00, 0.00, 304.19608, 0.00 
 
50.00, 50.00, 0.00, 304.196075, 1.00, 1.00, 0.00, 0.00, 304.19608, 0.00 
 
50.00, 50.00, 0.00, 304.196075, 1.00, 1.00, 0.00, 0.00, 304.19608, 0.00 
 
50.00, 50.00, 0.00, 304.196075, 1.00, 1.00, 0.00, 0.00, 304.19608, 0.00 
 
50.00, 50.00, 0.00, 304.196075, 1.00, 1.00, 0.00, 0.00, 304.19608, 0.00 
 
50.00, 50.00, 0.00, 304.196075, 1.00, 1.00, 0.00, 0.00, 304.19608, 0.00 
 
50.00, 50.00, 0.00, 304.196075, 1.00, 1.00, 0.00, 0.00, 304.19608, 0.00 
 
50.00, 50.00, 0.00, 304.196075, 1.00, 1.00, 0.00, 0.00, 304.19608, 0.00 
 
50.00, 50.50, -0.50, 303.529572, 1.00, 1.00, 0.00, -0.50, 304.02957, -0.00 
 
50.00, 49.50, 0.50, 304.696075, 1.00, 1.00, 0.00, 0.50, 304.19608, 0.00 
 
50.00, 49.50, 0.50, 304.862579, 1.00, 1.00, 0.00, 0.50, 304.36258, 0.00 
 
50.00, 49.50, 0.50, 305.029083, 1.00, 1.00, 0.00, 0.50, 304.52908, 0.00 
 
50.00, 49.50, 0.50, 305.195587, 1.00, 1.00, 0.00, 0.50, 304.69559, 0.00 
 
50.00, 49.50, 0.50, 305.362091, 1.00, 1.00, 0.00, 0.50, 304.86209, 0.00 
 
50.00, 49.50, 0.50, 305.528595, 1.00, 1.00, 0.00, 0.50, 305.02859, 0.00 
 
50.00, 49.50, 0.50, 305.695099, 1.00, 1.00, 0.00, 0.50, 305.19510, 0.00 
 
50.00, 49.50, 0.50, 305.861603, 1.00, 1.00, 0.00, 0.50, 305.36160, 0.00 
 
50.00, 49.50, 0.50, 306.028107, 1.00, 1.00, 0.00, 0.50, 305.52811, 0.00 
 
50.00, 49.50, 0.50, 306.194611, 1.00, 1.00, 0.00, 0.50, 305.69461, 0.00 
 
50.00, 49.50, 0.50, 306.361115, 1.00, 1.00, 0.00, 0.50, 305.86111, 0.00 
 
50.00, 49.50, 0.50, 306.527618, 1.00, 1.00, 0.00, 0.50, 306.02762, 0.00 
 
50.00, 49.50, 0.50, 306.694122, 1.00, 1.00, 0.00, 0.50, 306.19412, 0.00 
 
50.00, 49.50, 0.50, 306.860626, 1.00, 1.00, 0.00, 0.50, 306.36063, 0.00 
 
50.00, 49.50, 0.50, 307.027130, 1.00, 1.00, 0.00, 0.50, 306.52713, 0.00 
 
50.00, 49.50, 0.50, 307.193634, 1.00, 1.00, 0.00, 0.50, 306.69363, 0.00 
 
50.00, 49.50, 0.50, 307.360138, 1.00, 1.00, 0.00, 0.50, 306.86014, 0.00 
 
50.00, 49.50, 0.50, 307.526642, 1.00, 1.00, 0.00, 0.50, 307.02664, 0.00 
 
50.00, 49.50, 0.50, 307.693146, 1.00, 1.00, 0.00, 0.50, 307.19315, 0.00 
 
50.00, 49.50, 0.50, 307.859650, 1.00, 1.00, 0.00, 0.50, 307.35965, 0.00 
 
50.00, 49.50, 0.50, 308.026154, 1.00, 1.00, 0.00, 0.50, 307.52615, 0.00 
 
50.00, 49.50, 0.50, 308.192657, 1.00, 1.00, 0.00, 0.50, 307.69266, 0.00 
 
50.00, 49.50, 0.50, 308.359161, 1.00, 1.00, 0.00, 0.50, 307.85916, 0.00 
 
50.00, 49.50, 0.50, 308.525665, 1.00, 1.00, 0.00, 0.50, 308.02567, 0.00 
 
50.00, 49.50, 0.50, 308.692169, 1.00, 1.00, 0.00, 0.50, 308.19217, 0.00 
 
50.00, 49.50, 0.50, 308.858673, 1.00, 1.00, 0.00, 0.50, 308.35867, 0.00 
 
50.00, 49.50, 0.50, 309.025177, 1.00, 1.00, 0.00, 0.50, 308.52518, 0.00 
 
50.00, 49.00, 1.00, 309.858185, 1.00, 1.00, 0.00, 1.00, 308.85818, 0.00 
 
50.00, 49.50, 0.50, 309.524689, 1.00, 1.00, 0.00, 0.50, 309.02469, -0.00 
 
50.00, 49.50, 0.50, 309.691193, 1.00, 1.00, 0.00, 0.50, 309.19119, 0.00 
 
50.00, 49.50, 0.50, 309.857697, 1.00, 1.00, 0.00, 0.50, 309.35770, 0.00 
 
50.00, 49.50, 0.50, 310.024200, 1.00, 1.00, 0.00, 0.50, 309.52420, 0.00 
 
50.00, 49.50, 0.50, 310.190704, 1.00, 1.00, 0.00, 0.50, 309.69070, 0.00 
 
50.00, 49.50, 0.50, 310.357208, 1.00, 1.00, 0.00, 0.50, 309.85721, 0.00 
 
50.00, 49.50, 0.50, 310.523712, 1.00, 1.00, 0.00, 0.50, 310.02371, 0.00 
 
50.00, 49.50, 0.50, 310.690216, 1.00, 1.00, 0.00, 0.50, 310.19022, 0.00 
 
50.00, 49.50, 0.50, 310.856720, 1.00, 1.00, 0.00, 0.50, 310.35672, 0.00 
 
50.00, 49.50, 0.50, 311.023224, 1.00, 1.00, 0.00, 0.50, 310.52322, 0.00 
 
50.00, 49.50, 0.50, 311.189728, 1.00, 1.00, 0.00, 0.50, 310.68973, 0.00 
 
50.00, 49.50, 0.50, 311.356232, 1.00, 1.00, 0.00, 0.50, 310.85623, 0.00 
 
50.00, 49.50, 0.50, 311.522736, 1.00, 1.00, 0.00, 0.50, 311.02274, 0.00 
 
50.00, 49.50, 0.50, 311.689240, 1.00, 1.00, 0.00, 0.50, 311.18924, 0.00 
 
50.00, 49.50, 0.50, 311.855743, 1.00, 1.00, 0.00, 0.50, 311.35574, 0.00 
 
50.00, 49.50, 0.50, 312.022247, 1.00, 1.00, 0.00, 0.50, 311.52225, 0.00 
 
50.00, 49.50, 0.50, 312.188751, 1.00, 1.00, 0.00, 0.50, 311.68875, 0.00 
 
50.00, 49.50, 0.50, 312.355255, 1.00, 1.00, 0.00, 0.50, 311.85526, 0.00 
 
50.00, 49.50, 0.50, 312.521759, 1.00, 1.00, 0.00, 0.50, 312.02176, 0.00 
 
50.00, 49.50, 0.50, 312.688263, 1.00, 1.00, 0.00, 0.50, 312.18826, 0.00 
 
50.00, 49.50, 0.50, 312.854767, 1.00, 1.00, 0.00, 0.50, 312.35477, 0.00 
 
50.00, 49.50, 0.50, 313.021271, 1.00, 1.00, 0.00, 0.50, 312.52127, 0.00 
 
50.00, 49.50, 0.50, 313.187775, 1.00, 1.00, 0.00, 0.50, 312.68777, 0.00 
 
50.00, 49.50, 0.50, 313.354279, 1.00, 1.00, 0.00, 0.50, 312.85428, 0.00 
 
50.00, 49.50, 0.50, 313.520782, 1.00, 1.00, 0.00, 0.50, 313.02078, 0.00 
 
50.00, 49.50, 0.50, 313.687286, 1.00, 1.00, 0.00, 0.50, 313.18729, 0.00 
 
50.00, 49.50, 0.50, 313.853790, 1.00, 1.00, 0.00, 0.50, 313.35379, 0.00 
 
50.00, 49.50, 0.50, 314.020294, 1.00, 1.00, 0.00, 0.50, 313.52029, 0.00 
 
50.00, 49.50, 0.50, 314.186798, 1.00, 1.00, 0.00, 0.50, 313.68680, 0.00 
 
50.00, 49.50, 0.50, 314.353302, 1.00, 1.00, 0.00, 0.50, 313.85330, 0.00 
 
50.00, 49.50, 0.50, 314.519806, 1.00, 1.00, 0.00, 0.50, 314.01981, 0.00 
 
50.00, 49.50, 0.50, 314.686310, 1.00, 1.00, 0.00, 0.50, 314.18631, 0.00 
 
50.00, 49.50, 0.50, 314.852814, 1.00, 1.00, 0.00, 0.50, 314.35281, 0.00 
 
50.00, 49.00, 1.00, 315.685822, 1.00, 1.00, 0.00, 1.00, 314.68582, 0.00 
 
50.00, 50.50, -0.50, 314.019318, 1.00, 1.00, 0.00, -0.50, 314.51932, -0.00 
 
50.00, 49.50, 0.50, 315.185822, 1.00, 1.00, 0.00, 0.50, 314.68582, 0.00 
 
50.00, 49.50, 0.50, 315.352325, 1.00, 1.00, 0.00, 0.50, 314.85233, 0.00 
 
50.00, 49.50, 0.50, 315.518829, 1.00, 1.00, 0.00, 0.50, 315.01883, 0.00 
 
50.00, 49.50, 0.50, 315.685333, 1.00, 1.00, 0.00, 0.50, 315.18533, 0.00 
 
50.00, 49.00, 1.00, 316.518341, 1.00, 1.00, 0.00, 1.00, 315.51834, 0.00 
 
50.00, 50.00, 0.00, 315.518341, 1.00, 1.00, 0.00, 0.00, 315.51834, -0.00 
 
50.00, 50.00, 0.00, 315.518341, 1.00, 1.00, 0.00, 0.00, 315.51834, 0.00 
 
50.00, 50.00, 0.00, 315.518341, 1.00, 1.00, 0.00, 0.00, 315.51834, 0.00 
 
50.00, 50.00, 0.00, 315.518341, 1.00, 1.00, 0.00, 0.00, 315.51834, 0.00 
 
50.00, 50.50, -0.50, 314.851837, 1.00, 1.00, 0.00, -0.50, 315.35184, -0.00 
 
50.00, 49.00, 1.00, 316.684845, 1.00, 1.00, 0.00, 1.00, 315.68484, 0.00 
 
50.00, 50.00, 0.00, 315.684845, 1.00, 1.00, 0.00, 0.00, 315.68484, -0.00 
 
50.00, 50.00, 0.00, 315.684845, 1.00, 1.00, 0.00, 0.00, 315.68484, 0.00 
 
50.00, 50.00, 0.00, 315.684845, 1.00, 1.00, 0.00, 0.00, 315.68484, 0.00 
 
50.00, 50.00, 0.00, 315.684845, 1.00, 1.00, 0.00, 0.00, 315.68484, 0.00 
 
50.00, 50.00, 0.00, 315.684845, 1.00, 1.00, 0.00, 0.00, 315.68484, 0.00 
 
50.00, 50.00, 0.00, 315.684845, 1.00, 1.00, 0.00, 0.00, 315.68484, 0.00 
 
50.00, 50.00, 0.00, 315.684845, 1.00, 1.00, 0.00, 0.00, 315.68484, 0.00 
 
50.00, 50.00, 0.00, 315.684845, 1.00, 1.00, 0.00, 0.00, 315.68484, 0.00 
 
50.00, 50.00, 0.00, 315.684845, 1.00, 1.00, 0.00, 0.00, 315.68484, 0.00 
 
50.00, 50.00, 0.00, 315.684845, 1.00, 1.00, 0.00, 0.00, 315.68484, 0.00 
 
50.00, 50.00, 0.00, 315.684845, 1.00, 1.00, 0.00, 0.00, 315.68484, 0.00 
 
50.00, 50.00, 0.00, 315.684845, 1.00, 1.00, 0.00, 0.00, 315.68484, 0.00 
 
50.00, 50.00, 0.00, 315.684845, 1.00, 1.00, 0.00, 0.00, 315.68484, 0.00 
 
50.00, 50.00, 0.00, 315.684845, 1.00, 1.00, 0.00, 0.00, 315.68484, 0.00 
 
50.00, 50.00, 0.00, 315.684845, 1.00, 1.00, 0.00, 0.00, 315.68484, 0.00 
 
50.00, 50.00, 0.00, 315.684845, 1.00, 1.00, 0.00, 0.00, 315.68484, 0.00 
 
50.00, 50.00, 0.00, 315.684845, 1.00, 1.00, 0.00, 0.00, 315.68484, 0.00 
 
50.00, 50.50, -0.50, 315.018341, 1.00, 1.00, 0.00, -0.50, 315.51834, -0.00 
 
50.00, 50.00, 0.00, 315.518341, 1.00, 1.00, 0.00, 0.00, 315.51834, 0.00 
 
50.00, 50.00, 0.00, 315.518341, 1.00, 1.00, 0.00, 0.00, 315.51834, 0.00 
 
50.00, 50.00, 0.00, 315.518341, 1.00, 1.00, 0.00, 0.00, 315.51834, 0.00 
 
50.00, 50.50, -0.50, 314.851837, 1.00, 1.00, 0.00, -0.50, 315.35184, -0.00 
 
50.00, 50.50, -0.50, 314.685333, 1.00, 1.00, 0.00, -0.50, 315.18533, 0.00 
 
50.00, 50.00, 0.00, 315.185333, 1.00, 1.00, 0.00, 0.00, 315.18533, 0.00 
 
50.00, 50.00, 0.00, 315.185333, 1.00, 1.00, 0.00, 0.00, 315.18533, 0.00 
 
50.00, 50.00, 0.00, 315.185333, 1.00, 1.00, 0.00, 0.00, 315.18533, 0.00 
 
50.00, 50.00, 0.00, 315.185333, 1.00, 1.00, 0.00, 0.00, 315.18533, 0.00 
 
50.00, 50.50, -0.50, 314.518829, 1.00, 1.00, 0.00, -0.50, 315.01883, -0.00 
 
50.00, 50.50, -0.50, 314.352325, 1.00, 1.00, 0.00, -0.50, 314.85233, 0.00 
 
50.00, 50.50, -0.50, 314.185822, 1.00, 1.00, 0.00, -0.50, 314.68582, 0.00 
 
50.00, 50.50, -0.50, 314.019318, 1.00, 1.00, 0.00, -0.50, 314.51932, 0.00 
 
50.00, 50.50, -0.50, 313.852814, 1.00, 1.00, 0.00, -0.50, 314.35281, 0.00 
 
50.00, 50.50, -0.50, 313.686310, 1.00, 1.00, 0.00, -0.50, 314.18631, 0.00 
 
50.00, 50.50, -0.50, 313.519806, 1.00, 1.00, 0.00, -0.50, 314.01981, 0.00 
 
50.00, 50.50, -0.50, 313.353302, 1.00, 1.00, 0.00, -0.50, 313.85330, 0.00 
 
50.00, 50.50, -0.50, 313.186798, 1.00, 1.00, 0.00, -0.50, 313.68680, 0.00 
 
50.00, 50.50, -0.50, 313.020294, 1.00, 1.00, 0.00, -0.50, 313.52029, 0.00 
 
50.00, 50.50, -0.50, 312.853790, 1.00, 1.00, 0.00, -0.50, 313.35379, 0.00 
 
50.00, 50.50, -0.50, 312.687286, 1.00, 1.00, 0.00, -0.50, 313.18729, 0.00 
 
50.00, 50.50, -0.50, 312.520782, 1.00, 1.00, 0.00, -0.50, 313.02078, 0.00 
 
50.00, 50.50, -0.50, 312.354279, 1.00, 1.00, 0.00, -0.50, 312.85428, 0.00 
 
50.00, 50.50, -0.50, 312.187775, 1.00, 1.00, 0.00, -0.50, 312.68777, 0.00 
 
50.00, 50.50, -0.50, 312.021271, 1.00, 1.00, 0.00, -0.50, 312.52127, 0.00 
 
50.00, 50.50, -0.50, 311.854767, 1.00, 1.00, 0.00, -0.50, 312.35477, 0.00 
 
50.00, 50.50, -0.50, 311.688263, 1.00, 1.00, 0.00, -0.50, 312.18826, 0.00 
 
50.00, 50.50, -0.50, 311.521759, 1.00, 1.00, 0.00, -0.50, 312.02176, 0.00 
 
50.00, 50.50, -0.50, 311.355255, 1.00, 1.00, 0.00, -0.50, 311.85526, 0.00 
 
50.00, 50.50, -0.50, 311.188751, 1.00, 1.00, 0.00, -0.50, 311.68875, 0.00 
 
50.00, 50.50, -0.50, 311.022247, 1.00, 1.00, 0.00, -0.50, 311.52225, 0.00 
 
50.00, 50.50, -0.50, 310.855743, 1.00, 1.00, 0.00, -0.50, 311.35574, 0.00 
 
50.00, 50.50, -0.50, 310.689240, 1.00, 1.00, 0.00, -0.50, 311.18924, 0.00 
 
50.00, 50.50, -0.50, 310.522736, 1.00, 1.00, 0.00, -0.50, 311.02274, 0.00 
 
50.00, 50.50, -0.50, 310.356232, 1.00, 1.00, 0.00, -0.50, 310.85623, 0.00 
 
50.00, 50.50, -0.50, 310.189728, 1.00, 1.00, 0.00, -0.50, 310.68973, 0.00 
 
50.00, 50.50, -0.50, 310.023224, 1.00, 1.00, 0.00, -0.50, 310.52322, 0.00 
 
50.00, 50.50, -0.50, 309.856720, 1.00, 1.00, 0.00, -0.50, 310.35672, 0.00 
 
50.00, 50.50, -0.50, 309.690216, 1.00, 1.00, 0.00, -0.50, 310.19022, 0.00 
 
50.00, 50.50, -0.50, 309.523712, 1.00, 1.00, 0.00, -0.50, 310.02371, 0.00 
 
50.00, 50.50, -0.50, 309.357208, 1.00, 1.00, 0.00, -0.50, 309.85721, 0.00 
 
50.00, 50.50, -0.50, 309.190704, 1.00, 1.00, 0.00, -0.50, 309.69070, 0.00 
 
50.00, 50.50, -0.50, 309.024200, 1.00, 1.00, 0.00, -0.50, 309.52420, 0.00 
 
50.00, 50.50, -0.50, 308.857697, 1.00, 1.00, 0.00, -0.50, 309.35770, 0.00 
 
50.00, 50.50, -0.50, 308.691193, 1.00, 1.00, 0.00, -0.50, 309.19119, 0.00 
 
50.00, 50.50, -0.50, 308.524689, 1.00, 1.00, 0.00, -0.50, 309.02469, 0.00 
 
50.00, 50.50, -0.50, 308.358185, 1.00, 1.00, 0.00, -0.50, 308.85818, 0.00 
 
50.00, 50.50, -0.50, 308.191681, 1.00, 1.00, 0.00, -0.50, 308.69168, 0.00 
 
50.00, 50.50, -0.50, 308.025177, 1.00, 1.00, 0.00, -0.50, 308.52518, 0.00 
 
50.00, 50.50, -0.50, 307.858673, 1.00, 1.00, 0.00, -0.50, 308.35867, 0.00 
 
50.00, 50.50, -0.50, 307.692169, 1.00, 1.00, 0.00, -0.50, 308.19217, 0.00 
 
50.00, 50.50, -0.50, 307.525665, 1.00, 1.00, 0.00, -0.50, 308.02567, 0.00 
 
50.00, 50.50, -0.50, 307.359161, 1.00, 1.00, 0.00, -0.50, 307.85916, 0.00 
 
50.00, 50.50, -0.50, 307.192657, 1.00, 1.00, 0.00, -0.50, 307.69266, 0.00 
 
50.00, 50.50, -0.50, 307.026154, 1.00, 1.00, 0.00, -0.50, 307.52615, 0.00 
 
50.00, 50.50, -0.50, 306.859650, 1.00, 1.00, 0.00, -0.50, 307.35965, 0.00 
 
50.00, 50.50, -0.50, 306.693146, 1.00, 1.00, 0.00, -0.50, 307.19315, 0.00 
 
50.00, 50.50, -0.50, 306.526642, 1.00, 1.00, 0.00, -0.50, 307.02664, 0.00 
 
50.00, 50.50, -0.50, 306.360138, 1.00, 1.00, 0.00, -0.50, 306.86014, 0.00 
 
50.00, 50.50, -0.50, 306.193634, 1.00, 1.00, 0.00, -0.50, 306.69363, 0.00 
 
50.00, 50.50, -0.50, 306.027130, 1.00, 1.00, 0.00, -0.50, 306.52713, 0.00 
 
50.00, 50.50, -0.50, 305.860626, 1.00, 1.00, 0.00, -0.50, 306.36063, 0.00 
 
50.00, 50.50, -0.50, 305.694122, 1.00, 1.00, 0.00, -0.50, 306.19412, 0.00 
 
50.00, 50.50, -0.50, 305.527618, 1.00, 1.00, 0.00, -0.50, 306.02762, 0.00 
 
50.00, 50.00, 0.00, 306.027618, 1.00, 1.00, 0.00, 0.00, 306.02762, 0.00 
 
50.00, 50.50, -0.50, 305.361115, 1.00, 1.00, 0.00, -0.50, 305.86111, -0.00 
 
50.00, 50.50, -0.50, 305.194611, 1.00, 1.00, 0.00, -0.50, 305.69461, 0.00 
 
50.00, 50.00, 0.00, 305.694611, 1.00, 1.00, 0.00, 0.00, 305.69461, 0.00 
 
50.00, 50.50, -0.50, 305.028107, 1.00, 1.00, 0.00, -0.50, 305.52811, -0.00 
 
50.00, 50.00, 0.00, 305.528107, 1.00, 1.00, 0.00, 0.00, 305.52811, 0.00 
 
50.00, 50.50, -0.50, 304.861603, 1.00, 1.00, 0.00, -0.50, 305.36160, -0.00 
 
50.00, 50.50, -0.50, 304.695099, 1.00, 1.00, 0.00, -0.50, 305.19510, 0.00 
 
50.00, 50.00, 0.00, 305.195099, 1.00, 1.00, 0.00, 0.00, 305.19510, 0.00 
 
50.00, 50.00, 0.00, 305.195099, 1.00, 1.00, 0.00, 0.00, 305.19510, 0.00 
 
50.00, 50.00, 0.00, 305.195099, 1.00, 1.00, 0.00, 0.00, 305.19510, 0.00 
 
50.00, 50.00, 0.00, 305.195099, 1.00, 1.00, 0.00, 0.00, 305.19510, 0.00 
 
50.00, 50.00, 0.00, 305.195099, 1.00, 1.00, 0.00, 0.00, 305.19510, 0.00 
 
50.00, 50.00, 0.00, 305.195099, 1.00, 1.00, 0.00, 0.00, 305.19510, 0.00 
 
50.00, 50.00, 0.00, 305.195099, 1.00, 1.00, 0.00, 0.00, 305.19510, 0.00 
 
50.00, 50.00, 0.00, 305.195099, 1.00, 1.00, 0.00, 0.00, 305.19510, 0.00 
 
50.00, 50.00, 0.00, 305.195099, 1.00, 1.00, 0.00, 0.00, 305.19510, 0.00 
 
50.00, 50.00, 0.00, 305.195099, 1.00, 1.00, 0.00, 0.00, 305.19510, 0.00 
 
50.00, 50.00, 0.00, 305.195099, 1.00, 1.00, 0.00, 0.00, 305.19510, 0.00 
 
50.00, 50.00, 0.00, 305.195099, 1.00, 1.00, 0.00, 0.00, 305.19510, 0.00 
 
50.00, 50.00, 0.00, 305.195099, 1.00, 1.00, 0.00, 0.00, 305.19510, 0.00 
 
50.00, 50.00, 0.00, 305.195099, 1.00, 1.00, 0.00, 0.00, 305.19510, 0.00 
 
50.00, 50.00, 0.00, 305.195099, 1.00, 1.00, 0.00, 0.00, 305.19510, 0.00 
 
50.00, 50.00, 0.00, 305.195099, 1.00, 1.00, 0.00, 0.00, 305.19510, 0.00 
 
50.00, 50.00, 0.00, 305.195099, 1.00, 1.00, 0.00, 0.00, 305.19510, 0.00 
 
50.00, 50.00, 0.00, 305.195099, 1.00, 1.00, 0.00, 0.00, 305.19510, 0.00 
 
50.00, 50.00, 0.00, 305.195099, 1.00, 1.00, 0.00, 0.00, 305.19510, 0.00 
 
50.00, 50.00, 0.00, 305.195099, 1.00, 1.00, 0.00, 0.00, 305.19510, 0.00 
 
50.00, 50.00, 0.00, 305.195099, 1.00, 1.00, 0.00, 0.00, 305.19510, 0.00 
 
50.00, 50.00, 0.00, 305.195099, 1.00, 1.00, 0.00, 0.00, 305.19510, 0.00 
 
50.00, 50.00, 0.00, 305.195099, 1.00, 1.00, 0.00, 0.00, 305.19510, 0.00 
 
50.00, 50.00, 0.00, 305.195099, 1.00, 1.00, 0.00, 0.00, 305.19510, 0.00 
 
50.00, 50.00, 0.00, 305.195099, 1.00, 1.00, 0.00, 0.00, 305.19510, 0.00 
 
50.00, 50.00, 0.00, 305.195099, 1.00, 1.00, 0.00, 0.00, 305.19510, 0.00 
 
50.00, 50.00, 0.00, 305.195099, 1.00, 1.00, 0.00, 0.00, 305.19510, 0.00 
 
50.00, 50.00, 0.00, 305.195099, 1.00, 1.00, 0.00, 0.00, 305.19510, 0.00 
 
50.00, 50.00, 0.00, 305.195099, 1.00, 1.00, 0.00, 0.00, 305.19510, 0.00 
 
50.00, 50.00, 0.00, 305.195099, 1.00, 1.00, 0.00, 0.00, 305.19510, 0.00 
 
50.00, 50.50, -0.50, 304.528595, 1.00, 1.00, 0.00, -0.50, 305.02859, -0.00 
 
50.00, 49.00, 1.00, 306.361603, 1.00, 1.00, 0.00, 1.00, 305.36160, 0.00 
 
50.00, 50.00, 0.00, 305.361603, 1.00, 1.00, 0.00, 0.00, 305.36160, -0.00 
 
50.00, 50.00, 0.00, 305.361603, 1.00, 1.00, 0.00, 0.00, 305.36160, 0.00 
 
50.00, 50.00, 0.00, 305.361603, 1.00, 1.00, 0.00, 0.00, 305.36160, 0.00 
 
50.00, 50.00, 0.00, 305.361603, 1.00, 1.00, 0.00, 0.00, 305.36160, 0.00 
 
50.00, 50.50, -0.50, 304.695099, 1.00, 1.00, 0.00, -0.50, 305.19510, -0.00 
 
50.00, 49.50, 0.50, 305.861603, 1.00, 1.00, 0.00, 0.50, 305.36160, 0.00 
 
50.00, 49.50, 0.50, 306.028107, 1.00, 1.00, 0.00, 0.50, 305.52811, 0.00 
 
50.00, 49.50, 0.50, 306.194611, 1.00, 1.00, 0.00, 0.50, 305.69461, 0.00 
 
50.00, 49.00, 1.00, 307.027618, 1.00, 1.00, 0.00, 1.00, 306.02762, 0.00 
 
50.00, 50.00, 0.00, 306.027618, 1.00, 1.00, 0.00, 0.00, 306.02762, -0.00 
 
50.00, 50.50, -0.50, 305.361115, 1.00, 1.00, 0.00, -0.50, 305.86111, -0.00 
 
50.00, 49.50, 0.50, 306.527618, 1.00, 1.00, 0.00, 0.50, 306.02762, 0.00 
 
50.00, 49.00, 1.00, 307.360626, 1.00, 1.00, 0.00, 1.00, 306.36063, 0.00 
 
50.00, 50.50, -0.50, 305.694122, 1.00, 1.00, 0.00, -0.50, 306.19412, -0.00 
 
50.00, 49.50, 0.50, 306.860626, 1.00, 1.00, 0.00, 0.50, 306.36063, 0.00 
 
50.00, 49.00, 1.00, 307.693634, 1.00, 1.00, 0.00, 1.00, 306.69363, 0.00 
 
50.00, 50.00, 0.00, 306.693634, 1.00, 1.00, 0.00, 0.00, 306.69363, -0.00 
 
50.00, 50.50, -0.50, 306.027130, 1.00, 1.00, 0.00, -0.50, 306.52713, -0.00 
 
50.00, 49.50, 0.50, 307.193634, 1.00, 1.00, 0.00, 0.50, 306.69363, 0.00 
 
50.00, 49.50, 0.50, 307.360138, 1.00, 1.00, 0.00, 0.50, 306.86014, 0.00 
 
50.00, 49.50, 0.50, 307.526642, 1.00, 1.00, 0.00, 0.50, 307.02664, 0.00 
 
50.00, 49.00, 1.00, 308.359650, 1.00, 1.00, 0.00, 1.00, 307.35965, 0.00 
 
50.00, 50.50, -0.50, 306.693146, 1.00, 1.00, 0.00, -0.50, 307.19315, -0.00 
 
50.00, 49.50, 0.50, 307.859650, 1.00, 1.00, 0.00, 0.50, 307.35965, 0.00 
 
50.00, 49.50, 0.50, 308.026154, 1.00, 1.00, 0.00, 0.50, 307.52615, 0.00 
 
50.00, 49.50, 0.50, 308.192657, 1.00, 1.00, 0.00, 0.50, 307.69266, 0.00 
 
50.00, 49.50, 0.50, 308.359161, 1.00, 1.00, 0.00, 0.50, 307.85916, 0.00 
 
50.00, 49.50, 0.50, 308.525665, 1.00, 1.00, 0.00, 0.50, 308.02567, 0.00 
 
50.00, 49.50, 0.50, 308.692169, 1.00, 1.00, 0.00, 0.50, 308.19217, 0.00 
 
50.00, 49.50, 0.50, 308.858673, 1.00, 1.00, 0.00, 0.50, 308.35867, 0.00 
 
50.00, 49.50, 0.50, 309.025177, 1.00, 1.00, 0.00, 0.50, 308.52518, 0.00 
 
50.00, 49.50, 0.50, 309.191681, 1.00, 1.00, 0.00, 0.50, 308.69168, 0.00 
 
50.00, 49.00, 1.00, 310.024689, 1.00, 1.00, 0.00, 1.00, 309.02469, 0.00 
 
50.00, 50.50, -0.50, 308.358185, 1.00, 1.00, 0.00, -0.50, 308.85818, -0.00 
 
50.00, 49.50, 0.50, 309.524689, 1.00, 1.00, 0.00, 0.50, 309.02469, 0.00 
 
50.00, 49.00, 1.00, 310.357697, 1.00, 1.00, 0.00, 1.00, 309.35770, 0.00 
 
50.00, 50.50, -0.50, 308.691193, 1.00, 1.00, 0.00, -0.50, 309.19119, -0.00 
 
50.00, 49.50, 0.50, 309.857697, 1.00, 1.00, 0.00, 0.50, 309.35770, 0.00 
 
50.00, 49.50, 0.50, 310.024200, 1.00, 1.00, 0.00, 0.50, 309.52420, 0.00 
 
50.00, 49.00, 1.00, 310.857208, 1.00, 1.00, 0.00, 1.00, 309.85721, 0.00 
 
50.00, 50.50, -0.50, 309.190704, 1.00, 1.00, 0.00, -0.50, 309.69070, -0.00 
 
50.00, 49.00, 1.00, 311.023712, 1.00, 1.00, 0.00, 1.00, 310.02371, 0.00 
 
50.00, 50.50, -0.50, 309.357208, 1.00, 1.00, 0.00, -0.50, 309.85721, -0.00 
 
50.00, 49.50, 0.50, 310.523712, 1.00, 1.00, 0.00, 0.50, 310.02371, 0.00 
 
50.00, 49.00, 1.00, 311.356720, 1.00, 1.00, 0.00, 1.00, 310.35672, 0.00 
 
50.00, 50.00, 0.00, 310.356720, 1.00, 1.00, 0.00, 0.00, 310.35672, -0.00 
 
50.00, 50.00, 0.00, 310.356720, 1.00, 1.00, 0.00, 0.00, 310.35672, 0.00 
 
50.00, 50.50, -0.50, 309.690216, 1.00, 1.00, 0.00, -0.50, 310.19022, -0.00 
 
50.00, 49.00, 1.00, 311.523224, 1.00, 1.00, 0.00, 1.00, 310.52322, 0.00 
 
50.00, 50.00, 0.00, 310.523224, 1.00, 1.00, 0.00, 0.00, 310.52322, -0.00 
 
50.00, 50.50, -0.50, 309.856720, 1.00, 1.00, 0.00, -0.50, 310.35672, -0.00 
 
50.00, 49.00, 1.00, 311.689728, 1.00, 1.00, 0.00, 1.00, 310.68973, 0.00 
 
50.00, 50.50, -0.50, 310.023224, 1.00, 1.00, 0.00, -0.50, 310.52322, -0.00 
 
50.00, 49.00, 1.00, 311.856232, 1.00, 1.00, 0.00, 1.00, 310.85623, 0.00 
 
50.00, 50.00, 0.00, 310.856232, 1.00, 1.00, 0.00, 0.00, 310.85623, -0.00 
 
50.00, 50.00, 0.00, 310.856232, 1.00, 1.00, 0.00, 0.00, 310.85623, 0.00 
 
50.00, 50.00, 0.00, 310.856232, 1.00, 1.00, 0.00, 0.00, 310.85623, 0.00 
 
50.00, 50.00, 0.00, 310.856232, 1.00, 1.00, 0.00, 0.00, 310.85623, 0.00 
 
50.00, 50.00, 0.00, 310.856232, 1.00, 1.00, 0.00, 0.00, 310.85623, 0.00 
 
50.00, 50.00, 0.00, 310.856232, 1.00, 1.00, 0.00, 0.00, 310.85623, 0.00 
 
50.00, 50.00, 0.00, 310.856232, 1.00, 1.00, 0.00, 0.00, 310.85623, 0.00 
 
50.00, 50.00, 0.00, 310.856232, 1.00, 1.00, 0.00, 0.00, 310.85623, 0.00 
 
50.00, 50.00, 0.00, 310.856232, 1.00, 1.00, 0.00, 0.00, 310.85623, 0.00 
 
50.00, 50.00, 0.00, 310.856232, 1.00, 1.00, 0.00, 0.00, 310.85623, 0.00 
 
50.00, 50.00, 0.00, 310.856232, 1.00, 1.00, 0.00, 0.00, 310.85623, 0.00 
 
50.00, 50.00, 0.00, 310.856232, 1.00, 1.00, 0.00, 0.00, 310.85623, 0.00 
 
50.00, 50.00, 0.00, 310.856232, 1.00, 1.00, 0.00, 0.00, 310.85623, 0.00 
 
50.00, 50.00, 0.00, 310.856232, 1.00, 1.00, 0.00, 0.00, 310.85623, 0.00 
 
50.00, 50.00, 0.00, 310.856232, 1.00, 1.00, 0.00, 0.00, 310.85623, 0.00 
 
50.00, 50.00, 0.00, 310.856232, 1.00, 1.00, 0.00, 0.00, 310.85623, 0.00 
 
50.00, 50.00, 0.00, 310.856232, 1.00, 1.00, 0.00, 0.00, 310.85623, 0.00 
 
50.00, 50.00, 0.00, 310.856232, 1.00, 1.00, 0.00, 0.00, 310.85623, 0.00 
 
50.00, 50.00, 0.00, 310.856232, 1.00, 1.00, 0.00, 0.00, 310.85623, 0.00 
 
50.00, 50.00, 0.00, 310.856232, 1.00, 1.00, 0.00, 0.00, 310.85623, 0.00 
 
50.00, 50.00, 0.00, 310.856232, 1.00, 1.00, 0.00, 0.00, 310.85623, 0.00 
 
50.00, 50.00, 0.00, 310.856232, 1.00, 1.00, 0.00, 0.00, 310.85623, 0.00 
 
50.00, 50.00, 0.00, 310.856232, 1.00, 1.00, 0.00, 0.00, 310.85623, 0.00 
 
50.00, 50.00, 0.00, 310.856232, 1.00, 1.00, 0.00, 0.00, 310.85623, 0.00 
 
50.00, 50.00, 0.00, 310.856232, 1.00, 1.00, 0.00, 0.00, 310.85623, 0.00 
 
50.00, 50.00, 0.00, 310.856232, 1.00, 1.00, 0.00, 0.00, 310.85623, 0.00 
 
50.00, 50.00, 0.00, 310.856232, 1.00, 1.00, 0.00, 0.00, 310.85623, 0.00 
 
50.00, 50.00, 0.00, 310.856232, 1.00, 1.00, 0.00, 0.00, 310.85623, 0.00 
 
50.00, 50.00, 0.00, 310.856232, 1.00, 1.00, 0.00, 0.00, 310.85623, 0.00 
 
50.00, 50.00, 0.00, 310.856232, 1.00, 1.00, 0.00, 0.00, 310.85623, 0.00 
 
50.00, 50.00, 0.00, 310.856232, 1.00, 1.00, 0.00, 0.00, 310.85623, 0.00 
 
50.00, 50.00, 0.00, 310.856232, 1.00, 1.00, 0.00, 0.00, 310.85623, 0.00 
 
50.00, 50.00, 0.00, 310.856232, 1.00, 1.00, 0.00, 0.00, 310.85623, 0.00 
 
50.00, 50.00, 0.00, 310.856232, 1.00, 1.00, 0.00, 0.00, 310.85623, 0.00 
 
50.00, 50.00, 0.00, 310.856232, 1.00, 1.00, 0.00, 0.00, 310.85623, 0.00 
 
50.00, 50.00, 0.00, 310.856232, 1.00, 1.00, 0.00, 0.00, 310.85623, 0.00 
 
50.00, 50.00, 0.00, 310.856232, 1.00, 1.00, 0.00, 0.00, 310.85623, 0.00 
 
50.00, 50.00, 0.00, 310.856232, 1.00, 1.00, 0.00, 0.00, 310.85623, 0.00 
 
50.00, 50.00, 0.00, 310.856232, 1.00, 1.00, 0.00, 0.00, 310.85623, 0.00 
 
50.00, 50.00, 0.00, 310.856232, 1.00, 1.00, 0.00, 0.00, 310.85623, 0.00 
 
50.00, 50.00, 0.00, 310.856232, 1.00, 1.00, 0.00, 0.00, 310.85623, 0.00 
 
50.00, 50.00, 0.00, 310.856232, 1.00, 1.00, 0.00, 0.00, 310.85623, 0.00 
 
50.00, 50.00, 0.00, 310.856232, 1.00, 1.00, 0.00, 0.00, 310.85623, 0.00 
 
50.00, 50.00, 0.00, 310.856232, 1.00, 1.00, 0.00, 0.00, 310.85623, 0.00 
 
50.00, 50.00, 0.00, 310.856232, 1.00, 1.00, 0.00, 0.00, 310.85623, 0.00 
 
50.00, 50.00, 0.00, 310.856232, 1.00, 1.00, 0.00, 0.00, 310.85623, 0.00 
 
50.00, 50.00, 0.00, 310.856232, 1.00, 1.00, 0.00, 0.00, 310.85623, 0.00 
 
50.00, 50.00, 0.00, 310.856232, 1.00, 1.00, 0.00, 0.00, 310.85623, 0.00 
 
50.00, 50.00, 0.00, 310.856232, 1.00, 1.00, 0.00, 0.00, 310.85623, 0.00 
 
50.00, 50.00, 0.00, 310.856232, 1.00, 1.00, 0.00, 0.00, 310.85623, 0.00 
 
50.00, 50.00, 0.00, 310.856232, 1.00, 1.00, 0.00, 0.00, 310.85623, 0.00 
 
50.00, 50.00, 0.00, 310.856232, 1.00, 1.00, 0.00, 0.00, 310.85623, 0.00 
 
50.00, 50.00, 0.00, 310.856232, 1.00, 1.00, 0.00, 0.00, 310.85623, 0.00 
 
50.00, 50.00, 0.00, 310.856232, 1.00, 1.00, 0.00, 0.00, 310.85623, 0.00 
 
50.00, 50.00, 0.00, 310.856232, 1.00, 1.00, 0.00, 0.00, 310.85623, 0.00 
 
50.00, 50.00, 0.00, 310.856232, 1.00, 1.00, 0.00, 0.00, 310.85623, 0.00 
 
50.00, 50.00, 0.00, 310.856232, 1.00, 1.00, 0.00, 0.00, 310.85623, 0.00 
 
50.00, 50.00, 0.00, 310.856232, 1.00, 1.00, 0.00, 0.00, 310.85623, 0.00 
 
50.00, 50.00, 0.00, 310.856232, 1.00, 1.00, 0.00, 0.00, 310.85623, 0.00 
 
50.00, 50.00, 0.00, 310.856232, 1.00, 1.00, 0.00, 0.00, 310.85623, 0.00 
 
50.00, 50.00, 0.00, 310.856232, 1.00, 1.00, 0.00, 0.00, 310.85623, 0.00 
 
50.00, 50.00, 0.00, 310.856232, 1.00, 1.00, 0.00, 0.00, 310.85623, 0.00 
 
50.00, 50.00, 0.00, 310.856232, 1.00, 1.00, 0.00, 0.00, 310.85623, 0.00 
 
50.00, 50.00, 0.00, 310.856232, 1.00, 1.00, 0.00, 0.00, 310.85623, 0.00 
 
50.00, 50.00, 0.00, 310.856232, 1.00, 1.00, 0.00, 0.00, 310.85623, 0.00 
 
50.00, 50.00, 0.00, 310.856232, 1.00, 1.00, 0.00, 0.00, 310.85623, 0.00 
 
50.00, 50.00, 0.00, 310.856232, 1.00, 1.00, 0.00, 0.00, 310.85623, 0.00 
 
50.00, 50.00, 0.00, 310.856232, 1.00, 1.00, 0.00, 0.00, 310.85623, 0.00 
 
50.00, 50.00, 0.00, 310.856232, 1.00, 1.00, 0.00, 0.00, 310.85623, 0.00 
 
50.00, 50.00, 0.00, 310.856232, 1.00, 1.00, 0.00, 0.00, 310.85623, 0.00 
 
50.00, 50.00, 0.00, 310.856232, 1.00, 1.00, 0.00, 0.00, 310.85623, 0.00 
 
50.00, 50.00, 0.00, 310.856232, 1.00, 1.00, 0.00, 0.00, 310.85623, 0.00 
 
50.00, 50.00, 0.00, 310.856232, 1.00, 1.00, 0.00, 0.00, 310.85623, 0.00 
 
50.00, 50.00, 0.00, 310.856232, 1.00, 1.00, 0.00, 0.00, 310.85623, 0.00 
 
50.00, 50.00, 0.00, 310.856232, 1.00, 1.00, 0.00, 0.00, 310.85623, 0.00 
 
50.00, 50.00, 0.00, 310.856232, 1.00, 1.00, 0.00, 0.00, 310.85623, 0.00 
 
50.00, 50.00, 0.00, 310.856232, 1.00, 1.00, 0.00, 0.00, 310.85623, 0.00 
 
50.00, 50.00, 0.00, 310.856232, 1.00, 1.00, 0.00, 0.00, 310.85623, 0.00 
 
50.00, 50.00, 0.00, 310.856232, 1.00, 1.00, 0.00, 0.00, 310.85623, 0.00 
 
50.00, 50.00, 0.00, 310.856232, 1.00, 1.00, 0.00, 0.00, 310.85623, 0.00 
 
50.00, 50.00, 0.00, 310.856232, 1.00, 1.00, 0.00, 0.00, 310.85623, 0.00 
 
50.00, 50.00, 0.00, 310.856232, 1.00, 1.00, 0.00, 0.00, 310.85623, 0.00 
 
50.00, 50.00, 0.00, 310.856232, 1.00, 1.00, 0.00, 0.00, 310.85623, 0.00 
 
50.00, 50.00, 0.00, 310.856232, 1.00, 1.00, 0.00, 0.00, 310.85623, 0.00 
 
50.00, 50.00, 0.00, 310.856232, 1.00, 1.00, 0.00, 0.00, 310.85623, 0.00 
 
50.00, 50.00, 0.00, 310.856232, 1.00, 1.00, 0.00, 0.00, 310.85623, 0.00 
 
