30.00, 30.00, 0.00, 0.000000, 10.00, 0.00, 0.00, 0.00, -0.00000, 0.00 
 
30.00, 30.00, 0.00, 0.000000, 10.00, 0.00, 0.00, 0.00, -0.00000, 0.00 
 
30.00, 30.00, 0.00, 0.000000, 10.00, 0.00, 0.00, 0.00, -0.00000, 0.00 
 
30.00, 30.00, 0.00, 0.000000, 10.00, 0.00, 0.00, 0.00, -0.00000, 0.00 
 
30.00, 30.00, 0.00, 0.000000, 10.00, 0.00, 0.00, 0.00, -0.00000, 0.00 
 
30.00, 30.00, 0.00, 0.000000, 10.00, 0.00, 0.00, 0.00, -0.00000, 0.00 
 
30.00, 30.50, -0.50, 0.000000, 10.00, 0.00, 0.00, -5.00, -0.00000, -0.00 
 
30.00, 29.50, 0.50, 5.000000, 10.00, 0.00, 0.00, 5.00, -0.00000, 0.00 
 
30.00, 29.00, 1.00, 10.000000, 10.00, 0.00, 0.00, 10.00, -0.00000, 0.00 
 
30.00, 30.50, -0.50, 0.000000, 10.00, 0.00, 0.00, -5.00, -0.00000, -0.00 
 
50.00, 29.50, 20.50, 100.000000, 10.00, 0.00, 0.00, 205.00, 0.00000, 0.00 
 
50.00, 29.00, 21.00, 100.000000, 10.00, 0.00, 0.00, 210.00, 0.00000, 0.00 
 
50.00, 30.00, 20.00, 100.000000, 10.00, 0.00, 0.00, 200.00, 0.00000, -0.00 
 
50.00, 30.00, 20.00, 100.000000, 10.00, 0.00, 0.00, 200.00, 0.00000, 0.00 
 
50.00, 30.00, 20.00, 100.000000, 10.00, 0.00, 0.00, 200.00, 0.00000, 0.00 
 
50.00, 30.00, 20.00, 100.000000, 10.00, 0.00, 0.00, 200.00, 0.00000, 0.00 
 
50.00, 30.50, 19.50, 100.000000, 10.00, 0.00, 0.00, 195.00, 0.00000, -0.00 
 
50.00, 30.50, 19.50, 100.000000, 10.00, 0.00, 0.00, 195.00, 0.00000, 0.00 
 
50.00, 30.50, 19.50, 100.000000, 10.00, 0.00, 0.00, 195.00, 0.00000, 0.00 
 
50.00, 30.00, 20.00, 100.000000, 10.00, 0.00, 0.00, 200.00, 0.00000, 0.00 
 
50.00, 31.00, 19.00, 100.000000, 10.00, 0.00, 0.00, 190.00, 0.00000, -0.00 
 
50.00, 31.00, 19.00, 100.000000, 10.00, 0.00, 0.00, 190.00, 0.00000, 0.00 
 
50.00, 31.00, 19.00, 100.000000, 10.00, 0.00, 0.00, 190.00, 0.00000, 0.00 
 
50.00, 31.50, 18.50, 100.000000, 10.00, 0.00, 0.00, 185.00, 0.00000, -0.00 
 
50.00, 31.50, 18.50, 100.000000, 10.00, 0.00, 0.00, 185.00, 0.00000, 0.00 
 
50.00, 31.00, 19.00, 100.000000, 10.00, 0.00, 0.00, 190.00, 0.00000, 0.00 
 
50.00, 32.00, 18.00, 100.000000, 10.00, 0.00, 0.00, 180.00, 0.00000, -0.00 
 
50.00, 32.00, 18.00, 100.000000, 10.00, 0.00, 0.00, 180.00, 0.00000, 0.00 
 
50.00, 32.50, 17.50, 100.000000, 10.00, 0.00, 0.00, 175.00, 0.00000, -0.00 
 
50.00, 32.50, 17.50, 100.000000, 10.00, 0.00, 0.00, 175.00, 0.00000, 0.00 
 
50.00, 32.50, 17.50, 100.000000, 10.00, 0.00, 0.00, 175.00, 0.00000, 0.00 
 
50.00, 32.00, 18.00, 100.000000, 10.00, 0.00, 0.00, 180.00, 0.00000, 0.00 
 
50.00, 33.00, 17.00, 100.000000, 10.00, 0.00, 0.00, 170.00, 0.00000, -0.00 
 
50.00, 33.00, 17.00, 100.000000, 10.00, 0.00, 0.00, 170.00, 0.00000, 0.00 
 
50.00, 33.50, 16.50, 100.000000, 10.00, 0.00, 0.00, 165.00, 0.00000, -0.00 
 
50.00, 33.50, 16.50, 100.000000, 10.00, 0.00, 0.00, 165.00, 0.00000, 0.00 
 
50.00, 33.50, 16.50, 100.000000, 10.00, 0.00, 0.00, 165.00, 0.00000, 0.00 
 
50.00, 33.00, 17.00, 100.000000, 10.00, 0.00, 0.00, 170.00, 0.00000, 0.00 
 
50.00, 34.00, 16.00, 100.000000, 10.00, 0.00, 0.00, 160.00, 0.00000, -0.00 
 
50.00, 34.00, 16.00, 100.000000, 10.00, 0.00, 0.00, 160.00, 0.00000, 0.00 
 
50.00, 34.50, 15.50, 100.000000, 10.00, 0.00, 0.00, 155.00, 0.00000, -0.00 
 
50.00, 34.50, 15.50, 100.000000, 10.00, 0.00, 0.00, 155.00, 0.00000, 0.00 
 
50.00, 34.00, 16.00, 100.000000, 10.00, 0.00, 0.00, 160.00, 0.00000, 0.00 
 
50.00, 35.00, 15.00, 100.000000, 10.00, 0.00, 0.00, 150.00, 0.00000, -0.00 
 
50.00, 35.00, 15.00, 100.000000, 10.00, 0.00, 0.00, 150.00, 0.00000, 0.00 
 
50.00, 35.50, 14.50, 100.000000, 10.00, 0.00, 0.00, 145.00, 0.00000, -0.00 
 
50.00, 35.50, 14.50, 100.000000, 10.00, 0.00, 0.00, 145.00, 0.00000, 0.00 
 
50.00, 35.50, 14.50, 100.000000, 10.00, 0.00, 0.00, 145.00, 0.00000, 0.00 
 
50.00, 35.00, 15.00, 100.000000, 10.00, 0.00, 0.00, 150.00, 0.00000, 0.00 
 
50.00, 36.00, 14.00, 100.000000, 10.00, 0.00, 0.00, 140.00, 0.00000, -0.00 
 
50.00, 36.00, 14.00, 100.000000, 10.00, 0.00, 0.00, 140.00, 0.00000, 0.00 
 
50.00, 36.00, 14.00, 100.000000, 10.00, 0.00, 0.00, 140.00, 0.00000, 0.00 
 
50.00, 36.50, 13.50, 100.000000, 10.00, 0.00, 0.00, 135.00, 0.00000, -0.00 
 
50.00, 36.50, 13.50, 100.000000, 10.00, 0.00, 0.00, 135.00, 0.00000, 0.00 
 
50.00, 36.50, 13.50, 100.000000, 10.00, 0.00, 0.00, 135.00, 0.00000, 0.00 
 
50.00, 36.00, 14.00, 100.000000, 10.00, 0.00, 0.00, 140.00, 0.00000, 0.00 
 
50.00, 37.00, 13.00, 100.000000, 10.00, 0.00, 0.00, 130.00, 0.00000, -0.00 
 
50.00, 37.00, 13.00, 100.000000, 10.00, 0.00, 0.00, 130.00, 0.00000, 0.00 
 
50.00, 37.00, 13.00, 100.000000, 10.00, 0.00, 0.00, 130.00, 0.00000, 0.00 
 
50.00, 37.50, 12.50, 100.000000, 10.00, 0.00, 0.00, 125.00, 0.00000, -0.00 
 
50.00, 37.50, 12.50, 100.000000, 10.00, 0.00, 0.00, 125.00, 0.00000, 0.00 
 
50.00, 37.50, 12.50, 100.000000, 10.00, 0.00, 0.00, 125.00, 0.00000, 0.00 
 
50.00, 37.50, 12.50, 100.000000, 10.00, 0.00, 0.00, 125.00, 0.00000, 0.00 
 
50.00, 37.00, 13.00, 100.000000, 10.00, 0.00, 0.00, 130.00, 0.00000, 0.00 
 
50.00, 38.00, 12.00, 100.000000, 10.00, 0.00, 0.00, 120.00, 0.00000, -0.00 
 
50.00, 38.00, 12.00, 100.000000, 10.00, 0.00, 0.00, 120.00, 0.00000, 0.00 
 
50.00, 38.50, 11.50, 100.000000, 10.00, 0.00, 0.00, 115.00, 0.00000, -0.00 
 
50.00, 38.50, 11.50, 100.000000, 10.00, 0.00, 0.00, 115.00, 0.00000, 0.00 
 
50.00, 38.50, 11.50, 100.000000, 10.00, 0.00, 0.00, 115.00, 0.00000, 0.00 
 
50.00, 38.00, 12.00, 100.000000, 10.00, 0.00, 0.00, 120.00, 0.00000, 0.00 
 
50.00, 39.00, 11.00, 100.000000, 10.00, 0.00, 0.00, 110.00, 0.00000, -0.00 
 
50.00, 39.00, 11.00, 100.000000, 10.00, 0.00, 0.00, 110.00, 0.00000, 0.00 
 
50.00, 39.00, 11.00, 100.000000, 10.00, 0.00, 0.00, 110.00, 0.00000, 0.00 
 
50.00, 39.00, 11.00, 100.000000, 10.00, 0.00, 0.00, 110.00, 0.00000, 0.00 
 
50.00, 39.50, 10.50, 100.000000, 10.00, 0.00, 0.00, 105.00, 0.00000, -0.00 
 
50.00, 39.50, 10.50, 100.000000, 10.00, 0.00, 0.00, 105.00, 0.00000, 0.00 
 
50.00, 39.50, 10.50, 100.000000, 10.00, 0.00, 0.00, 105.00, 0.00000, 0.00 
 
50.00, 39.00, 11.00, 100.000000, 10.00, 0.00, 0.00, 110.00, 0.00000, 0.00 
 
50.00, 40.00, 10.00, 100.000000, 10.00, 0.00, 0.00, 100.00, 0.00000, -0.00 
 
50.00, 40.00, 10.00, 100.000000, 10.00, 0.00, 0.00, 100.00, 0.00000, 0.00 
 
50.00, 40.50, 9.50, 95.000000, 10.00, 0.00, 0.00, 95.00, 0.00000, -0.00 
 
50.00, 40.50, 9.50, 95.000000, 10.00, 0.00, 0.00, 95.00, 0.00000, 0.00 
 
50.00, 40.50, 9.50, 95.000000, 10.00, 0.00, 0.00, 95.00, 0.00000, 0.00 
 
50.00, 40.50, 9.50, 95.000000, 10.00, 0.00, 0.00, 95.00, 0.00000, 0.00 
 
50.00, 40.50, 9.50, 95.000000, 10.00, 0.00, 0.00, 95.00, 0.00000, 0.00 
 
50.00, 40.50, 9.50, 95.000000, 10.00, 0.00, 0.00, 95.00, 0.00000, 0.00 
 
50.00, 40.00, 10.00, 100.000000, 10.00, 0.00, 0.00, 100.00, 0.00000, 0.00 
 
50.00, 41.00, 9.00, 90.000000, 10.00, 0.00, 0.00, 90.00, 0.00000, -0.00 
 
50.00, 41.00, 9.00, 90.000000, 10.00, 0.00, 0.00, 90.00, 0.00000, 0.00 
 
50.00, 41.00, 9.00, 90.000000, 10.00, 0.00, 0.00, 90.00, 0.00000, 0.00 
 
50.00, 41.00, 9.00, 90.000000, 10.00, 0.00, 0.00, 90.00, 0.00000, 0.00 
 
50.00, 41.50, 8.50, 85.000000, 10.00, 0.00, 0.00, 85.00, 0.00000, -0.00 
 
50.00, 41.50, 8.50, 85.000000, 10.00, 0.00, 0.00, 85.00, 0.00000, 0.00 
 
50.00, 41.50, 8.50, 85.000000, 10.00, 0.00, 0.00, 85.00, 0.00000, 0.00 
 
50.00, 41.50, 8.50, 85.000000, 10.00, 0.00, 0.00, 85.00, 0.00000, 0.00 
 
50.00, 41.50, 8.50, 85.000000, 10.00, 0.00, 0.00, 85.00, 0.00000, 0.00 
 
50.00, 41.50, 8.50, 85.000000, 10.00, 0.00, 0.00, 85.00, 0.00000, 0.00 
 
50.00, 41.50, 8.50, 85.000000, 10.00, 0.00, 0.00, 85.00, 0.00000, 0.00 
 
50.00, 41.50, 8.50, 85.000000, 10.00, 0.00, 0.00, 85.00, 0.00000, 0.00 
 
50.00, 41.00, 9.00, 90.000000, 10.00, 0.00, 0.00, 90.00, 0.00000, 0.00 
 
50.00, 42.00, 8.00, 80.000000, 10.00, 0.00, 0.00, 80.00, 0.00000, -0.00 
 
50.00, 42.00, 8.00, 80.000000, 10.00, 0.00, 0.00, 80.00, 0.00000, 0.00 
 
50.00, 42.00, 8.00, 80.000000, 10.00, 0.00, 0.00, 80.00, 0.00000, 0.00 
 
50.00, 42.00, 8.00, 80.000000, 10.00, 0.00, 0.00, 80.00, 0.00000, 0.00 
 
50.00, 42.00, 8.00, 80.000000, 10.00, 0.00, 0.00, 80.00, 0.00000, 0.00 
 
50.00, 42.50, 7.50, 75.000000, 10.00, 0.00, 0.00, 75.00, 0.00000, -0.00 
 
50.00, 42.50, 7.50, 75.000000, 10.00, 0.00, 0.00, 75.00, 0.00000, 0.00 
 
50.00, 42.50, 7.50, 75.000000, 10.00, 0.00, 0.00, 75.00, 0.00000, 0.00 
 
50.00, 42.50, 7.50, 75.000000, 10.00, 0.00, 0.00, 75.00, 0.00000, 0.00 
 
50.00, 42.50, 7.50, 75.000000, 10.00, 0.00, 0.00, 75.00, 0.00000, 0.00 
 
50.00, 42.50, 7.50, 75.000000, 10.00, 0.00, 0.00, 75.00, 0.00000, 0.00 
 
50.00, 42.50, 7.50, 75.000000, 10.00, 0.00, 0.00, 75.00, 0.00000, 0.00 
 
50.00, 42.50, 7.50, 75.000000, 10.00, 0.00, 0.00, 75.00, 0.00000, 0.00 
 
50.00, 42.50, 7.50, 75.000000, 10.00, 0.00, 0.00, 75.00, 0.00000, 0.00 
 
50.00, 42.50, 7.50, 75.000000, 10.00, 0.00, 0.00, 75.00, 0.00000, 0.00 
 
50.00, 42.00, 8.00, 80.000000, 10.00, 0.00, 0.00, 80.00, 0.00000, 0.00 
 
50.00, 43.00, 7.00, 70.000000, 10.00, 0.00, 0.00, 70.00, 0.00000, -0.00 
 
50.00, 43.00, 7.00, 70.000000, 10.00, 0.00, 0.00, 70.00, 0.00000, 0.00 
 
50.00, 43.00, 7.00, 70.000000, 10.00, 0.00, 0.00, 70.00, 0.00000, 0.00 
 
50.00, 43.00, 7.00, 70.000000, 10.00, 0.00, 0.00, 70.00, 0.00000, 0.00 
 
50.00, 43.00, 7.00, 70.000000, 10.00, 0.00, 0.00, 70.00, 0.00000, 0.00 
 
50.00, 43.00, 7.00, 70.000000, 10.00, 0.00, 0.00, 70.00, 0.00000, 0.00 
 
50.00, 43.00, 7.00, 70.000000, 10.00, 0.00, 0.00, 70.00, 0.00000, 0.00 
 
50.00, 43.00, 7.00, 70.000000, 10.00, 0.00, 0.00, 70.00, 0.00000, 0.00 
 
50.00, 43.00, 7.00, 70.000000, 10.00, 0.00, 0.00, 70.00, 0.00000, 0.00 
 
50.00, 43.00, 7.00, 70.000000, 10.00, 0.00, 0.00, 70.00, 0.00000, 0.00 
 
50.00, 43.00, 7.00, 70.000000, 10.00, 0.00, 0.00, 70.00, 0.00000, 0.00 
 
50.00, 43.50, 6.50, 65.000000, 10.00, 0.00, 0.00, 65.00, 0.00000, -0.00 
 
50.00, 43.50, 6.50, 65.000000, 10.00, 0.00, 0.00, 65.00, 0.00000, 0.00 
 
50.00, 43.50, 6.50, 65.000000, 10.00, 0.00, 0.00, 65.00, 0.00000, 0.00 
 
50.00, 43.50, 6.50, 65.000000, 10.00, 0.00, 0.00, 65.00, 0.00000, 0.00 
 
50.00, 43.50, 6.50, 65.000000, 10.00, 0.00, 0.00, 65.00, 0.00000, 0.00 
 
50.00, 43.50, 6.50, 65.000000, 10.00, 0.00, 0.00, 65.00, 0.00000, 0.00 
 
50.00, 43.50, 6.50, 65.000000, 10.00, 0.00, 0.00, 65.00, 0.00000, 0.00 
 
50.00, 43.50, 6.50, 65.000000, 10.00, 0.00, 0.00, 65.00, 0.00000, 0.00 
 
50.00, 43.50, 6.50, 65.000000, 10.00, 0.00, 0.00, 65.00, 0.00000, 0.00 
 
50.00, 43.50, 6.50, 65.000000, 10.00, 0.00, 0.00, 65.00, 0.00000, 0.00 
 
50.00, 43.50, 6.50, 65.000000, 10.00, 0.00, 0.00, 65.00, 0.00000, 0.00 
 
50.00, 43.50, 6.50, 65.000000, 10.00, 0.00, 0.00, 65.00, 0.00000, 0.00 
 
50.00, 43.50, 6.50, 65.000000, 10.00, 0.00, 0.00, 65.00, 0.00000, 0.00 
 
50.00, 43.50, 6.50, 65.000000, 10.00, 0.00, 0.00, 65.00, 0.00000, 0.00 
 
50.00, 43.50, 6.50, 65.000000, 10.00, 0.00, 0.00, 65.00, 0.00000, 0.00 
 
50.00, 43.50, 6.50, 65.000000, 10.00, 0.00, 0.00, 65.00, 0.00000, 0.00 
 
50.00, 43.50, 6.50, 65.000000, 10.00, 0.00, 0.00, 65.00, 0.00000, 0.00 
 
50.00, 43.50, 6.50, 65.000000, 10.00, 0.00, 0.00, 65.00, 0.00000, 0.00 
 
50.00, 43.50, 6.50, 65.000000, 10.00, 0.00, 0.00, 65.00, 0.00000, 0.00 
 
50.00, 43.50, 6.50, 65.000000, 10.00, 0.00, 0.00, 65.00, 0.00000, 0.00 
 
50.00, 43.00, 7.00, 70.000000, 10.00, 0.00, 0.00, 70.00, 0.00000, 0.00 
 
50.00, 44.50, 5.50, 55.000000, 10.00, 0.00, 0.00, 55.00, 0.00000, -0.00 
 
50.00, 43.50, 6.50, 65.000000, 10.00, 0.00, 0.00, 65.00, 0.00000, 0.00 
 
50.00, 43.00, 7.00, 70.000000, 10.00, 0.00, 0.00, 70.00, 0.00000, 0.00 
 
50.00, 44.00, 6.00, 60.000000, 10.00, 0.00, 0.00, 60.00, 0.00000, -0.00 
 
50.00, 44.00, 6.00, 60.000000, 10.00, 0.00, 0.00, 60.00, 0.00000, 0.00 
 
50.00, 44.00, 6.00, 60.000000, 10.00, 0.00, 0.00, 60.00, 0.00000, 0.00 
 
50.00, 44.00, 6.00, 60.000000, 10.00, 0.00, 0.00, 60.00, 0.00000, 0.00 
 
50.00, 44.00, 6.00, 60.000000, 10.00, 0.00, 0.00, 60.00, 0.00000, 0.00 
 
50.00, 44.00, 6.00, 60.000000, 10.00, 0.00, 0.00, 60.00, 0.00000, 0.00 
 
50.00, 44.00, 6.00, 60.000000, 10.00, 0.00, 0.00, 60.00, 0.00000, 0.00 
 
50.00, 44.00, 6.00, 60.000000, 10.00, 0.00, 0.00, 60.00, 0.00000, 0.00 
 
50.00, 44.00, 6.00, 60.000000, 10.00, 0.00, 0.00, 60.00, 0.00000, 0.00 
 
50.00, 44.00, 6.00, 60.000000, 10.00, 0.00, 0.00, 60.00, 0.00000, 0.00 
 
50.00, 44.00, 6.00, 60.000000, 10.00, 0.00, 0.00, 60.00, 0.00000, 0.00 
 
50.00, 44.00, 6.00, 60.000000, 10.00, 0.00, 0.00, 60.00, 0.00000, 0.00 
 
50.00, 44.00, 6.00, 60.000000, 10.00, 0.00, 0.00, 60.00, 0.00000, 0.00 
 
50.00, 44.00, 6.00, 60.000000, 10.00, 0.00, 0.00, 60.00, 0.00000, 0.00 
 
50.00, 44.00, 6.00, 60.000000, 10.00, 0.00, 0.00, 60.00, 0.00000, 0.00 
 
50.00, 44.00, 6.00, 60.000000, 10.00, 0.00, 0.00, 60.00, 0.00000, 0.00 
 
50.00, 44.00, 6.00, 60.000000, 10.00, 0.00, 0.00, 60.00, 0.00000, 0.00 
 
50.00, 44.00, 6.00, 60.000000, 10.00, 0.00, 0.00, 60.00, 0.00000, 0.00 
 
50.00, 44.00, 6.00, 60.000000, 10.00, 0.00, 0.00, 60.00, 0.00000, 0.00 
 
50.00, 44.00, 6.00, 60.000000, 10.00, 0.00, 0.00, 60.00, 0.00000, 0.00 
 
50.00, 44.00, 6.00, 60.000000, 10.00, 0.00, 0.00, 60.00, 0.00000, 0.00 
 
50.00, 44.00, 6.00, 60.000000, 10.00, 0.00, 0.00, 60.00, 0.00000, 0.00 
 
50.00, 44.00, 6.00, 60.000000, 10.00, 0.00, 0.00, 60.00, 0.00000, 0.00 
 
50.00, 44.00, 6.00, 60.000000, 10.00, 0.00, 0.00, 60.00, 0.00000, 0.00 
 
50.00, 44.00, 6.00, 60.000000, 10.00, 0.00, 0.00, 60.00, 0.00000, 0.00 
 
50.00, 44.00, 6.00, 60.000000, 10.00, 0.00, 0.00, 60.00, 0.00000, 0.00 
 
50.00, 44.00, 6.00, 60.000000, 10.00, 0.00, 0.00, 60.00, 0.00000, 0.00 
 
50.00, 44.00, 6.00, 60.000000, 10.00, 0.00, 0.00, 60.00, 0.00000, 0.00 
 
50.00, 44.00, 6.00, 60.000000, 10.00, 0.00, 0.00, 60.00, 0.00000, 0.00 
 
50.00, 44.00, 6.00, 60.000000, 10.00, 0.00, 0.00, 60.00, 0.00000, 0.00 
 
50.00, 44.00, 6.00, 60.000000, 10.00, 0.00, 0.00, 60.00, 0.00000, 0.00 
 
50.00, 44.00, 6.00, 60.000000, 10.00, 0.00, 0.00, 60.00, 0.00000, 0.00 
 
50.00, 44.00, 6.00, 60.000000, 10.00, 0.00, 0.00, 60.00, 0.00000, 0.00 
 
50.00, 44.00, 6.00, 60.000000, 10.00, 0.00, 0.00, 60.00, 0.00000, 0.00 
 
50.00, 44.00, 6.00, 60.000000, 10.00, 0.00, 0.00, 60.00, 0.00000, 0.00 
 
50.00, 44.00, 6.00, 60.000000, 10.00, 0.00, 0.00, 60.00, 0.00000, 0.00 
 
50.00, 44.00, 6.00, 60.000000, 10.00, 0.00, 0.00, 60.00, 0.00000, 0.00 
 
50.00, 44.00, 6.00, 60.000000, 10.00, 0.00, 0.00, 60.00, 0.00000, 0.00 
 
50.00, 44.00, 6.00, 60.000000, 10.00, 0.00, 0.00, 60.00, 0.00000, 0.00 
 
50.00, 44.00, 6.00, 60.000000, 10.00, 0.00, 0.00, 60.00, 0.00000, 0.00 
 
50.00, 44.00, 6.00, 60.000000, 10.00, 0.00, 0.00, 60.00, 0.00000, 0.00 
 
50.00, 44.00, 6.00, 60.000000, 10.00, 0.00, 0.00, 60.00, 0.00000, 0.00 
 
50.00, 44.00, 6.00, 60.000000, 10.00, 0.00, 0.00, 60.00, 0.00000, 0.00 
 
50.00, 44.00, 6.00, 60.000000, 10.00, 0.00, 0.00, 60.00, 0.00000, 0.00 
 
50.00, 44.00, 6.00, 60.000000, 10.00, 0.00, 0.00, 60.00, 0.00000, 0.00 
 
50.00, 44.50, 5.50, 55.000000, 10.00, 0.00, 0.00, 55.00, 0.00000, -0.00 
 
50.00, 44.50, 5.50, 55.000000, 10.00, 0.00, 0.00, 55.00, 0.00000, 0.00 
 
50.00, 44.00, 6.00, 60.000000, 10.00, 0.00, 0.00, 60.00, 0.00000, 0.00 
 
50.00, 44.50, 5.50, 55.000000, 10.00, 0.00, 0.00, 55.00, 0.00000, -0.00 
 
50.00, 44.00, 6.00, 60.000000, 10.00, 0.00, 0.00, 60.00, 0.00000, 0.00 
 
50.00, 44.00, 6.00, 60.000000, 10.00, 0.00, 0.00, 60.00, 0.00000, 0.00 
 
50.00, 44.50, 5.50, 55.000000, 10.00, 0.00, 0.00, 55.00, 0.00000, -0.00 
 
50.00, 44.00, 6.00, 60.000000, 10.00, 0.00, 0.00, 60.00, 0.00000, 0.00 
 
50.00, 44.00, 6.00, 60.000000, 10.00, 0.00, 0.00, 60.00, 0.00000, 0.00 
 
50.00, 44.50, 5.50, 55.000000, 10.00, 0.00, 0.00, 55.00, 0.00000, -0.00 
 
50.00, 44.50, 5.50, 55.000000, 10.00, 0.00, 0.00, 55.00, 0.00000, 0.00 
 
50.00, 44.00, 6.00, 60.000000, 10.00, 0.00, 0.00, 60.00, 0.00000, 0.00 
 
50.00, 44.50, 5.50, 55.000000, 10.00, 0.00, 0.00, 55.00, 0.00000, -0.00 
 
50.00, 44.50, 5.50, 55.000000, 10.00, 0.00, 0.00, 55.00, 0.00000, 0.00 
 
50.00, 44.50, 5.50, 55.000000, 10.00, 0.00, 0.00, 55.00, 0.00000, 0.00 
 
50.00, 44.50, 5.50, 55.000000, 10.00, 0.00, 0.00, 55.00, 0.00000, 0.00 
 
50.00, 44.50, 5.50, 55.000000, 10.00, 0.00, 0.00, 55.00, 0.00000, 0.00 
 
50.00, 44.50, 5.50, 55.000000, 10.00, 0.00, 0.00, 55.00, 0.00000, 0.00 
 
50.00, 44.50, 5.50, 55.000000, 10.00, 0.00, 0.00, 55.00, 0.00000, 0.00 
 
50.00, 44.50, 5.50, 55.000000, 10.00, 0.00, 0.00, 55.00, 0.00000, 0.00 
 
50.00, 44.50, 5.50, 55.000000, 10.00, 0.00, 0.00, 55.00, 0.00000, 0.00 
 
50.00, 44.50, 5.50, 55.000000, 10.00, 0.00, 0.00, 55.00, 0.00000, 0.00 
 
50.00, 44.50, 5.50, 55.000000, 10.00, 0.00, 0.00, 55.00, 0.00000, 0.00 
 
50.00, 44.50, 5.50, 55.000000, 10.00, 0.00, 0.00, 55.00, 0.00000, 0.00 
 
50.00, 44.50, 5.50, 55.000000, 10.00, 0.00, 0.00, 55.00, 0.00000, 0.00 
 
50.00, 44.50, 5.50, 55.000000, 10.00, 0.00, 0.00, 55.00, 0.00000, 0.00 
 
50.00, 44.50, 5.50, 55.000000, 10.00, 0.00, 0.00, 55.00, 0.00000, 0.00 
 
50.00, 44.50, 5.50, 55.000000, 10.00, 0.00, 0.00, 55.00, 0.00000, 0.00 
 
50.00, 44.50, 5.50, 55.000000, 10.00, 0.00, 0.00, 55.00, 0.00000, 0.00 
 
50.00, 44.50, 5.50, 55.000000, 10.00, 0.00, 0.00, 55.00, 0.00000, 0.00 
 
50.00, 44.50, 5.50, 55.000000, 10.00, 0.00, 0.00, 55.00, 0.00000, 0.00 
 
50.00, 44.50, 5.50, 55.000000, 10.00, 0.00, 0.00, 55.00, 0.00000, 0.00 
 
50.00, 44.50, 5.50, 55.000000, 10.00, 0.00, 0.00, 55.00, 0.00000, 0.00 
 
50.00, 44.50, 5.50, 55.000000, 10.00, 0.00, 0.00, 55.00, 0.00000, 0.00 
 
50.00, 44.50, 5.50, 55.000000, 10.00, 0.00, 0.00, 55.00, 0.00000, 0.00 
 
50.00, 44.50, 5.50, 55.000000, 10.00, 0.00, 0.00, 55.00, 0.00000, 0.00 
 
50.00, 44.50, 5.50, 55.000000, 10.00, 0.00, 0.00, 55.00, 0.00000, 0.00 
 
50.00, 44.50, 5.50, 55.000000, 10.00, 0.00, 0.00, 55.00, 0.00000, 0.00 
 
50.00, 44.50, 5.50, 55.000000, 10.00, 0.00, 0.00, 55.00, 0.00000, 0.00 
 
50.00, 44.50, 5.50, 55.000000, 10.00, 0.00, 0.00, 55.00, 0.00000, 0.00 
 
50.00, 44.50, 5.50, 55.000000, 10.00, 0.00, 0.00, 55.00, 0.00000, 0.00 
 
50.00, 44.50, 5.50, 55.000000, 10.00, 0.00, 0.00, 55.00, 0.00000, 0.00 
 
50.00, 44.50, 5.50, 55.000000, 10.00, 0.00, 0.00, 55.00, 0.00000, 0.00 
 
50.00, 44.50, 5.50, 55.000000, 10.00, 0.00, 0.00, 55.00, 0.00000, 0.00 
 
50.00, 44.50, 5.50, 55.000000, 10.00, 0.00, 0.00, 55.00, 0.00000, 0.00 
 
50.00, 44.50, 5.50, 55.000000, 10.00, 0.00, 0.00, 55.00, 0.00000, 0.00 
 
50.00, 44.50, 5.50, 55.000000, 10.00, 0.00, 0.00, 55.00, 0.00000, 0.00 
 
50.00, 44.50, 5.50, 55.000000, 10.00, 0.00, 0.00, 55.00, 0.00000, 0.00 
 
50.00, 44.50, 5.50, 55.000000, 10.00, 0.00, 0.00, 55.00, 0.00000, 0.00 
 
50.00, 44.50, 5.50, 55.000000, 10.00, 0.00, 0.00, 55.00, 0.00000, 0.00 
 
50.00, 44.50, 5.50, 55.000000, 10.00, 0.00, 0.00, 55.00, 0.00000, 0.00 
 
50.00, 44.50, 5.50, 55.000000, 10.00, 0.00, 0.00, 55.00, 0.00000, 0.00 
 
50.00, 44.50, 5.50, 55.000000, 10.00, 0.00, 0.00, 55.00, 0.00000, 0.00 
 
50.00, 44.50, 5.50, 55.000000, 10.00, 0.00, 0.00, 55.00, 0.00000, 0.00 
 
50.00, 44.50, 5.50, 55.000000, 10.00, 0.00, 0.00, 55.00, 0.00000, 0.00 
 
50.00, 44.50, 5.50, 55.000000, 10.00, 0.00, 0.00, 55.00, 0.00000, 0.00 
 
50.00, 44.50, 5.50, 55.000000, 10.00, 0.00, 0.00, 55.00, 0.00000, 0.00 
 
50.00, 44.50, 5.50, 55.000000, 10.00, 0.00, 0.00, 55.00, 0.00000, 0.00 
 
50.00, 44.50, 5.50, 55.000000, 10.00, 0.00, 0.00, 55.00, 0.00000, 0.00 
 
50.00, 44.50, 5.50, 55.000000, 10.00, 0.00, 0.00, 55.00, 0.00000, 0.00 
 
50.00, 44.50, 5.50, 55.000000, 10.00, 0.00, 0.00, 55.00, 0.00000, 0.00 
 
50.00, 44.50, 5.50, 55.000000, 10.00, 0.00, 0.00, 55.00, 0.00000, 0.00 
 
50.00, 44.50, 5.50, 55.000000, 10.00, 0.00, 0.00, 55.00, 0.00000, 0.00 
 
50.00, 44.50, 5.50, 55.000000, 10.00, 0.00, 0.00, 55.00, 0.00000, 0.00 
 
50.00, 44.50, 5.50, 55.000000, 10.00, 0.00, 0.00, 55.00, 0.00000, 0.00 
 
50.00, 44.50, 5.50, 55.000000, 10.00, 0.00, 0.00, 55.00, 0.00000, 0.00 
 
50.00, 44.50, 5.50, 55.000000, 10.00, 0.00, 0.00, 55.00, 0.00000, 0.00 
 
50.00, 44.50, 5.50, 55.000000, 10.00, 0.00, 0.00, 55.00, 0.00000, 0.00 
 
50.00, 44.50, 5.50, 55.000000, 10.00, 0.00, 0.00, 55.00, 0.00000, 0.00 
 
50.00, 44.50, 5.50, 55.000000, 10.00, 0.00, 0.00, 55.00, 0.00000, 0.00 
 
50.00, 44.50, 5.50, 55.000000, 10.00, 0.00, 0.00, 55.00, 0.00000, 0.00 
 
50.00, 44.50, 5.50, 55.000000, 10.00, 0.00, 0.00, 55.00, 0.00000, 0.00 
 
50.00, 44.50, 5.50, 55.000000, 10.00, 0.00, 0.00, 55.00, 0.00000, 0.00 
 
50.00, 44.50, 5.50, 55.000000, 10.00, 0.00, 0.00, 55.00, 0.00000, 0.00 
 
50.00, 44.50, 5.50, 55.000000, 10.00, 0.00, 0.00, 55.00, 0.00000, 0.00 
 
50.00, 44.50, 5.50, 55.000000, 10.00, 0.00, 0.00, 55.00, 0.00000, 0.00 
 
50.00, 44.50, 5.50, 55.000000, 10.00, 0.00, 0.00, 55.00, 0.00000, 0.00 
 
