30.00, 28.00, 2.00, 4.000000, 2.00, 0.00, 0.00, 4.00, 0.00000, 0.00 
 
30.00, 28.00, 2.00, 4.000000, 2.00, 0.00, 0.00, 4.00, 0.00000, 0.00 
 
30.00, 28.00, 2.00, 4.000000, 2.00, 0.00, 0.00, 4.00, 0.00000, 0.00 
 
30.00, 28.00, 2.00, 4.000000, 2.00, 0.00, 0.00, 4.00, 0.00000, 0.00 
 
30.00, 28.00, 2.00, 4.000000, 2.00, 0.00, 0.00, 4.00, 0.00000, 0.00 
 
30.00, 28.00, 2.00, 4.000000, 2.00, 0.00, 0.00, 4.00, 0.00000, 0.00 
 
30.00, 28.00, 2.00, 4.000000, 2.00, 0.00, 0.00, 4.00, 0.00000, 0.00 
 
30.00, 28.00, 2.00, 4.000000, 2.00, 0.00, 0.00, 4.00, 0.00000, 0.00 
 
30.00, 28.00, 2.00, 4.000000, 2.00, 0.00, 0.00, 4.00, 0.00000, 0.00 
 
30.00, 28.00, 2.00, 4.000000, 2.00, 0.00, 0.00, 4.00, 0.00000, 0.00 
 
30.00, 28.00, 2.00, 4.000000, 2.00, 0.00, 0.00, 4.00, 0.00000, 0.00 
 
30.00, 28.00, 2.00, 4.000000, 2.00, 0.00, 0.00, 4.00, 0.00000, 0.00 
 
50.00, 28.00, 22.00, 44.000000, 2.00, 0.00, 0.00, 44.00, 0.00000, 0.00 
 
50.00, 28.00, 22.00, 44.000000, 2.00, 0.00, 0.00, 44.00, 0.00000, 0.00 
 
50.00, 28.00, 22.00, 44.000000, 2.00, 0.00, 0.00, 44.00, 0.00000, 0.00 
 
50.00, 28.00, 22.00, 44.000000, 2.00, 0.00, 0.00, 44.00, 0.00000, 0.00 
 
50.00, 28.00, 22.00, 44.000000, 2.00, 0.00, 0.00, 44.00, 0.00000, 0.00 
 
50.00, 28.50, 21.50, 43.000000, 2.00, 0.00, 0.00, 43.00, 0.00000, -0.00 
 
50.00, 28.50, 21.50, 43.000000, 2.00, 0.00, 0.00, 43.00, 0.00000, 0.00 
 
50.00, 28.50, 21.50, 43.000000, 2.00, 0.00, 0.00, 43.00, 0.00000, 0.00 
 
50.00, 28.50, 21.50, 43.000000, 2.00, 0.00, 0.00, 43.00, 0.00000, 0.00 
 
50.00, 28.00, 22.00, 44.000000, 2.00, 0.00, 0.00, 44.00, 0.00000, 0.00 
 
50.00, 29.00, 21.00, 42.000000, 2.00, 0.00, 0.00, 42.00, 0.00000, -0.00 
 
50.00, 29.00, 21.00, 42.000000, 2.00, 0.00, 0.00, 42.00, 0.00000, 0.00 
 
50.00, 29.00, 21.00, 42.000000, 2.00, 0.00, 0.00, 42.00, 0.00000, 0.00 
 
50.00, 29.50, 20.50, 41.000000, 2.00, 0.00, 0.00, 41.00, 0.00000, -0.00 
 
50.00, 29.50, 20.50, 41.000000, 2.00, 0.00, 0.00, 41.00, 0.00000, 0.00 
 
50.00, 29.50, 20.50, 41.000000, 2.00, 0.00, 0.00, 41.00, 0.00000, 0.00 
 
50.00, 29.00, 21.00, 42.000000, 2.00, 0.00, 0.00, 42.00, 0.00000, 0.00 
 
50.00, 30.00, 20.00, 40.000000, 2.00, 0.00, 0.00, 40.00, 0.00000, -0.00 
 
50.00, 30.00, 20.00, 40.000000, 2.00, 0.00, 0.00, 40.00, 0.00000, 0.00 
 
50.00, 30.00, 20.00, 40.000000, 2.00, 0.00, 0.00, 40.00, 0.00000, 0.00 
 
50.00, 30.00, 20.00, 40.000000, 2.00, 0.00, 0.00, 40.00, 0.00000, 0.00 
 
50.00, 30.00, 20.00, 40.000000, 2.00, 0.00, 0.00, 40.00, 0.00000, 0.00 
 
50.00, 30.00, 20.00, 40.000000, 2.00, 0.00, 0.00, 40.00, 0.00000, 0.00 
 
50.00, 30.00, 20.00, 40.000000, 2.00, 0.00, 0.00, 40.00, 0.00000, 0.00 
 
50.00, 30.50, 19.50, 39.000000, 2.00, 0.00, 0.00, 39.00, 0.00000, -0.00 
 
50.00, 30.50, 19.50, 39.000000, 2.00, 0.00, 0.00, 39.00, 0.00000, 0.00 
 
50.00, 30.50, 19.50, 39.000000, 2.00, 0.00, 0.00, 39.00, 0.00000, 0.00 
 
50.00, 30.50, 19.50, 39.000000, 2.00, 0.00, 0.00, 39.00, 0.00000, 0.00 
 
50.00, 30.00, 20.00, 40.000000, 2.00, 0.00, 0.00, 40.00, 0.00000, 0.00 
 
50.00, 31.50, 18.50, 37.000000, 2.00, 0.00, 0.00, 37.00, 0.00000, -0.00 
 
50.00, 30.00, 20.00, 40.000000, 2.00, 0.00, 0.00, 40.00, 0.00000, 0.00 
 
50.00, 31.00, 19.00, 38.000000, 2.00, 0.00, 0.00, 38.00, 0.00000, -0.00 
 
50.00, 31.00, 19.00, 38.000000, 2.00, 0.00, 0.00, 38.00, 0.00000, 0.00 
 
50.00, 31.00, 19.00, 38.000000, 2.00, 0.00, 0.00, 38.00, 0.00000, 0.00 
 
50.00, 31.00, 19.00, 38.000000, 2.00, 0.00, 0.00, 38.00, 0.00000, 0.00 
 
50.00, 31.00, 19.00, 38.000000, 2.00, 0.00, 0.00, 38.00, 0.00000, 0.00 
 
50.00, 31.00, 19.00, 38.000000, 2.00, 0.00, 0.00, 38.00, 0.00000, 0.00 
 
50.00, 31.00, 19.00, 38.000000, 2.00, 0.00, 0.00, 38.00, 0.00000, 0.00 
 
50.00, 31.50, 18.50, 37.000000, 2.00, 0.00, 0.00, 37.00, 0.00000, -0.00 
 
50.00, 31.00, 19.00, 38.000000, 2.00, 0.00, 0.00, 38.00, 0.00000, 0.00 
 
50.00, 31.50, 18.50, 37.000000, 2.00, 0.00, 0.00, 37.00, 0.00000, -0.00 
 
50.00, 31.50, 18.50, 37.000000, 2.00, 0.00, 0.00, 37.00, 0.00000, 0.00 
 
50.00, 31.50, 18.50, 37.000000, 2.00, 0.00, 0.00, 37.00, 0.00000, 0.00 
 
50.00, 31.50, 18.50, 37.000000, 2.00, 0.00, 0.00, 37.00, 0.00000, 0.00 
 
50.00, 31.00, 19.00, 38.000000, 2.00, 0.00, 0.00, 38.00, 0.00000, 0.00 
 
50.00, 32.50, 17.50, 35.000000, 2.00, 0.00, 0.00, 35.00, 0.00000, -0.00 
 
50.00, 31.00, 19.00, 38.000000, 2.00, 0.00, 0.00, 38.00, 0.00000, 0.00 
 
50.00, 32.00, 18.00, 36.000000, 2.00, 0.00, 0.00, 36.00, 0.00000, -0.00 
 
50.00, 32.00, 18.00, 36.000000, 2.00, 0.00, 0.00, 36.00, 0.00000, 0.00 
 
50.00, 32.00, 18.00, 36.000000, 2.00, 0.00, 0.00, 36.00, 0.00000, 0.00 
 
50.00, 32.50, 17.50, 35.000000, 2.00, 0.00, 0.00, 35.00, 0.00000, -0.00 
 
50.00, 32.50, 17.50, 35.000000, 2.00, 0.00, 0.00, 35.00, 0.00000, 0.00 
 
50.00, 32.50, 17.50, 35.000000, 2.00, 0.00, 0.00, 35.00, 0.00000, 0.00 
 
50.00, 32.50, 17.50, 35.000000, 2.00, 0.00, 0.00, 35.00, 0.00000, 0.00 
 
50.00, 32.50, 17.50, 35.000000, 2.00, 0.00, 0.00, 35.00, 0.00000, 0.00 
 
50.00, 32.50, 17.50, 35.000000, 2.00, 0.00, 0.00, 35.00, 0.00000, 0.00 
 
50.00, 32.50, 17.50, 35.000000, 2.00, 0.00, 0.00, 35.00, 0.00000, 0.00 
 
50.00, 32.00, 18.00, 36.000000, 2.00, 0.00, 0.00, 36.00, 0.00000, 0.00 
 
50.00, 33.50, 16.50, 33.000000, 2.00, 0.00, 0.00, 33.00, 0.00000, -0.00 
 
50.00, 32.00, 18.00, 36.000000, 2.00, 0.00, 0.00, 36.00, 0.00000, 0.00 
 
50.00, 33.00, 17.00, 34.000000, 2.00, 0.00, 0.00, 34.00, 0.00000, -0.00 
 
50.00, 33.00, 17.00, 34.000000, 2.00, 0.00, 0.00, 34.00, 0.00000, 0.00 
 
50.00, 33.00, 17.00, 34.000000, 2.00, 0.00, 0.00, 34.00, 0.00000, 0.00 
 
50.00, 33.00, 17.00, 34.000000, 2.00, 0.00, 0.00, 34.00, 0.00000, 0.00 
 
50.00, 33.00, 17.00, 34.000000, 2.00, 0.00, 0.00, 34.00, 0.00000, 0.00 
 
50.00, 33.00, 17.00, 34.000000, 2.00, 0.00, 0.00, 34.00, 0.00000, 0.00 
 
50.00, 33.00, 17.00, 34.000000, 2.00, 0.00, 0.00, 34.00, 0.00000, 0.00 
 
50.00, 33.00, 17.00, 34.000000, 2.00, 0.00, 0.00, 34.00, 0.00000, 0.00 
 
50.00, 33.00, 17.00, 34.000000, 2.00, 0.00, 0.00, 34.00, 0.00000, 0.00 
 
50.00, 33.00, 17.00, 34.000000, 2.00, 0.00, 0.00, 34.00, 0.00000, 0.00 
 
50.00, 33.00, 17.00, 34.000000, 2.00, 0.00, 0.00, 34.00, 0.00000, 0.00 
 
50.00, 33.00, 17.00, 34.000000, 2.00, 0.00, 0.00, 34.00, 0.00000, 0.00 
 
50.00, 33.50, 16.50, 33.000000, 2.00, 0.00, 0.00, 33.00, 0.00000, -0.00 
 
50.00, 33.50, 16.50, 33.000000, 2.00, 0.00, 0.00, 33.00, 0.00000, 0.00 
 
50.00, 33.00, 17.00, 34.000000, 2.00, 0.00, 0.00, 34.00, 0.00000, 0.00 
 
50.00, 33.50, 16.50, 33.000000, 2.00, 0.00, 0.00, 33.00, 0.00000, -0.00 
 
50.00, 33.50, 16.50, 33.000000, 2.00, 0.00, 0.00, 33.00, 0.00000, 0.00 
 
50.00, 33.50, 16.50, 33.000000, 2.00, 0.00, 0.00, 33.00, 0.00000, 0.00 
 
50.00, 33.50, 16.50, 33.000000, 2.00, 0.00, 0.00, 33.00, 0.00000, 0.00 
 
50.00, 33.50, 16.50, 33.000000, 2.00, 0.00, 0.00, 33.00, 0.00000, 0.00 
 
50.00, 33.50, 16.50, 33.000000, 2.00, 0.00, 0.00, 33.00, 0.00000, 0.00 
 
50.00, 33.50, 16.50, 33.000000, 2.00, 0.00, 0.00, 33.00, 0.00000, 0.00 
 
50.00, 33.50, 16.50, 33.000000, 2.00, 0.00, 0.00, 33.00, 0.00000, 0.00 
 
50.00, 33.00, 17.00, 34.000000, 2.00, 0.00, 0.00, 34.00, 0.00000, 0.00 
 
50.00, 34.00, 16.00, 32.000000, 2.00, 0.00, 0.00, 32.00, 0.00000, -0.00 
 
50.00, 34.00, 16.00, 32.000000, 2.00, 0.00, 0.00, 32.00, 0.00000, 0.00 
 
50.00, 34.50, 15.50, 31.000000, 2.00, 0.00, 0.00, 31.00, 0.00000, -0.00 
 
50.00, 33.00, 17.00, 34.000000, 2.00, 0.00, 0.00, 34.00, 0.00000, 0.00 
 
50.00, 34.00, 16.00, 32.000000, 2.00, 0.00, 0.00, 32.00, 0.00000, -0.00 
 
50.00, 34.00, 16.00, 32.000000, 2.00, 0.00, 0.00, 32.00, 0.00000, 0.00 
 
50.00, 34.00, 16.00, 32.000000, 2.00, 0.00, 0.00, 32.00, 0.00000, 0.00 
 
50.00, 34.00, 16.00, 32.000000, 2.00, 0.00, 0.00, 32.00, 0.00000, 0.00 
 
50.00, 34.00, 16.00, 32.000000, 2.00, 0.00, 0.00, 32.00, 0.00000, 0.00 
 
50.00, 34.00, 16.00, 32.000000, 2.00, 0.00, 0.00, 32.00, 0.00000, 0.00 
 
50.00, 34.00, 16.00, 32.000000, 2.00, 0.00, 0.00, 32.00, 0.00000, 0.00 
 
50.00, 34.00, 16.00, 32.000000, 2.00, 0.00, 0.00, 32.00, 0.00000, 0.00 
 
50.00, 34.00, 16.00, 32.000000, 2.00, 0.00, 0.00, 32.00, 0.00000, 0.00 
 
50.00, 34.50, 15.50, 31.000000, 2.00, 0.00, 0.00, 31.00, 0.00000, -0.00 
 
50.00, 34.00, 16.00, 32.000000, 2.00, 0.00, 0.00, 32.00, 0.00000, 0.00 
 
50.00, 34.00, 16.00, 32.000000, 2.00, 0.00, 0.00, 32.00, 0.00000, 0.00 
 
50.00, 34.00, 16.00, 32.000000, 2.00, 0.00, 0.00, 32.00, 0.00000, 0.00 
 
50.00, 34.00, 16.00, 32.000000, 2.00, 0.00, 0.00, 32.00, 0.00000, 0.00 
 
50.00, 34.50, 15.50, 31.000000, 2.00, 0.00, 0.00, 31.00, 0.00000, -0.00 
 
50.00, 34.50, 15.50, 31.000000, 2.00, 0.00, 0.00, 31.00, 0.00000, 0.00 
 
50.00, 34.50, 15.50, 31.000000, 2.00, 0.00, 0.00, 31.00, 0.00000, 0.00 
 
50.00, 34.00, 16.00, 32.000000, 2.00, 0.00, 0.00, 32.00, 0.00000, 0.00 
 
50.00, 34.50, 15.50, 31.000000, 2.00, 0.00, 0.00, 31.00, 0.00000, -0.00 
 
50.00, 34.50, 15.50, 31.000000, 2.00, 0.00, 0.00, 31.00, 0.00000, 0.00 
 
50.00, 34.50, 15.50, 31.000000, 2.00, 0.00, 0.00, 31.00, 0.00000, 0.00 
 
50.00, 34.50, 15.50, 31.000000, 2.00, 0.00, 0.00, 31.00, 0.00000, 0.00 
 
50.00, 34.50, 15.50, 31.000000, 2.00, 0.00, 0.00, 31.00, 0.00000, 0.00 
 
50.00, 34.50, 15.50, 31.000000, 2.00, 0.00, 0.00, 31.00, 0.00000, 0.00 
 
50.00, 34.50, 15.50, 31.000000, 2.00, 0.00, 0.00, 31.00, 0.00000, 0.00 
 
50.00, 34.50, 15.50, 31.000000, 2.00, 0.00, 0.00, 31.00, 0.00000, 0.00 
 
50.00, 34.50, 15.50, 31.000000, 2.00, 0.00, 0.00, 31.00, 0.00000, 0.00 
 
50.00, 34.50, 15.50, 31.000000, 2.00, 0.00, 0.00, 31.00, 0.00000, 0.00 
 
50.00, 34.50, 15.50, 31.000000, 2.00, 0.00, 0.00, 31.00, 0.00000, 0.00 
 
50.00, 34.50, 15.50, 31.000000, 2.00, 0.00, 0.00, 31.00, 0.00000, 0.00 
 
50.00, 34.50, 15.50, 31.000000, 2.00, 0.00, 0.00, 31.00, 0.00000, 0.00 
 
50.00, 34.50, 15.50, 31.000000, 2.00, 0.00, 0.00, 31.00, 0.00000, 0.00 
 
50.00, 34.50, 15.50, 31.000000, 2.00, 0.00, 0.00, 31.00, 0.00000, 0.00 
 
50.00, 34.00, 16.00, 32.000000, 2.00, 0.00, 0.00, 32.00, 0.00000, 0.00 
 
50.00, 35.00, 15.00, 30.000000, 2.00, 0.00, 0.00, 30.00, 0.00000, -0.00 
 
50.00, 35.00, 15.00, 30.000000, 2.00, 0.00, 0.00, 30.00, 0.00000, 0.00 
 
50.00, 35.00, 15.00, 30.000000, 2.00, 0.00, 0.00, 30.00, 0.00000, 0.00 
 
50.00, 35.00, 15.00, 30.000000, 2.00, 0.00, 0.00, 30.00, 0.00000, 0.00 
 
50.00, 35.00, 15.00, 30.000000, 2.00, 0.00, 0.00, 30.00, 0.00000, 0.00 
 
50.00, 35.00, 15.00, 30.000000, 2.00, 0.00, 0.00, 30.00, 0.00000, 0.00 
 
50.00, 35.00, 15.00, 30.000000, 2.00, 0.00, 0.00, 30.00, 0.00000, 0.00 
 
50.00, 35.00, 15.00, 30.000000, 2.00, 0.00, 0.00, 30.00, 0.00000, 0.00 
 
50.00, 35.00, 15.00, 30.000000, 2.00, 0.00, 0.00, 30.00, 0.00000, 0.00 
 
50.00, 35.00, 15.00, 30.000000, 2.00, 0.00, 0.00, 30.00, 0.00000, 0.00 
 
50.00, 35.00, 15.00, 30.000000, 2.00, 0.00, 0.00, 30.00, 0.00000, 0.00 
 
50.00, 35.00, 15.00, 30.000000, 2.00, 0.00, 0.00, 30.00, 0.00000, 0.00 
 
50.00, 35.00, 15.00, 30.000000, 2.00, 0.00, 0.00, 30.00, 0.00000, 0.00 
 
50.00, 35.00, 15.00, 30.000000, 2.00, 0.00, 0.00, 30.00, 0.00000, 0.00 
 
50.00, 35.00, 15.00, 30.000000, 2.00, 0.00, 0.00, 30.00, 0.00000, 0.00 
 
50.00, 35.00, 15.00, 30.000000, 2.00, 0.00, 0.00, 30.00, 0.00000, 0.00 
 
50.00, 35.50, 14.50, 29.000000, 2.00, 0.00, 0.00, 29.00, 0.00000, -0.00 
 
50.00, 35.00, 15.00, 30.000000, 2.00, 0.00, 0.00, 30.00, 0.00000, 0.00 
 
50.00, 35.00, 15.00, 30.000000, 2.00, 0.00, 0.00, 30.00, 0.00000, 0.00 
 
50.00, 35.50, 14.50, 29.000000, 2.00, 0.00, 0.00, 29.00, 0.00000, -0.00 
 
50.00, 35.00, 15.00, 30.000000, 2.00, 0.00, 0.00, 30.00, 0.00000, 0.00 
 
50.00, 35.50, 14.50, 29.000000, 2.00, 0.00, 0.00, 29.00, 0.00000, -0.00 
 
50.00, 35.50, 14.50, 29.000000, 2.00, 0.00, 0.00, 29.00, 0.00000, 0.00 
 
50.00, 35.50, 14.50, 29.000000, 2.00, 0.00, 0.00, 29.00, 0.00000, 0.00 
 
50.00, 35.50, 14.50, 29.000000, 2.00, 0.00, 0.00, 29.00, 0.00000, 0.00 
 
50.00, 35.50, 14.50, 29.000000, 2.00, 0.00, 0.00, 29.00, 0.00000, 0.00 
 
50.00, 35.50, 14.50, 29.000000, 2.00, 0.00, 0.00, 29.00, 0.00000, 0.00 
 
50.00, 35.50, 14.50, 29.000000, 2.00, 0.00, 0.00, 29.00, 0.00000, 0.00 
 
50.00, 35.50, 14.50, 29.000000, 2.00, 0.00, 0.00, 29.00, 0.00000, 0.00 
 
50.00, 35.50, 14.50, 29.000000, 2.00, 0.00, 0.00, 29.00, 0.00000, 0.00 
 
50.00, 35.50, 14.50, 29.000000, 2.00, 0.00, 0.00, 29.00, 0.00000, 0.00 
 
50.00, 35.50, 14.50, 29.000000, 2.00, 0.00, 0.00, 29.00, 0.00000, 0.00 
 
50.00, 35.50, 14.50, 29.000000, 2.00, 0.00, 0.00, 29.00, 0.00000, 0.00 
 
50.00, 35.50, 14.50, 29.000000, 2.00, 0.00, 0.00, 29.00, 0.00000, 0.00 
 
50.00, 35.50, 14.50, 29.000000, 2.00, 0.00, 0.00, 29.00, 0.00000, 0.00 
 
50.00, 35.50, 14.50, 29.000000, 2.00, 0.00, 0.00, 29.00, 0.00000, 0.00 
 
50.00, 35.50, 14.50, 29.000000, 2.00, 0.00, 0.00, 29.00, 0.00000, 0.00 
 
50.00, 35.50, 14.50, 29.000000, 2.00, 0.00, 0.00, 29.00, 0.00000, 0.00 
 
50.00, 35.50, 14.50, 29.000000, 2.00, 0.00, 0.00, 29.00, 0.00000, 0.00 
 
50.00, 35.50, 14.50, 29.000000, 2.00, 0.00, 0.00, 29.00, 0.00000, 0.00 
 
50.00, 35.50, 14.50, 29.000000, 2.00, 0.00, 0.00, 29.00, 0.00000, 0.00 
 
50.00, 35.50, 14.50, 29.000000, 2.00, 0.00, 0.00, 29.00, 0.00000, 0.00 
 
50.00, 35.50, 14.50, 29.000000, 2.00, 0.00, 0.00, 29.00, 0.00000, 0.00 
 
50.00, 35.50, 14.50, 29.000000, 2.00, 0.00, 0.00, 29.00, 0.00000, 0.00 
 
50.00, 35.50, 14.50, 29.000000, 2.00, 0.00, 0.00, 29.00, 0.00000, 0.00 
 
50.00, 35.50, 14.50, 29.000000, 2.00, 0.00, 0.00, 29.00, 0.00000, 0.00 
 
50.00, 35.50, 14.50, 29.000000, 2.00, 0.00, 0.00, 29.00, 0.00000, 0.00 
 
50.00, 35.50, 14.50, 29.000000, 2.00, 0.00, 0.00, 29.00, 0.00000, 0.00 
 
50.00, 35.50, 14.50, 29.000000, 2.00, 0.00, 0.00, 29.00, 0.00000, 0.00 
 
50.00, 35.50, 14.50, 29.000000, 2.00, 0.00, 0.00, 29.00, 0.00000, 0.00 
 
50.00, 35.50, 14.50, 29.000000, 2.00, 0.00, 0.00, 29.00, 0.00000, 0.00 
 
50.00, 35.50, 14.50, 29.000000, 2.00, 0.00, 0.00, 29.00, 0.00000, 0.00 
 
50.00, 35.50, 14.50, 29.000000, 2.00, 0.00, 0.00, 29.00, 0.00000, 0.00 
 
50.00, 35.50, 14.50, 29.000000, 2.00, 0.00, 0.00, 29.00, 0.00000, 0.00 
 
50.00, 35.00, 15.00, 30.000000, 2.00, 0.00, 0.00, 30.00, 0.00000, 0.00 
 
50.00, 36.50, 13.50, 27.000000, 2.00, 0.00, 0.00, 27.00, 0.00000, -0.00 
 
50.00, 35.00, 15.00, 30.000000, 2.00, 0.00, 0.00, 30.00, 0.00000, 0.00 
 
50.00, 36.50, 13.50, 27.000000, 2.00, 0.00, 0.00, 27.00, 0.00000, -0.00 
 
50.00, 35.00, 15.00, 30.000000, 2.00, 0.00, 0.00, 30.00, 0.00000, 0.00 
 
50.00, 36.00, 14.00, 28.000000, 2.00, 0.00, 0.00, 28.00, 0.00000, -0.00 
 
50.00, 36.50, 13.50, 27.000000, 2.00, 0.00, 0.00, 27.00, 0.00000, -0.00 
 
50.00, 35.00, 15.00, 30.000000, 2.00, 0.00, 0.00, 30.00, 0.00000, 0.00 
 
50.00, 36.00, 14.00, 28.000000, 2.00, 0.00, 0.00, 28.00, 0.00000, -0.00 
 
50.00, 36.00, 14.00, 28.000000, 2.00, 0.00, 0.00, 28.00, 0.00000, 0.00 
 
50.00, 36.00, 14.00, 28.000000, 2.00, 0.00, 0.00, 28.00, 0.00000, 0.00 
 
50.00, 36.00, 14.00, 28.000000, 2.00, 0.00, 0.00, 28.00, 0.00000, 0.00 
 
50.00, 36.00, 14.00, 28.000000, 2.00, 0.00, 0.00, 28.00, 0.00000, 0.00 
 
50.00, 36.00, 14.00, 28.000000, 2.00, 0.00, 0.00, 28.00, 0.00000, 0.00 
 
50.00, 36.00, 14.00, 28.000000, 2.00, 0.00, 0.00, 28.00, 0.00000, 0.00 
 
50.00, 36.00, 14.00, 28.000000, 2.00, 0.00, 0.00, 28.00, 0.00000, 0.00 
 
50.00, 36.00, 14.00, 28.000000, 2.00, 0.00, 0.00, 28.00, 0.00000, 0.00 
 
50.00, 36.00, 14.00, 28.000000, 2.00, 0.00, 0.00, 28.00, 0.00000, 0.00 
 
50.00, 36.00, 14.00, 28.000000, 2.00, 0.00, 0.00, 28.00, 0.00000, 0.00 
 
50.00, 36.00, 14.00, 28.000000, 2.00, 0.00, 0.00, 28.00, 0.00000, 0.00 
 
50.00, 36.00, 14.00, 28.000000, 2.00, 0.00, 0.00, 28.00, 0.00000, 0.00 
 
50.00, 36.00, 14.00, 28.000000, 2.00, 0.00, 0.00, 28.00, 0.00000, 0.00 
 
50.00, 36.00, 14.00, 28.000000, 2.00, 0.00, 0.00, 28.00, 0.00000, 0.00 
 
50.00, 36.00, 14.00, 28.000000, 2.00, 0.00, 0.00, 28.00, 0.00000, 0.00 
 
50.00, 36.00, 14.00, 28.000000, 2.00, 0.00, 0.00, 28.00, 0.00000, 0.00 
 
50.00, 36.00, 14.00, 28.000000, 2.00, 0.00, 0.00, 28.00, 0.00000, 0.00 
 
50.00, 36.00, 14.00, 28.000000, 2.00, 0.00, 0.00, 28.00, 0.00000, 0.00 
 
50.00, 36.00, 14.00, 28.000000, 2.00, 0.00, 0.00, 28.00, 0.00000, 0.00 
 
50.00, 36.00, 14.00, 28.000000, 2.00, 0.00, 0.00, 28.00, 0.00000, 0.00 
 
50.00, 36.00, 14.00, 28.000000, 2.00, 0.00, 0.00, 28.00, 0.00000, 0.00 
 
50.00, 36.00, 14.00, 28.000000, 2.00, 0.00, 0.00, 28.00, 0.00000, 0.00 
 
50.00, 36.00, 14.00, 28.000000, 2.00, 0.00, 0.00, 28.00, 0.00000, 0.00 
 
50.00, 36.00, 14.00, 28.000000, 2.00, 0.00, 0.00, 28.00, 0.00000, 0.00 
 
50.00, 36.00, 14.00, 28.000000, 2.00, 0.00, 0.00, 28.00, 0.00000, 0.00 
 
50.00, 36.00, 14.00, 28.000000, 2.00, 0.00, 0.00, 28.00, 0.00000, 0.00 
 
50.00, 36.00, 14.00, 28.000000, 2.00, 0.00, 0.00, 28.00, 0.00000, 0.00 
 
50.00, 36.00, 14.00, 28.000000, 2.00, 0.00, 0.00, 28.00, 0.00000, 0.00 
 
50.00, 36.00, 14.00, 28.000000, 2.00, 0.00, 0.00, 28.00, 0.00000, 0.00 
 
50.00, 36.00, 14.00, 28.000000, 2.00, 0.00, 0.00, 28.00, 0.00000, 0.00 
 
50.00, 36.00, 14.00, 28.000000, 2.00, 0.00, 0.00, 28.00, 0.00000, 0.00 
 
50.00, 36.00, 14.00, 28.000000, 2.00, 0.00, 0.00, 28.00, 0.00000, 0.00 
 
50.00, 36.00, 14.00, 28.000000, 2.00, 0.00, 0.00, 28.00, 0.00000, 0.00 
 
50.00, 36.00, 14.00, 28.000000, 2.00, 0.00, 0.00, 28.00, 0.00000, 0.00 
 
50.00, 36.00, 14.00, 28.000000, 2.00, 0.00, 0.00, 28.00, 0.00000, 0.00 
 
50.00, 36.00, 14.00, 28.000000, 2.00, 0.00, 0.00, 28.00, 0.00000, 0.00 
 
50.00, 36.00, 14.00, 28.000000, 2.00, 0.00, 0.00, 28.00, 0.00000, 0.00 
 
50.00, 36.00, 14.00, 28.000000, 2.00, 0.00, 0.00, 28.00, 0.00000, 0.00 
 
50.00, 36.00, 14.00, 28.000000, 2.00, 0.00, 0.00, 28.00, 0.00000, 0.00 
 
50.00, 36.00, 14.00, 28.000000, 2.00, 0.00, 0.00, 28.00, 0.00000, 0.00 
 
50.00, 36.00, 14.00, 28.000000, 2.00, 0.00, 0.00, 28.00, 0.00000, 0.00 
 
50.00, 36.00, 14.00, 28.000000, 2.00, 0.00, 0.00, 28.00, 0.00000, 0.00 
 
50.00, 36.00, 14.00, 28.000000, 2.00, 0.00, 0.00, 28.00, 0.00000, 0.00 
 
50.00, 36.00, 14.00, 28.000000, 2.00, 0.00, 0.00, 28.00, 0.00000, 0.00 
 
50.00, 36.00, 14.00, 28.000000, 2.00, 0.00, 0.00, 28.00, 0.00000, 0.00 
 
50.00, 36.00, 14.00, 28.000000, 2.00, 0.00, 0.00, 28.00, 0.00000, 0.00 
 
50.00, 36.00, 14.00, 28.000000, 2.00, 0.00, 0.00, 28.00, 0.00000, 0.00 
 
50.00, 36.00, 14.00, 28.000000, 2.00, 0.00, 0.00, 28.00, 0.00000, 0.00 
 
50.00, 36.00, 14.00, 28.000000, 2.00, 0.00, 0.00, 28.00, 0.00000, 0.00 
 
50.00, 36.00, 14.00, 28.000000, 2.00, 0.00, 0.00, 28.00, 0.00000, 0.00 
 
50.00, 36.50, 13.50, 27.000000, 2.00, 0.00, 0.00, 27.00, 0.00000, -0.00 
 
50.00, 36.00, 14.00, 28.000000, 2.00, 0.00, 0.00, 28.00, 0.00000, 0.00 
 
50.00, 36.00, 14.00, 28.000000, 2.00, 0.00, 0.00, 28.00, 0.00000, 0.00 
 
50.00, 36.00, 14.00, 28.000000, 2.00, 0.00, 0.00, 28.00, 0.00000, 0.00 
 
50.00, 36.00, 14.00, 28.000000, 2.00, 0.00, 0.00, 28.00, 0.00000, 0.00 
 
50.00, 36.50, 13.50, 27.000000, 2.00, 0.00, 0.00, 27.00, 0.00000, -0.00 
 
50.00, 36.50, 13.50, 27.000000, 2.00, 0.00, 0.00, 27.00, 0.00000, 0.00 
 
50.00, 36.50, 13.50, 27.000000, 2.00, 0.00, 0.00, 27.00, 0.00000, 0.00 
 
50.00, 36.50, 13.50, 27.000000, 2.00, 0.00, 0.00, 27.00, 0.00000, 0.00 
 
50.00, 36.00, 14.00, 28.000000, 2.00, 0.00, 0.00, 28.00, 0.00000, 0.00 
 
50.00, 36.50, 13.50, 27.000000, 2.00, 0.00, 0.00, 27.00, 0.00000, -0.00 
 
50.00, 36.50, 13.50, 27.000000, 2.00, 0.00, 0.00, 27.00, 0.00000, 0.00 
 
50.00, 36.50, 13.50, 27.000000, 2.00, 0.00, 0.00, 27.00, 0.00000, 0.00 
 
50.00, 36.50, 13.50, 27.000000, 2.00, 0.00, 0.00, 27.00, 0.00000, 0.00 
 
50.00, 36.50, 13.50, 27.000000, 2.00, 0.00, 0.00, 27.00, 0.00000, 0.00 
 
50.00, 36.50, 13.50, 27.000000, 2.00, 0.00, 0.00, 27.00, 0.00000, 0.00 
 
50.00, 36.50, 13.50, 27.000000, 2.00, 0.00, 0.00, 27.00, 0.00000, 0.00 
 
50.00, 36.50, 13.50, 27.000000, 2.00, 0.00, 0.00, 27.00, 0.00000, 0.00 
 
50.00, 36.50, 13.50, 27.000000, 2.00, 0.00, 0.00, 27.00, 0.00000, 0.00 
 
50.00, 36.50, 13.50, 27.000000, 2.00, 0.00, 0.00, 27.00, 0.00000, 0.00 
 
50.00, 36.50, 13.50, 27.000000, 2.00, 0.00, 0.00, 27.00, 0.00000, 0.00 
 
50.00, 36.50, 13.50, 27.000000, 2.00, 0.00, 0.00, 27.00, 0.00000, 0.00 
 
50.00, 36.50, 13.50, 27.000000, 2.00, 0.00, 0.00, 27.00, 0.00000, 0.00 
 
50.00, 36.50, 13.50, 27.000000, 2.00, 0.00, 0.00, 27.00, 0.00000, 0.00 
 
50.00, 36.50, 13.50, 27.000000, 2.00, 0.00, 0.00, 27.00, 0.00000, 0.00 
 
50.00, 36.50, 13.50, 27.000000, 2.00, 0.00, 0.00, 27.00, 0.00000, 0.00 
 
50.00, 36.50, 13.50, 27.000000, 2.00, 0.00, 0.00, 27.00, 0.00000, 0.00 
 
50.00, 36.50, 13.50, 27.000000, 2.00, 0.00, 0.00, 27.00, 0.00000, 0.00 
 
50.00, 36.50, 13.50, 27.000000, 2.00, 0.00, 0.00, 27.00, 0.00000, 0.00 
 
50.00, 36.50, 13.50, 27.000000, 2.00, 0.00, 0.00, 27.00, 0.00000, 0.00 
 
50.00, 36.50, 13.50, 27.000000, 2.00, 0.00, 0.00, 27.00, 0.00000, 0.00 
 
50.00, 36.50, 13.50, 27.000000, 2.00, 0.00, 0.00, 27.00, 0.00000, 0.00 
 
50.00, 36.50, 13.50, 27.000000, 2.00, 0.00, 0.00, 27.00, 0.00000, 0.00 
 
50.00, 36.50, 13.50, 27.000000, 2.00, 0.00, 0.00, 27.00, 0.00000, 0.00 
 
50.00, 36.50, 13.50, 27.000000, 2.00, 0.00, 0.00, 27.00, 0.00000, 0.00 
 
50.00, 36.50, 13.50, 27.000000, 2.00, 0.00, 0.00, 27.00, 0.00000, 0.00 
 
50.00, 36.50, 13.50, 27.000000, 2.00, 0.00, 0.00, 27.00, 0.00000, 0.00 
 
50.00, 36.50, 13.50, 27.000000, 2.00, 0.00, 0.00, 27.00, 0.00000, 0.00 
 
50.00, 36.50, 13.50, 27.000000, 2.00, 0.00, 0.00, 27.00, 0.00000, 0.00 
 
50.00, 36.50, 13.50, 27.000000, 2.00, 0.00, 0.00, 27.00, 0.00000, 0.00 
 
50.00, 36.50, 13.50, 27.000000, 2.00, 0.00, 0.00, 27.00, 0.00000, 0.00 
 
50.00, 36.50, 13.50, 27.000000, 2.00, 0.00, 0.00, 27.00, 0.00000, 0.00 
 
50.00, 36.50, 13.50, 27.000000, 2.00, 0.00, 0.00, 27.00, 0.00000, 0.00 
 
50.00, 36.50, 13.50, 27.000000, 2.00, 0.00, 0.00, 27.00, 0.00000, 0.00 
 
50.00, 36.50, 13.50, 27.000000, 2.00, 0.00, 0.00, 27.00, 0.00000, 0.00 
 
50.00, 36.50, 13.50, 27.000000, 2.00, 0.00, 0.00, 27.00, 0.00000, 0.00 
 
50.00, 36.50, 13.50, 27.000000, 2.00, 0.00, 0.00, 27.00, 0.00000, 0.00 
 
50.00, 36.50, 13.50, 27.000000, 2.00, 0.00, 0.00, 27.00, 0.00000, 0.00 
 
50.00, 36.50, 13.50, 27.000000, 2.00, 0.00, 0.00, 27.00, 0.00000, 0.00 
 
50.00, 36.50, 13.50, 27.000000, 2.00, 0.00, 0.00, 27.00, 0.00000, 0.00 
 
50.00, 36.50, 13.50, 27.000000, 2.00, 0.00, 0.00, 27.00, 0.00000, 0.00 
 
50.00, 36.50, 13.50, 27.000000, 2.00, 0.00, 0.00, 27.00, 0.00000, 0.00 
 
50.00, 36.50, 13.50, 27.000000, 2.00, 0.00, 0.00, 27.00, 0.00000, 0.00 
 
50.00, 36.50, 13.50, 27.000000, 2.00, 0.00, 0.00, 27.00, 0.00000, 0.00 
 
50.00, 36.50, 13.50, 27.000000, 2.00, 0.00, 0.00, 27.00, 0.00000, 0.00 
 
50.00, 36.50, 13.50, 27.000000, 2.00, 0.00, 0.00, 27.00, 0.00000, 0.00 
 
50.00, 36.50, 13.50, 27.000000, 2.00, 0.00, 0.00, 27.00, 0.00000, 0.00 
 
50.00, 36.50, 13.50, 27.000000, 2.00, 0.00, 0.00, 27.00, 0.00000, 0.00 
 
50.00, 36.50, 13.50, 27.000000, 2.00, 0.00, 0.00, 27.00, 0.00000, 0.00 
 
50.00, 36.50, 13.50, 27.000000, 2.00, 0.00, 0.00, 27.00, 0.00000, 0.00 
 
50.00, 36.50, 13.50, 27.000000, 2.00, 0.00, 0.00, 27.00, 0.00000, 0.00 
 
50.00, 36.50, 13.50, 27.000000, 2.00, 0.00, 0.00, 27.00, 0.00000, 0.00 
 
50.00, 36.50, 13.50, 27.000000, 2.00, 0.00, 0.00, 27.00, 0.00000, 0.00 
 
50.00, 36.50, 13.50, 27.000000, 2.00, 0.00, 0.00, 27.00, 0.00000, 0.00 
 
50.00, 36.50, 13.50, 27.000000, 2.00, 0.00, 0.00, 27.00, 0.00000, 0.00 
 
50.00, 36.50, 13.50, 27.000000, 2.00, 0.00, 0.00, 27.00, 0.00000, 0.00 
 
50.00, 36.50, 13.50, 27.000000, 2.00, 0.00, 0.00, 27.00, 0.00000, 0.00 
 
50.00, 36.50, 13.50, 27.000000, 2.00, 0.00, 0.00, 27.00, 0.00000, 0.00 
 
50.00, 36.50, 13.50, 27.000000, 2.00, 0.00, 0.00, 27.00, 0.00000, 0.00 
 
50.00, 36.50, 13.50, 27.000000, 2.00, 0.00, 0.00, 27.00, 0.00000, 0.00 
 
50.00, 36.50, 13.50, 27.000000, 2.00, 0.00, 0.00, 27.00, 0.00000, 0.00 
 
50.00, 36.50, 13.50, 27.000000, 2.00, 0.00, 0.00, 27.00, 0.00000, 0.00 
 
50.00, 36.50, 13.50, 27.000000, 2.00, 0.00, 0.00, 27.00, 0.00000, 0.00 
 
50.00, 36.50, 13.50, 27.000000, 2.00, 0.00, 0.00, 27.00, 0.00000, 0.00 
 
50.00, 36.50, 13.50, 27.000000, 2.00, 0.00, 0.00, 27.00, 0.00000, 0.00 
 
50.00, 36.50, 13.50, 27.000000, 2.00, 0.00, 0.00, 27.00, 0.00000, 0.00 
 
50.00, 36.50, 13.50, 27.000000, 2.00, 0.00, 0.00, 27.00, 0.00000, 0.00 
 
50.00, 36.50, 13.50, 27.000000, 2.00, 0.00, 0.00, 27.00, 0.00000, 0.00 
 
50.00, 36.00, 14.00, 28.000000, 2.00, 0.00, 0.00, 28.00, 0.00000, 0.00 
 
50.00, 37.50, 12.50, 25.000000, 2.00, 0.00, 0.00, 25.00, 0.00000, -0.00 
 
50.00, 36.50, 13.50, 27.000000, 2.00, 0.00, 0.00, 27.00, 0.00000, 0.00 
 
50.00, 36.50, 13.50, 27.000000, 2.00, 0.00, 0.00, 27.00, 0.00000, 0.00 
 
50.00, 36.00, 14.00, 28.000000, 2.00, 0.00, 0.00, 28.00, 0.00000, 0.00 
 
50.00, 37.00, 13.00, 26.000000, 2.00, 0.00, 0.00, 26.00, 0.00000, -0.00 
 
50.00, 37.50, 12.50, 25.000000, 2.00, 0.00, 0.00, 25.00, 0.00000, -0.00 
 
50.00, 36.00, 14.00, 28.000000, 2.00, 0.00, 0.00, 28.00, 0.00000, 0.00 
 
50.00, 37.50, 12.50, 25.000000, 2.00, 0.00, 0.00, 25.00, 0.00000, -0.00 
 
50.00, 36.00, 14.00, 28.000000, 2.00, 0.00, 0.00, 28.00, 0.00000, 0.00 
 
50.00, 37.50, 12.50, 25.000000, 2.00, 0.00, 0.00, 25.00, 0.00000, -0.00 
 
50.00, 36.50, 13.50, 27.000000, 2.00, 0.00, 0.00, 27.00, 0.00000, 0.00 
 
50.00, 36.50, 13.50, 27.000000, 2.00, 0.00, 0.00, 27.00, 0.00000, 0.00 
 
50.00, 36.00, 14.00, 28.000000, 2.00, 0.00, 0.00, 28.00, 0.00000, 0.00 
 
50.00, 37.50, 12.50, 25.000000, 2.00, 0.00, 0.00, 25.00, 0.00000, -0.00 
 
50.00, 36.00, 14.00, 28.000000, 2.00, 0.00, 0.00, 28.00, 0.00000, 0.00 
 
50.00, 37.00, 13.00, 26.000000, 2.00, 0.00, 0.00, 26.00, 0.00000, -0.00 
 
50.00, 37.50, 12.50, 25.000000, 2.00, 0.00, 0.00, 25.00, 0.00000, -0.00 
 
50.00, 36.50, 13.50, 27.000000, 2.00, 0.00, 0.00, 27.00, 0.00000, 0.00 
 
50.00, 36.50, 13.50, 27.000000, 2.00, 0.00, 0.00, 27.00, 0.00000, 0.00 
 
50.00, 36.50, 13.50, 27.000000, 2.00, 0.00, 0.00, 27.00, 0.00000, 0.00 
 
50.00, 36.50, 13.50, 27.000000, 2.00, 0.00, 0.00, 27.00, 0.00000, 0.00 
 
50.00, 36.00, 14.00, 28.000000, 2.00, 0.00, 0.00, 28.00, 0.00000, 0.00 
 
50.00, 37.50, 12.50, 25.000000, 2.00, 0.00, 0.00, 25.00, 0.00000, -0.00 
 
50.00, 36.00, 14.00, 28.000000, 2.00, 0.00, 0.00, 28.00, 0.00000, 0.00 
 
50.00, 37.50, 12.50, 25.000000, 2.00, 0.00, 0.00, 25.00, 0.00000, -0.00 
 
50.00, 36.00, 14.00, 28.000000, 2.00, 0.00, 0.00, 28.00, 0.00000, 0.00 
 
50.00, 37.00, 13.00, 26.000000, 2.00, 0.00, 0.00, 26.00, 0.00000, -0.00 
 
50.00, 37.00, 13.00, 26.000000, 2.00, 0.00, 0.00, 26.00, 0.00000, 0.00 
 
50.00, 37.50, 12.50, 25.000000, 2.00, 0.00, 0.00, 25.00, 0.00000, -0.00 
 
50.00, 36.50, 13.50, 27.000000, 2.00, 0.00, 0.00, 27.00, 0.00000, 0.00 
 
50.00, 36.50, 13.50, 27.000000, 2.00, 0.00, 0.00, 27.00, 0.00000, 0.00 
 
50.00, 36.50, 13.50, 27.000000, 2.00, 0.00, 0.00, 27.00, 0.00000, 0.00 
 
50.00, 36.00, 14.00, 28.000000, 2.00, 0.00, 0.00, 28.00, 0.00000, 0.00 
 
50.00, 37.00, 13.00, 26.000000, 2.00, 0.00, 0.00, 26.00, 0.00000, -0.00 
 
50.00, 37.00, 13.00, 26.000000, 2.00, 0.00, 0.00, 26.00, 0.00000, 0.00 
 
50.00, 37.50, 12.50, 25.000000, 2.00, 0.00, 0.00, 25.00, 0.00000, -0.00 
 
50.00, 36.00, 14.00, 28.000000, 2.00, 0.00, 0.00, 28.00, 0.00000, 0.00 
 
50.00, 37.00, 13.00, 26.000000, 2.00, 0.00, 0.00, 26.00, 0.00000, -0.00 
 
50.00, 37.00, 13.00, 26.000000, 2.00, 0.00, 0.00, 26.00, 0.00000, 0.00 
 
50.00, 37.50, 12.50, 25.000000, 2.00, 0.00, 0.00, 25.00, 0.00000, -0.00 
 
50.00, 36.00, 14.00, 28.000000, 2.00, 0.00, 0.00, 28.00, 0.00000, 0.00 
 
50.00, 37.00, 13.00, 26.000000, 2.00, 0.00, 0.00, 26.00, 0.00000, -0.00 
 
50.00, 37.00, 13.00, 26.000000, 2.00, 0.00, 0.00, 26.00, 0.00000, 0.00 
 
50.00, 37.50, 12.50, 25.000000, 2.00, 0.00, 0.00, 25.00, 0.00000, -0.00 
 
50.00, 36.00, 14.00, 28.000000, 2.00, 0.00, 0.00, 28.00, 0.00000, 0.00 
 
50.00, 37.50, 12.50, 25.000000, 2.00, 0.00, 0.00, 25.00, 0.00000, -0.00 
 
50.00, 36.00, 14.00, 28.000000, 2.00, 0.00, 0.00, 28.00, 0.00000, 0.00 
 
50.00, 37.00, 13.00, 26.000000, 2.00, 0.00, 0.00, 26.00, 0.00000, -0.00 
 
50.00, 37.00, 13.00, 26.000000, 2.00, 0.00, 0.00, 26.00, 0.00000, 0.00 
 
50.00, 37.00, 13.00, 26.000000, 2.00, 0.00, 0.00, 26.00, 0.00000, 0.00 
 
50.00, 37.00, 13.00, 26.000000, 2.00, 0.00, 0.00, 26.00, 0.00000, 0.00 
 
50.00, 37.00, 13.00, 26.000000, 2.00, 0.00, 0.00, 26.00, 0.00000, 0.00 
 
50.00, 37.00, 13.00, 26.000000, 2.00, 0.00, 0.00, 26.00, 0.00000, 0.00 
 
50.00, 37.00, 13.00, 26.000000, 2.00, 0.00, 0.00, 26.00, 0.00000, 0.00 
 
50.00, 37.00, 13.00, 26.000000, 2.00, 0.00, 0.00, 26.00, 0.00000, 0.00 
 
50.00, 37.00, 13.00, 26.000000, 2.00, 0.00, 0.00, 26.00, 0.00000, 0.00 
 
50.00, 37.00, 13.00, 26.000000, 2.00, 0.00, 0.00, 26.00, 0.00000, 0.00 
 
50.00, 37.00, 13.00, 26.000000, 2.00, 0.00, 0.00, 26.00, 0.00000, 0.00 
 
50.00, 37.00, 13.00, 26.000000, 2.00, 0.00, 0.00, 26.00, 0.00000, 0.00 
 
50.00, 37.00, 13.00, 26.000000, 2.00, 0.00, 0.00, 26.00, 0.00000, 0.00 
 
50.00, 37.00, 13.00, 26.000000, 2.00, 0.00, 0.00, 26.00, 0.00000, 0.00 
 
50.00, 37.00, 13.00, 26.000000, 2.00, 0.00, 0.00, 26.00, 0.00000, 0.00 
 
50.00, 37.00, 13.00, 26.000000, 2.00, 0.00, 0.00, 26.00, 0.00000, 0.00 
 
50.00, 37.00, 13.00, 26.000000, 2.00, 0.00, 0.00, 26.00, 0.00000, 0.00 
 
50.00, 37.00, 13.00, 26.000000, 2.00, 0.00, 0.00, 26.00, 0.00000, 0.00 
 
50.00, 37.00, 13.00, 26.000000, 2.00, 0.00, 0.00, 26.00, 0.00000, 0.00 
 
50.00, 37.00, 13.00, 26.000000, 2.00, 0.00, 0.00, 26.00, 0.00000, 0.00 
 
50.00, 37.00, 13.00, 26.000000, 2.00, 0.00, 0.00, 26.00, 0.00000, 0.00 
 
50.00, 37.00, 13.00, 26.000000, 2.00, 0.00, 0.00, 26.00, 0.00000, 0.00 
 
50.00, 37.00, 13.00, 26.000000, 2.00, 0.00, 0.00, 26.00, 0.00000, 0.00 
 
50.00, 37.00, 13.00, 26.000000, 2.00, 0.00, 0.00, 26.00, 0.00000, 0.00 
 
50.00, 37.00, 13.00, 26.000000, 2.00, 0.00, 0.00, 26.00, 0.00000, 0.00 
 
50.00, 37.00, 13.00, 26.000000, 2.00, 0.00, 0.00, 26.00, 0.00000, 0.00 
 
50.00, 37.00, 13.00, 26.000000, 2.00, 0.00, 0.00, 26.00, 0.00000, 0.00 
 
50.00, 37.00, 13.00, 26.000000, 2.00, 0.00, 0.00, 26.00, 0.00000, 0.00 
 
50.00, 37.00, 13.00, 26.000000, 2.00, 0.00, 0.00, 26.00, 0.00000, 0.00 
 
50.00, 37.00, 13.00, 26.000000, 2.00, 0.00, 0.00, 26.00, 0.00000, 0.00 
 
50.00, 37.00, 13.00, 26.000000, 2.00, 0.00, 0.00, 26.00, 0.00000, 0.00 
 
50.00, 37.00, 13.00, 26.000000, 2.00, 0.00, 0.00, 26.00, 0.00000, 0.00 
 
50.00, 37.00, 13.00, 26.000000, 2.00, 0.00, 0.00, 26.00, 0.00000, 0.00 
 
50.00, 37.00, 13.00, 26.000000, 2.00, 0.00, 0.00, 26.00, 0.00000, 0.00 
 
50.00, 37.00, 13.00, 26.000000, 2.00, 0.00, 0.00, 26.00, 0.00000, 0.00 
 
50.00, 37.00, 13.00, 26.000000, 2.00, 0.00, 0.00, 26.00, 0.00000, 0.00 
 
50.00, 37.00, 13.00, 26.000000, 2.00, 0.00, 0.00, 26.00, 0.00000, 0.00 
 
50.00, 37.00, 13.00, 26.000000, 2.00, 0.00, 0.00, 26.00, 0.00000, 0.00 
 
50.00, 37.00, 13.00, 26.000000, 2.00, 0.00, 0.00, 26.00, 0.00000, 0.00 
 
50.00, 37.00, 13.00, 26.000000, 2.00, 0.00, 0.00, 26.00, 0.00000, 0.00 
 
50.00, 37.00, 13.00, 26.000000, 2.00, 0.00, 0.00, 26.00, 0.00000, 0.00 
 
50.00, 37.00, 13.00, 26.000000, 2.00, 0.00, 0.00, 26.00, 0.00000, 0.00 
 
50.00, 37.00, 13.00, 26.000000, 2.00, 0.00, 0.00, 26.00, 0.00000, 0.00 
 
50.00, 37.00, 13.00, 26.000000, 2.00, 0.00, 0.00, 26.00, 0.00000, 0.00 
 
50.00, 37.00, 13.00, 26.000000, 2.00, 0.00, 0.00, 26.00, 0.00000, 0.00 
 
50.00, 37.00, 13.00, 26.000000, 2.00, 0.00, 0.00, 26.00, 0.00000, 0.00 
 
50.00, 37.00, 13.00, 26.000000, 2.00, 0.00, 0.00, 26.00, 0.00000, 0.00 
 
50.00, 37.00, 13.00, 26.000000, 2.00, 0.00, 0.00, 26.00, 0.00000, 0.00 
 
50.00, 37.00, 13.00, 26.000000, 2.00, 0.00, 0.00, 26.00, 0.00000, 0.00 
 
50.00, 37.00, 13.00, 26.000000, 2.00, 0.00, 0.00, 26.00, 0.00000, 0.00 
 
50.00, 37.00, 13.00, 26.000000, 2.00, 0.00, 0.00, 26.00, 0.00000, 0.00 
 
50.00, 37.00, 13.00, 26.000000, 2.00, 0.00, 0.00, 26.00, 0.00000, 0.00 
 
50.00, 37.00, 13.00, 26.000000, 2.00, 0.00, 0.00, 26.00, 0.00000, 0.00 
 
50.00, 37.00, 13.00, 26.000000, 2.00, 0.00, 0.00, 26.00, 0.00000, 0.00 
 
50.00, 37.00, 13.00, 26.000000, 2.00, 0.00, 0.00, 26.00, 0.00000, 0.00 
 
50.00, 37.00, 13.00, 26.000000, 2.00, 0.00, 0.00, 26.00, 0.00000, 0.00 
 
50.00, 37.00, 13.00, 26.000000, 2.00, 0.00, 0.00, 26.00, 0.00000, 0.00 
 
50.00, 37.00, 13.00, 26.000000, 2.00, 0.00, 0.00, 26.00, 0.00000, 0.00 
 
50.00, 37.00, 13.00, 26.000000, 2.00, 0.00, 0.00, 26.00, 0.00000, 0.00 
 
50.00, 37.00, 13.00, 26.000000, 2.00, 0.00, 0.00, 26.00, 0.00000, 0.00 
 
50.00, 37.00, 13.00, 26.000000, 2.00, 0.00, 0.00, 26.00, 0.00000, 0.00 
 
50.00, 37.00, 13.00, 26.000000, 2.00, 0.00, 0.00, 26.00, 0.00000, 0.00 
 
50.00, 37.00, 13.00, 26.000000, 2.00, 0.00, 0.00, 26.00, 0.00000, 0.00 
 
50.00, 37.00, 13.00, 26.000000, 2.00, 0.00, 0.00, 26.00, 0.00000, 0.00 
 
50.00, 37.00, 13.00, 26.000000, 2.00, 0.00, 0.00, 26.00, 0.00000, 0.00 
 
50.00, 37.00, 13.00, 26.000000, 2.00, 0.00, 0.00, 26.00, 0.00000, 0.00 
 
50.00, 37.00, 13.00, 26.000000, 2.00, 0.00, 0.00, 26.00, 0.00000, 0.00 
 
50.00, 37.00, 13.00, 26.000000, 2.00, 0.00, 0.00, 26.00, 0.00000, 0.00 
 
50.00, 37.00, 13.00, 26.000000, 2.00, 0.00, 0.00, 26.00, 0.00000, 0.00 
 
50.00, 37.00, 13.00, 26.000000, 2.00, 0.00, 0.00, 26.00, 0.00000, 0.00 
 
50.00, 37.00, 13.00, 26.000000, 2.00, 0.00, 0.00, 26.00, 0.00000, 0.00 
 
50.00, 37.00, 13.00, 26.000000, 2.00, 0.00, 0.00, 26.00, 0.00000, 0.00 
 
50.00, 37.00, 13.00, 26.000000, 2.00, 0.00, 0.00, 26.00, 0.00000, 0.00 
 
50.00, 37.00, 13.00, 26.000000, 2.00, 0.00, 0.00, 26.00, 0.00000, 0.00 
 
50.00, 37.00, 13.00, 26.000000, 2.00, 0.00, 0.00, 26.00, 0.00000, 0.00 
 
50.00, 37.00, 13.00, 26.000000, 2.00, 0.00, 0.00, 26.00, 0.00000, 0.00 
 
50.00, 37.00, 13.00, 26.000000, 2.00, 0.00, 0.00, 26.00, 0.00000, 0.00 
 
50.00, 37.00, 13.00, 26.000000, 2.00, 0.00, 0.00, 26.00, 0.00000, 0.00 
 
50.00, 37.00, 13.00, 26.000000, 2.00, 0.00, 0.00, 26.00, 0.00000, 0.00 
 
50.00, 37.00, 13.00, 26.000000, 2.00, 0.00, 0.00, 26.00, 0.00000, 0.00 
 
50.00, 37.00, 13.00, 26.000000, 2.00, 0.00, 0.00, 26.00, 0.00000, 0.00 
 
50.00, 37.00, 13.00, 26.000000, 2.00, 0.00, 0.00, 26.00, 0.00000, 0.00 
 
50.00, 37.00, 13.00, 26.000000, 2.00, 0.00, 0.00, 26.00, 0.00000, 0.00 
 
50.00, 37.00, 13.00, 26.000000, 2.00, 0.00, 0.00, 26.00, 0.00000, 0.00 
 
50.00, 37.00, 13.00, 26.000000, 2.00, 0.00, 0.00, 26.00, 0.00000, 0.00 
 
50.00, 37.50, 12.50, 25.000000, 2.00, 0.00, 0.00, 25.00, 0.00000, -0.00 
 
50.00, 37.00, 13.00, 26.000000, 2.00, 0.00, 0.00, 26.00, 0.00000, 0.00 
 
50.00, 37.00, 13.00, 26.000000, 2.00, 0.00, 0.00, 26.00, 0.00000, 0.00 
 
50.00, 37.00, 13.00, 26.000000, 2.00, 0.00, 0.00, 26.00, 0.00000, 0.00 
 
50.00, 37.00, 13.00, 26.000000, 2.00, 0.00, 0.00, 26.00, 0.00000, 0.00 
 
50.00, 37.00, 13.00, 26.000000, 2.00, 0.00, 0.00, 26.00, 0.00000, 0.00 
 
50.00, 37.00, 13.00, 26.000000, 2.00, 0.00, 0.00, 26.00, 0.00000, 0.00 
 
50.00, 37.00, 13.00, 26.000000, 2.00, 0.00, 0.00, 26.00, 0.00000, 0.00 
 
50.00, 37.00, 13.00, 26.000000, 2.00, 0.00, 0.00, 26.00, 0.00000, 0.00 
 
50.00, 37.00, 13.00, 26.000000, 2.00, 0.00, 0.00, 26.00, 0.00000, 0.00 
 
50.00, 37.00, 13.00, 26.000000, 2.00, 0.00, 0.00, 26.00, 0.00000, 0.00 
 
50.00, 37.00, 13.00, 26.000000, 2.00, 0.00, 0.00, 26.00, 0.00000, 0.00 
 
50.00, 37.00, 13.00, 26.000000, 2.00, 0.00, 0.00, 26.00, 0.00000, 0.00 
 
50.00, 37.00, 13.00, 26.000000, 2.00, 0.00, 0.00, 26.00, 0.00000, 0.00 
 
50.00, 37.00, 13.00, 26.000000, 2.00, 0.00, 0.00, 26.00, 0.00000, 0.00 
 
50.00, 37.00, 13.00, 26.000000, 2.00, 0.00, 0.00, 26.00, 0.00000, 0.00 
 
50.00, 37.00, 13.00, 26.000000, 2.00, 0.00, 0.00, 26.00, 0.00000, 0.00 
 
50.00, 37.00, 13.00, 26.000000, 2.00, 0.00, 0.00, 26.00, 0.00000, 0.00 
 
50.00, 37.00, 13.00, 26.000000, 2.00, 0.00, 0.00, 26.00, 0.00000, 0.00 
 
50.00, 37.00, 13.00, 26.000000, 2.00, 0.00, 0.00, 26.00, 0.00000, 0.00 
 
50.00, 37.00, 13.00, 26.000000, 2.00, 0.00, 0.00, 26.00, 0.00000, 0.00 
 
50.00, 37.00, 13.00, 26.000000, 2.00, 0.00, 0.00, 26.00, 0.00000, 0.00 
 
50.00, 37.00, 13.00, 26.000000, 2.00, 0.00, 0.00, 26.00, 0.00000, 0.00 
 
50.00, 37.00, 13.00, 26.000000, 2.00, 0.00, 0.00, 26.00, 0.00000, 0.00 
 
50.00, 37.00, 13.00, 26.000000, 2.00, 0.00, 0.00, 26.00, 0.00000, 0.00 
 
50.00, 37.00, 13.00, 26.000000, 2.00, 0.00, 0.00, 26.00, 0.00000, 0.00 
 
50.00, 37.50, 12.50, 25.000000, 2.00, 0.00, 0.00, 25.00, 0.00000, -0.00 
 
50.00, 37.00, 13.00, 26.000000, 2.00, 0.00, 0.00, 26.00, 0.00000, 0.00 
 
50.00, 37.00, 13.00, 26.000000, 2.00, 0.00, 0.00, 26.00, 0.00000, 0.00 
 
50.00, 37.00, 13.00, 26.000000, 2.00, 0.00, 0.00, 26.00, 0.00000, 0.00 
 
50.00, 37.00, 13.00, 26.000000, 2.00, 0.00, 0.00, 26.00, 0.00000, 0.00 
 
50.00, 37.00, 13.00, 26.000000, 2.00, 0.00, 0.00, 26.00, 0.00000, 0.00 
 
50.00, 37.00, 13.00, 26.000000, 2.00, 0.00, 0.00, 26.00, 0.00000, 0.00 
 
50.00, 37.50, 12.50, 25.000000, 2.00, 0.00, 0.00, 25.00, 0.00000, -0.00 
 
50.00, 37.00, 13.00, 26.000000, 2.00, 0.00, 0.00, 26.00, 0.00000, 0.00 
 
50.00, 37.00, 13.00, 26.000000, 2.00, 0.00, 0.00, 26.00, 0.00000, 0.00 
 
50.00, 37.00, 13.00, 26.000000, 2.00, 0.00, 0.00, 26.00, 0.00000, 0.00 
 
50.00, 37.00, 13.00, 26.000000, 2.00, 0.00, 0.00, 26.00, 0.00000, 0.00 
 
50.00, 37.00, 13.00, 26.000000, 2.00, 0.00, 0.00, 26.00, 0.00000, 0.00 
 
50.00, 37.50, 12.50, 25.000000, 2.00, 0.00, 0.00, 25.00, 0.00000, -0.00 
 
50.00, 37.50, 12.50, 25.000000, 2.00, 0.00, 0.00, 25.00, 0.00000, 0.00 
 
50.00, 37.50, 12.50, 25.000000, 2.00, 0.00, 0.00, 25.00, 0.00000, 0.00 
 
50.00, 37.00, 13.00, 26.000000, 2.00, 0.00, 0.00, 26.00, 0.00000, 0.00 
 
50.00, 37.00, 13.00, 26.000000, 2.00, 0.00, 0.00, 26.00, 0.00000, 0.00 
 
50.00, 37.00, 13.00, 26.000000, 2.00, 0.00, 0.00, 26.00, 0.00000, 0.00 
 
50.00, 37.00, 13.00, 26.000000, 2.00, 0.00, 0.00, 26.00, 0.00000, 0.00 
 
50.00, 37.50, 12.50, 25.000000, 2.00, 0.00, 0.00, 25.00, 0.00000, -0.00 
 
50.00, 37.50, 12.50, 25.000000, 2.00, 0.00, 0.00, 25.00, 0.00000, 0.00 
 
50.00, 37.00, 13.00, 26.000000, 2.00, 0.00, 0.00, 26.00, 0.00000, 0.00 
 
50.00, 37.00, 13.00, 26.000000, 2.00, 0.00, 0.00, 26.00, 0.00000, 0.00 
 
50.00, 37.00, 13.00, 26.000000, 2.00, 0.00, 0.00, 26.00, 0.00000, 0.00 
 
50.00, 37.50, 12.50, 25.000000, 2.00, 0.00, 0.00, 25.00, 0.00000, -0.00 
 
50.00, 37.00, 13.00, 26.000000, 2.00, 0.00, 0.00, 26.00, 0.00000, 0.00 
 
50.00, 37.00, 13.00, 26.000000, 2.00, 0.00, 0.00, 26.00, 0.00000, 0.00 
 
50.00, 37.50, 12.50, 25.000000, 2.00, 0.00, 0.00, 25.00, 0.00000, -0.00 
 
50.00, 37.50, 12.50, 25.000000, 2.00, 0.00, 0.00, 25.00, 0.00000, 0.00 
 
50.00, 37.50, 12.50, 25.000000, 2.00, 0.00, 0.00, 25.00, 0.00000, 0.00 
 
50.00, 37.50, 12.50, 25.000000, 2.00, 0.00, 0.00, 25.00, 0.00000, 0.00 
 
50.00, 37.00, 13.00, 26.000000, 2.00, 0.00, 0.00, 26.00, 0.00000, 0.00 
 
50.00, 37.00, 13.00, 26.000000, 2.00, 0.00, 0.00, 26.00, 0.00000, 0.00 
 
50.00, 37.00, 13.00, 26.000000, 2.00, 0.00, 0.00, 26.00, 0.00000, 0.00 
 
50.00, 37.00, 13.00, 26.000000, 2.00, 0.00, 0.00, 26.00, 0.00000, 0.00 
 
50.00, 37.00, 13.00, 26.000000, 2.00, 0.00, 0.00, 26.00, 0.00000, 0.00 
 
50.00, 37.00, 13.00, 26.000000, 2.00, 0.00, 0.00, 26.00, 0.00000, 0.00 
 
50.00, 37.00, 13.00, 26.000000, 2.00, 0.00, 0.00, 26.00, 0.00000, 0.00 
 
50.00, 37.00, 13.00, 26.000000, 2.00, 0.00, 0.00, 26.00, 0.00000, 0.00 
 
50.00, 37.00, 13.00, 26.000000, 2.00, 0.00, 0.00, 26.00, 0.00000, 0.00 
 
50.00, 37.50, 12.50, 25.000000, 2.00, 0.00, 0.00, 25.00, 0.00000, -0.00 
 
50.00, 37.50, 12.50, 25.000000, 2.00, 0.00, 0.00, 25.00, 0.00000, 0.00 
 
50.00, 37.50, 12.50, 25.000000, 2.00, 0.00, 0.00, 25.00, 0.00000, 0.00 
 
50.00, 37.00, 13.00, 26.000000, 2.00, 0.00, 0.00, 26.00, 0.00000, 0.00 
 
50.00, 37.50, 12.50, 25.000000, 2.00, 0.00, 0.00, 25.00, 0.00000, -0.00 
 
50.00, 37.50, 12.50, 25.000000, 2.00, 0.00, 0.00, 25.00, 0.00000, 0.00 
 
50.00, 37.50, 12.50, 25.000000, 2.00, 0.00, 0.00, 25.00, 0.00000, 0.00 
 
50.00, 37.00, 13.00, 26.000000, 2.00, 0.00, 0.00, 26.00, 0.00000, 0.00 
 
50.00, 37.50, 12.50, 25.000000, 2.00, 0.00, 0.00, 25.00, 0.00000, -0.00 
 
50.00, 37.50, 12.50, 25.000000, 2.00, 0.00, 0.00, 25.00, 0.00000, 0.00 
 
50.00, 37.50, 12.50, 25.000000, 2.00, 0.00, 0.00, 25.00, 0.00000, 0.00 
 
50.00, 37.50, 12.50, 25.000000, 2.00, 0.00, 0.00, 25.00, 0.00000, 0.00 
 
50.00, 37.00, 13.00, 26.000000, 2.00, 0.00, 0.00, 26.00, 0.00000, 0.00 
 
50.00, 37.50, 12.50, 25.000000, 2.00, 0.00, 0.00, 25.00, 0.00000, -0.00 
 
50.00, 37.50, 12.50, 25.000000, 2.00, 0.00, 0.00, 25.00, 0.00000, 0.00 
 
50.00, 37.00, 13.00, 26.000000, 2.00, 0.00, 0.00, 26.00, 0.00000, 0.00 
 
50.00, 37.50, 12.50, 25.000000, 2.00, 0.00, 0.00, 25.00, 0.00000, -0.00 
 
50.00, 37.00, 13.00, 26.000000, 2.00, 0.00, 0.00, 26.00, 0.00000, 0.00 
 
50.00, 37.00, 13.00, 26.000000, 2.00, 0.00, 0.00, 26.00, 0.00000, 0.00 
 
50.00, 37.00, 13.00, 26.000000, 2.00, 0.00, 0.00, 26.00, 0.00000, 0.00 
 
50.00, 37.00, 13.00, 26.000000, 2.00, 0.00, 0.00, 26.00, 0.00000, 0.00 
 
50.00, 37.50, 12.50, 25.000000, 2.00, 0.00, 0.00, 25.00, 0.00000, -0.00 
 
50.00, 37.00, 13.00, 26.000000, 2.00, 0.00, 0.00, 26.00, 0.00000, 0.00 
 
50.00, 37.50, 12.50, 25.000000, 2.00, 0.00, 0.00, 25.00, 0.00000, -0.00 
 
50.00, 37.50, 12.50, 25.000000, 2.00, 0.00, 0.00, 25.00, 0.00000, 0.00 
 
50.00, 37.00, 13.00, 26.000000, 2.00, 0.00, 0.00, 26.00, 0.00000, 0.00 
 
50.00, 37.50, 12.50, 25.000000, 2.00, 0.00, 0.00, 25.00, 0.00000, -0.00 
 
50.00, 37.50, 12.50, 25.000000, 2.00, 0.00, 0.00, 25.00, 0.00000, 0.00 
 
50.00, 37.50, 12.50, 25.000000, 2.00, 0.00, 0.00, 25.00, 0.00000, 0.00 
 
50.00, 37.50, 12.50, 25.000000, 2.00, 0.00, 0.00, 25.00, 0.00000, 0.00 
 
50.00, 37.50, 12.50, 25.000000, 2.00, 0.00, 0.00, 25.00, 0.00000, 0.00 
 
50.00, 37.00, 13.00, 26.000000, 2.00, 0.00, 0.00, 26.00, 0.00000, 0.00 
 
50.00, 37.50, 12.50, 25.000000, 2.00, 0.00, 0.00, 25.00, 0.00000, -0.00 
 
50.00, 37.00, 13.00, 26.000000, 2.00, 0.00, 0.00, 26.00, 0.00000, 0.00 
 
50.00, 37.50, 12.50, 25.000000, 2.00, 0.00, 0.00, 25.00, 0.00000, -0.00 
 
50.00, 37.00, 13.00, 26.000000, 2.00, 0.00, 0.00, 26.00, 0.00000, 0.00 
 
50.00, 37.50, 12.50, 25.000000, 2.00, 0.00, 0.00, 25.00, 0.00000, -0.00 
 
50.00, 37.50, 12.50, 25.000000, 2.00, 0.00, 0.00, 25.00, 0.00000, 0.00 
 
50.00, 37.50, 12.50, 25.000000, 2.00, 0.00, 0.00, 25.00, 0.00000, 0.00 
 
50.00, 37.50, 12.50, 25.000000, 2.00, 0.00, 0.00, 25.00, 0.00000, 0.00 
 
50.00, 37.50, 12.50, 25.000000, 2.00, 0.00, 0.00, 25.00, 0.00000, 0.00 
 
50.00, 37.50, 12.50, 25.000000, 2.00, 0.00, 0.00, 25.00, 0.00000, 0.00 
 
50.00, 37.50, 12.50, 25.000000, 2.00, 0.00, 0.00, 25.00, 0.00000, 0.00 
 
50.00, 37.50, 12.50, 25.000000, 2.00, 0.00, 0.00, 25.00, 0.00000, 0.00 
 
