30.00, 30.50, -0.50, 0.000000, 0.00, 0.07, 0.00, -0.00, -0.01110, 0.00 
 
30.00, 30.00, 0.00, 0.000000, 0.00, 0.07, 0.00, 0.00, 0.00000, 0.00 
 
30.00, 30.50, -0.50, 0.000000, 0.00, 0.07, 0.00, -0.00, -0.01110, -0.00 
 
30.00, 30.00, 0.00, 0.000000, 0.00, 0.07, 0.00, 0.00, 0.00000, 0.00 
 
30.00, 30.00, 0.00, 0.000000, 0.00, 0.07, 0.00, 0.00, 0.00000, 0.00 
 
30.00, 30.00, 0.00, 0.000000, 0.00, 0.07, 0.00, 0.00, 0.00000, 0.00 
 
30.00, 30.00, 0.00, 0.000000, 0.00, 0.07, 0.00, 0.00, 0.00000, 0.00 
 
30.00, 30.00, 0.00, 0.000000, 0.00, 0.07, 0.00, 0.00, 0.00000, 0.00 
 
30.00, 30.00, 0.00, 0.000000, 0.00, 0.07, 0.00, 0.00, 0.00000, 0.00 
 
30.00, 30.00, 0.00, 0.000000, 0.00, 0.07, 0.00, 0.00, 0.00000, 0.00 
 
30.00, 30.00, 0.00, 0.000000, 0.00, 0.07, 0.00, 0.00, 0.00000, 0.00 
 
30.00, 30.00, 0.00, 0.000000, 0.00, 0.07, 0.00, 0.00, 0.00000, 0.00 
 
30.00, 30.00, 0.00, 0.000000, 0.00, 0.07, 0.00, 0.00, 0.00000, 0.00 
 
30.00, 30.00, 0.00, 0.000000, 0.00, 0.07, 0.00, 0.00, 0.00000, 0.00 
 
30.00, 30.00, 0.00, 0.000000, 0.00, 0.07, 0.00, 0.00, 0.00000, 0.00 
 
30.00, 30.00, 0.00, 0.000000, 0.00, 0.07, 0.00, 0.00, 0.00000, 0.00 
 
30.00, 30.00, 0.00, 0.000000, 0.00, 0.07, 0.00, 0.00, 0.00000, 0.00 
 
30.00, 30.00, 0.00, 0.000000, 0.00, 0.07, 0.00, 0.00, 0.00000, 0.00 
 
30.00, 30.00, 0.00, 0.000000, 0.00, 0.07, 0.00, 0.00, 0.00000, 0.00 
 
30.00, 30.00, 0.00, 0.000000, 0.00, 0.07, 0.00, 0.00, 0.00000, 0.00 
 
30.00, 30.00, 0.00, 0.000000, 0.00, 0.07, 0.00, 0.00, 0.00000, 0.00 
 
30.00, 30.00, 0.00, 0.000000, 0.00, 0.07, 0.00, 0.00, 0.00000, 0.00 
 
30.00, 30.00, 0.00, 0.000000, 0.00, 0.07, 0.00, 0.00, 0.00000, 0.00 
 
30.00, 30.00, 0.00, 0.000000, 0.00, 0.07, 0.00, 0.00, 0.00000, 0.00 
 
30.00, 30.00, 0.00, 0.000000, 0.00, 0.07, 0.00, 0.00, 0.00000, 0.00 
 
50.00, 30.00, 20.00, 0.444000, 0.00, 0.07, 0.00, 0.00, 0.44400, 0.00 
 
50.00, 30.00, 20.00, 0.888000, 0.00, 0.07, 0.00, 0.00, 0.88800, 0.00 
 
50.00, 30.00, 20.00, 1.332000, 0.00, 0.07, 0.00, 0.00, 1.33200, 0.00 
 
50.00, 30.00, 20.00, 1.776000, 0.00, 0.07, 0.00, 0.00, 1.77600, 0.00 
 
50.00, 30.00, 20.00, 2.220000, 0.00, 0.07, 0.00, 0.00, 2.22000, 0.00 
 
50.00, 30.00, 20.00, 2.664000, 0.00, 0.07, 0.00, 0.00, 2.66400, 0.00 
 
50.00, 30.00, 20.00, 3.108000, 0.00, 0.07, 0.00, 0.00, 3.10800, 0.00 
 
50.00, 30.50, 19.50, 3.540900, 0.00, 0.07, 0.00, 0.00, 3.54090, -0.00 
 
50.00, 29.00, 21.00, 4.007100, 0.00, 0.07, 0.00, 0.00, 4.00710, 0.00 
 
50.00, 30.50, 19.50, 4.440000, 0.00, 0.07, 0.00, 0.00, 4.44000, -0.00 
 
50.00, 29.50, 20.50, 4.895100, 0.00, 0.07, 0.00, 0.00, 4.89510, 0.00 
 
50.00, 29.00, 21.00, 5.361300, 0.00, 0.07, 0.00, 0.00, 5.36130, 0.00 
 
50.00, 30.00, 20.00, 5.805300, 0.00, 0.07, 0.00, 0.00, 5.80530, -0.00 
 
50.00, 30.00, 20.00, 6.249300, 0.00, 0.07, 0.00, 0.00, 6.24930, 0.00 
 
50.00, 30.00, 20.00, 6.693301, 0.00, 0.07, 0.00, 0.00, 6.69330, 0.00 
 
50.00, 30.50, 19.50, 7.126201, 0.00, 0.07, 0.00, 0.00, 7.12620, -0.00 
 
50.00, 29.00, 21.00, 7.592401, 0.00, 0.07, 0.00, 0.00, 7.59240, 0.00 
 
50.00, 30.00, 20.00, 8.036401, 0.00, 0.07, 0.00, 0.00, 8.03640, -0.00 
 
50.00, 30.50, 19.50, 8.469301, 0.00, 0.07, 0.00, 0.00, 8.46930, -0.00 
 
50.00, 29.00, 21.00, 8.935500, 0.00, 0.07, 0.00, 0.00, 8.93550, 0.00 
 
50.00, 30.50, 19.50, 9.368401, 0.00, 0.07, 0.00, 0.00, 9.36840, -0.00 
 
50.00, 29.50, 20.50, 9.823501, 0.00, 0.07, 0.00, 0.00, 9.82350, 0.00 
 
50.00, 29.00, 21.00, 10.289701, 0.00, 0.07, 0.00, 0.00, 10.28970, 0.00 
 
50.00, 30.00, 20.00, 10.733701, 0.00, 0.07, 0.00, 0.00, 10.73370, -0.00 
 
50.00, 30.50, 19.50, 11.166601, 0.00, 0.07, 0.00, 0.00, 11.16660, -0.00 
 
50.00, 29.00, 21.00, 11.632801, 0.00, 0.07, 0.00, 0.00, 11.63280, 0.00 
 
50.00, 30.00, 20.00, 12.076801, 0.00, 0.07, 0.00, 0.00, 12.07680, -0.00 
 
50.00, 30.50, 19.50, 12.509701, 0.00, 0.07, 0.00, 0.00, 12.50970, -0.00 
 
50.00, 29.00, 21.00, 12.975901, 0.00, 0.07, 0.00, 0.00, 12.97590, 0.00 
 
50.00, 30.00, 20.00, 13.419901, 0.00, 0.07, 0.00, 0.00, 13.41990, -0.00 
 
50.00, 30.00, 20.00, 13.863901, 0.00, 0.07, 0.00, 0.00, 13.86390, 0.00 
 
50.00, 30.00, 20.00, 14.307901, 0.00, 0.07, 0.00, 0.00, 14.30790, 0.00 
 
50.00, 30.00, 20.00, 14.751902, 0.00, 0.07, 0.00, 0.00, 14.75190, 0.00 
 
50.00, 30.00, 20.00, 15.195902, 0.00, 0.07, 0.00, 0.00, 15.19590, 0.00 
 
50.00, 30.00, 20.00, 15.639902, 0.00, 0.07, 0.00, 0.00, 15.63990, 0.00 
 
50.00, 30.00, 20.00, 16.083902, 0.00, 0.07, 0.00, 0.00, 16.08390, 0.00 
 
50.00, 30.00, 20.00, 16.527903, 0.00, 0.07, 0.00, 0.00, 16.52790, 0.00 
 
50.00, 30.00, 20.00, 16.971903, 0.00, 0.07, 0.00, 0.00, 16.97190, 0.00 
 
50.00, 30.00, 20.00, 17.415903, 0.00, 0.07, 0.00, 0.00, 17.41590, 0.00 
 
50.00, 30.00, 20.00, 17.859903, 0.00, 0.07, 0.00, 0.00, 17.85990, 0.00 
 
50.00, 30.00, 20.00, 18.303904, 0.00, 0.07, 0.00, 0.00, 18.30390, 0.00 
 
50.00, 30.00, 20.00, 18.747904, 0.00, 0.07, 0.00, 0.00, 18.74790, 0.00 
 
50.00, 30.00, 20.00, 19.191904, 0.00, 0.07, 0.00, 0.00, 19.19190, 0.00 
 
50.00, 30.00, 20.00, 19.635904, 0.00, 0.07, 0.00, 0.00, 19.63590, 0.00 
 
50.00, 30.00, 20.00, 20.079905, 0.00, 0.07, 0.00, 0.00, 20.07990, 0.00 
 
50.00, 30.00, 20.00, 20.523905, 0.00, 0.07, 0.00, 0.00, 20.52390, 0.00 
 
50.00, 30.00, 20.00, 20.967905, 0.00, 0.07, 0.00, 0.00, 20.96791, 0.00 
 
50.00, 30.00, 20.00, 21.411905, 0.00, 0.07, 0.00, 0.00, 21.41191, 0.00 
 
50.00, 30.00, 20.00, 21.855906, 0.00, 0.07, 0.00, 0.00, 21.85591, 0.00 
 
50.00, 30.00, 20.00, 22.299906, 0.00, 0.07, 0.00, 0.00, 22.29991, 0.00 
 
50.00, 30.00, 20.00, 22.743906, 0.00, 0.07, 0.00, 0.00, 22.74391, 0.00 
 
50.00, 30.00, 20.00, 23.187906, 0.00, 0.07, 0.00, 0.00, 23.18791, 0.00 
 
50.00, 30.50, 19.50, 23.620806, 0.00, 0.07, 0.00, 0.00, 23.62081, -0.00 
 
50.00, 30.00, 20.00, 24.064806, 0.00, 0.07, 0.00, 0.00, 24.06481, 0.00 
 
50.00, 30.50, 19.50, 24.497705, 0.00, 0.07, 0.00, 0.00, 24.49771, -0.00 
 
50.00, 30.50, 19.50, 24.930607, 0.00, 0.07, 0.00, 0.00, 24.93061, 0.00 
 
50.00, 30.50, 19.50, 25.363506, 0.00, 0.07, 0.00, 0.00, 25.36351, 0.00 
 
50.00, 30.50, 19.50, 25.796406, 0.00, 0.07, 0.00, 0.00, 25.79641, 0.00 
 
50.00, 30.50, 19.50, 26.229307, 0.00, 0.07, 0.00, 0.00, 26.22931, 0.00 
 
50.00, 30.50, 19.50, 26.662207, 0.00, 0.07, 0.00, 0.00, 26.66221, 0.00 
 
50.00, 30.50, 19.50, 27.095106, 0.00, 0.07, 0.00, 0.00, 27.09511, 0.00 
 
50.00, 30.50, 19.50, 27.528006, 0.00, 0.07, 0.00, 0.00, 27.52801, 0.00 
 
50.00, 30.50, 19.50, 27.960907, 0.00, 0.07, 0.00, 0.00, 27.96091, 0.00 
 
50.00, 30.50, 19.50, 28.393806, 0.00, 0.07, 0.00, 0.00, 28.39381, 0.00 
 
50.00, 30.50, 19.50, 28.826706, 0.00, 0.07, 0.00, 0.00, 28.82671, 0.00 
 
50.00, 30.50, 19.50, 29.259607, 0.00, 0.07, 0.00, 0.00, 29.25961, 0.00 
 
50.00, 30.50, 19.50, 29.692507, 0.00, 0.07, 0.00, 0.00, 29.69251, 0.00 
 
50.00, 30.50, 19.50, 30.125406, 0.00, 0.07, 0.00, 0.00, 30.12541, 0.00 
 
50.00, 30.50, 19.50, 30.558306, 0.00, 0.07, 0.00, 0.00, 30.55831, 0.00 
 
50.00, 30.50, 19.50, 30.991207, 0.00, 0.07, 0.00, 0.00, 30.99121, 0.00 
 
50.00, 30.50, 19.50, 31.424107, 0.00, 0.07, 0.00, 0.00, 31.42411, 0.00 
 
50.00, 30.50, 19.50, 31.857006, 0.00, 0.07, 0.00, 0.00, 31.85701, 0.00 
 
50.00, 30.00, 20.00, 32.301006, 0.00, 0.07, 0.00, 0.00, 32.30101, 0.00 
 
50.00, 31.00, 19.00, 32.722805, 0.00, 0.07, 0.00, 0.00, 32.72281, -0.00 
 
50.00, 31.00, 19.00, 33.144608, 0.00, 0.07, 0.00, 0.00, 33.14461, 0.00 
 
50.00, 31.00, 19.00, 33.566406, 0.00, 0.07, 0.00, 0.00, 33.56641, 0.00 
 
50.00, 31.00, 19.00, 33.988205, 0.00, 0.07, 0.00, 0.00, 33.98820, 0.00 
 
50.00, 31.00, 19.00, 34.410007, 0.00, 0.07, 0.00, 0.00, 34.41001, 0.00 
 
50.00, 31.00, 19.00, 34.831810, 0.00, 0.07, 0.00, 0.00, 34.83181, 0.00 
 
50.00, 31.00, 19.00, 35.253613, 0.00, 0.07, 0.00, 0.00, 35.25361, 0.00 
 
50.00, 31.00, 19.00, 35.675411, 0.00, 0.07, 0.00, 0.00, 35.67541, 0.00 
 
50.00, 31.00, 19.00, 36.097214, 0.00, 0.07, 0.00, 0.00, 36.09721, 0.00 
 
50.00, 31.50, 18.50, 36.507915, 0.00, 0.07, 0.00, 0.00, 36.50792, -0.00 
 
50.00, 31.50, 18.50, 36.918617, 0.00, 0.07, 0.00, 0.00, 36.91862, 0.00 
 
50.00, 31.50, 18.50, 37.329319, 0.00, 0.07, 0.00, 0.00, 37.32932, 0.00 
 
50.00, 31.50, 18.50, 37.740021, 0.00, 0.07, 0.00, 0.00, 37.74002, 0.00 
 
50.00, 31.50, 18.50, 38.150723, 0.00, 0.07, 0.00, 0.00, 38.15072, 0.00 
 
50.00, 31.50, 18.50, 38.561424, 0.00, 0.07, 0.00, 0.00, 38.56142, 0.00 
 
50.00, 31.50, 18.50, 38.972126, 0.00, 0.07, 0.00, 0.00, 38.97213, 0.00 
 
50.00, 31.00, 19.00, 39.393929, 0.00, 0.07, 0.00, 0.00, 39.39393, 0.00 
 
50.00, 32.50, 17.50, 39.782429, 0.00, 0.07, 0.00, 0.00, 39.78243, -0.00 
 
50.00, 31.50, 18.50, 40.193130, 0.00, 0.07, 0.00, 0.00, 40.19313, 0.00 
 
50.00, 31.00, 19.00, 40.614933, 0.00, 0.07, 0.00, 0.00, 40.61493, 0.00 
 
50.00, 32.00, 18.00, 41.014534, 0.00, 0.07, 0.00, 0.00, 41.01453, -0.00 
 
50.00, 32.00, 18.00, 41.414135, 0.00, 0.07, 0.00, 0.00, 41.41413, 0.00 
 
50.00, 32.00, 18.00, 41.813736, 0.00, 0.07, 0.00, 0.00, 41.81374, 0.00 
 
50.00, 32.00, 18.00, 42.213337, 0.00, 0.07, 0.00, 0.00, 42.21334, 0.00 
 
50.00, 32.00, 18.00, 42.612938, 0.00, 0.07, 0.00, 0.00, 42.61294, 0.00 
 
50.00, 32.00, 18.00, 43.012539, 0.00, 0.07, 0.00, 0.00, 43.01254, 0.00 
 
50.00, 32.00, 18.00, 43.412140, 0.00, 0.07, 0.00, 0.00, 43.41214, 0.00 
 
50.00, 32.00, 18.00, 43.811741, 0.00, 0.07, 0.00, 0.00, 43.81174, 0.00 
 
50.00, 32.00, 18.00, 44.211342, 0.00, 0.07, 0.00, 0.00, 44.21134, 0.00 
 
50.00, 32.50, 17.50, 44.599842, 0.00, 0.07, 0.00, 0.00, 44.59984, -0.00 
 
50.00, 32.50, 17.50, 44.988346, 0.00, 0.07, 0.00, 0.00, 44.98835, 0.00 
 
50.00, 32.50, 17.50, 45.376846, 0.00, 0.07, 0.00, 0.00, 45.37685, 0.00 
 
50.00, 32.50, 17.50, 45.765347, 0.00, 0.07, 0.00, 0.00, 45.76535, 0.00 
 
50.00, 32.50, 17.50, 46.153847, 0.00, 0.07, 0.00, 0.00, 46.15385, 0.00 
 
50.00, 32.50, 17.50, 46.542347, 0.00, 0.07, 0.00, 0.00, 46.54235, 0.00 
 
50.00, 32.50, 17.50, 46.930851, 0.00, 0.07, 0.00, 0.00, 46.93085, 0.00 
 
50.00, 32.50, 17.50, 47.319351, 0.00, 0.07, 0.00, 0.00, 47.31935, 0.00 
 
50.00, 32.00, 18.00, 47.718952, 0.00, 0.07, 0.00, 0.00, 47.71895, 0.00 
 
50.00, 33.00, 17.00, 48.096352, 0.00, 0.07, 0.00, 0.00, 48.09635, -0.00 
 
50.00, 33.00, 17.00, 48.473755, 0.00, 0.07, 0.00, 0.00, 48.47375, 0.00 
 
50.00, 33.00, 17.00, 48.851154, 0.00, 0.07, 0.00, 0.00, 48.85115, 0.00 
 
50.00, 33.00, 17.00, 49.228554, 0.00, 0.07, 0.00, 0.00, 49.22855, 0.00 
 
50.00, 33.00, 17.00, 49.605957, 0.00, 0.07, 0.00, 0.00, 49.60596, 0.00 
 
50.00, 33.50, 16.50, 49.972256, 0.00, 0.07, 0.00, 0.00, 49.97226, -0.00 
 
50.00, 33.00, 17.00, 50.349655, 0.00, 0.07, 0.00, 0.00, 50.34966, 0.00 
 
50.00, 33.50, 16.50, 50.715958, 0.00, 0.07, 0.00, 0.00, 50.71596, -0.00 
 
50.00, 33.50, 16.50, 51.082256, 0.00, 0.07, 0.00, 0.00, 51.08226, 0.00 
 
50.00, 33.50, 16.50, 51.448559, 0.00, 0.07, 0.00, 0.00, 51.44856, 0.00 
 
50.00, 33.50, 16.50, 51.814857, 0.00, 0.07, 0.00, 0.00, 51.81486, 0.00 
 
50.00, 33.50, 16.50, 52.181160, 0.00, 0.07, 0.00, 0.00, 52.18116, 0.00 
 
50.00, 33.50, 16.50, 52.547459, 0.00, 0.07, 0.00, 0.00, 52.54746, 0.00 
 
50.00, 33.00, 17.00, 52.924862, 0.00, 0.07, 0.00, 0.00, 52.92486, 0.00 
 
50.00, 34.00, 16.00, 53.280060, 0.00, 0.07, 0.00, 0.00, 53.28006, -0.00 
 
50.00, 34.50, 15.50, 53.624161, 0.00, 0.07, 0.00, 0.00, 53.62416, -0.00 
 
50.00, 33.00, 17.00, 54.001560, 0.00, 0.07, 0.00, 0.00, 54.00156, 0.00 
 
50.00, 34.00, 16.00, 54.356762, 0.00, 0.07, 0.00, 0.00, 54.35676, -0.00 
 
50.00, 34.00, 16.00, 54.711960, 0.00, 0.07, 0.00, 0.00, 54.71196, 0.00 
 
50.00, 34.00, 16.00, 55.067162, 0.00, 0.07, 0.00, 0.00, 55.06716, 0.00 
 
50.00, 34.00, 16.00, 55.422363, 0.00, 0.07, 0.00, 0.00, 55.42236, 0.00 
 
50.00, 34.00, 16.00, 55.777561, 0.00, 0.07, 0.00, 0.00, 55.77756, 0.00 
 
50.00, 34.00, 16.00, 56.132763, 0.00, 0.07, 0.00, 0.00, 56.13276, 0.00 
 
50.00, 34.50, 15.50, 56.476864, 0.00, 0.07, 0.00, 0.00, 56.47686, -0.00 
 
50.00, 34.50, 15.50, 56.820961, 0.00, 0.07, 0.00, 0.00, 56.82096, 0.00 
 
50.00, 34.50, 15.50, 57.165062, 0.00, 0.07, 0.00, 0.00, 57.16506, 0.00 
 
50.00, 34.50, 15.50, 57.509163, 0.00, 0.07, 0.00, 0.00, 57.50916, 0.00 
 
50.00, 34.50, 15.50, 57.853264, 0.00, 0.07, 0.00, 0.00, 57.85326, 0.00 
 
50.00, 34.50, 15.50, 58.197361, 0.00, 0.07, 0.00, 0.00, 58.19736, 0.00 
 
50.00, 34.50, 15.50, 58.541462, 0.00, 0.07, 0.00, 0.00, 58.54146, 0.00 
 
50.00, 34.00, 16.00, 58.896664, 0.00, 0.07, 0.00, 0.00, 58.89666, 0.00 
 
50.00, 35.00, 15.00, 59.229664, 0.00, 0.07, 0.00, 0.00, 59.22966, -0.00 
 
50.00, 35.00, 15.00, 59.562660, 0.00, 0.07, 0.00, 0.00, 59.56266, 0.00 
 
50.00, 35.00, 15.00, 59.895660, 0.00, 0.07, 0.00, 0.00, 59.89566, 0.00 
 
50.00, 35.00, 15.00, 60.228661, 0.00, 0.07, 0.00, 0.00, 60.22866, 0.00 
 
50.00, 35.00, 15.00, 60.561661, 0.00, 0.07, 0.00, 0.00, 60.56166, 0.00 
 
50.00, 35.50, 14.50, 60.883560, 0.00, 0.07, 0.00, 0.00, 60.88356, -0.00 
 
50.00, 35.50, 14.50, 61.205460, 0.00, 0.07, 0.00, 0.00, 61.20546, 0.00 
 
50.00, 35.50, 14.50, 61.527359, 0.00, 0.07, 0.00, 0.00, 61.52736, 0.00 
 
50.00, 35.50, 14.50, 61.849258, 0.00, 0.07, 0.00, 0.00, 61.84926, 0.00 
 
50.00, 35.50, 14.50, 62.171158, 0.00, 0.07, 0.00, 0.00, 62.17116, 0.00 
 
50.00, 35.50, 14.50, 62.493057, 0.00, 0.07, 0.00, 0.00, 62.49306, 0.00 
 
50.00, 35.00, 15.00, 62.826057, 0.00, 0.07, 0.00, 0.00, 62.82606, 0.00 
 
50.00, 36.00, 14.00, 63.136856, 0.00, 0.07, 0.00, 0.00, 63.13686, -0.00 
 
50.00, 36.00, 14.00, 63.447655, 0.00, 0.07, 0.00, 0.00, 63.44765, 0.00 
 
50.00, 36.00, 14.00, 63.758453, 0.00, 0.07, 0.00, 0.00, 63.75845, 0.00 
 
50.00, 36.00, 14.00, 64.069252, 0.00, 0.07, 0.00, 0.00, 64.06925, 0.00 
 
50.00, 36.00, 14.00, 64.380051, 0.00, 0.07, 0.00, 0.00, 64.38005, 0.00 
 
50.00, 36.00, 14.00, 64.690849, 0.00, 0.07, 0.00, 0.00, 64.69085, 0.00 
 
50.00, 36.00, 14.00, 65.001648, 0.00, 0.07, 0.00, 0.00, 65.00165, 0.00 
 
50.00, 36.00, 14.00, 65.312454, 0.00, 0.07, 0.00, 0.00, 65.31245, 0.00 
 
50.00, 36.50, 13.50, 65.612152, 0.00, 0.07, 0.00, 0.00, 65.61215, -0.00 
 
50.00, 36.50, 13.50, 65.911850, 0.00, 0.07, 0.00, 0.00, 65.91185, 0.00 
 
50.00, 36.50, 13.50, 66.211548, 0.00, 0.07, 0.00, 0.00, 66.21155, 0.00 
 
50.00, 36.50, 13.50, 66.511246, 0.00, 0.07, 0.00, 0.00, 66.51125, 0.00 
 
50.00, 36.50, 13.50, 66.810944, 0.00, 0.07, 0.00, 0.00, 66.81094, 0.00 
 
50.00, 36.50, 13.50, 67.110641, 0.00, 0.07, 0.00, 0.00, 67.11064, 0.00 
 
50.00, 36.50, 13.50, 67.410339, 0.00, 0.07, 0.00, 0.00, 67.41034, 0.00 
 
50.00, 36.00, 14.00, 67.721146, 0.00, 0.07, 0.00, 0.00, 67.72115, 0.00 
 
50.00, 37.00, 13.00, 68.009743, 0.00, 0.07, 0.00, 0.00, 68.00974, -0.00 
 
50.00, 37.00, 13.00, 68.298340, 0.00, 0.07, 0.00, 0.00, 68.29834, 0.00 
 
50.00, 37.00, 13.00, 68.586945, 0.00, 0.07, 0.00, 0.00, 68.58694, 0.00 
 
50.00, 37.00, 13.00, 68.875542, 0.00, 0.07, 0.00, 0.00, 68.87554, 0.00 
 
50.00, 37.00, 13.00, 69.164139, 0.00, 0.07, 0.00, 0.00, 69.16414, 0.00 
 
50.00, 37.00, 13.00, 69.452736, 0.00, 0.07, 0.00, 0.00, 69.45274, 0.00 
 
50.00, 37.50, 12.50, 69.730240, 0.00, 0.07, 0.00, 0.00, 69.73024, -0.00 
 
50.00, 37.50, 12.50, 70.007736, 0.00, 0.07, 0.00, 0.00, 70.00774, 0.00 
 
50.00, 37.50, 12.50, 70.285233, 0.00, 0.07, 0.00, 0.00, 70.28523, 0.00 
 
50.00, 37.50, 12.50, 70.562729, 0.00, 0.07, 0.00, 0.00, 70.56273, 0.00 
 
50.00, 37.50, 12.50, 70.840233, 0.00, 0.07, 0.00, 0.00, 70.84023, 0.00 
 
50.00, 37.00, 13.00, 71.128830, 0.00, 0.07, 0.00, 0.00, 71.12883, 0.00 
 
50.00, 38.00, 12.00, 71.395226, 0.00, 0.07, 0.00, 0.00, 71.39523, -0.00 
 
50.00, 38.00, 12.00, 71.661621, 0.00, 0.07, 0.00, 0.00, 71.66162, 0.00 
 
50.00, 38.00, 12.00, 71.928024, 0.00, 0.07, 0.00, 0.00, 71.92802, 0.00 
 
50.00, 38.00, 12.00, 72.194420, 0.00, 0.07, 0.00, 0.00, 72.19442, 0.00 
 
50.00, 38.00, 12.00, 72.460815, 0.00, 0.07, 0.00, 0.00, 72.46082, 0.00 
 
50.00, 38.50, 11.50, 72.716118, 0.00, 0.07, 0.00, 0.00, 72.71612, -0.00 
 
50.00, 38.00, 12.00, 72.982513, 0.00, 0.07, 0.00, 0.00, 72.98251, 0.00 
 
50.00, 38.50, 11.50, 73.237816, 0.00, 0.07, 0.00, 0.00, 73.23782, -0.00 
 
50.00, 38.50, 11.50, 73.493111, 0.00, 0.07, 0.00, 0.00, 73.49311, 0.00 
 
50.00, 38.50, 11.50, 73.748405, 0.00, 0.07, 0.00, 0.00, 73.74841, 0.00 
 
50.00, 38.50, 11.50, 74.003708, 0.00, 0.07, 0.00, 0.00, 74.00371, 0.00 
 
50.00, 38.50, 11.50, 74.259003, 0.00, 0.07, 0.00, 0.00, 74.25900, 0.00 
 
50.00, 38.50, 11.50, 74.514305, 0.00, 0.07, 0.00, 0.00, 74.51431, 0.00 
 
50.00, 38.00, 12.00, 74.780701, 0.00, 0.07, 0.00, 0.00, 74.78070, 0.00 
 
50.00, 39.00, 11.00, 75.024895, 0.00, 0.07, 0.00, 0.00, 75.02489, -0.00 
 
50.00, 39.00, 11.00, 75.269096, 0.00, 0.07, 0.00, 0.00, 75.26910, 0.00 
 
50.00, 39.00, 11.00, 75.513290, 0.00, 0.07, 0.00, 0.00, 75.51329, 0.00 
 
50.00, 39.00, 11.00, 75.757492, 0.00, 0.07, 0.00, 0.00, 75.75749, 0.00 
 
50.00, 39.00, 11.00, 76.001686, 0.00, 0.07, 0.00, 0.00, 76.00169, 0.00 
 
50.00, 39.50, 10.50, 76.234787, 0.00, 0.07, 0.00, 0.00, 76.23479, -0.00 
 
50.00, 39.50, 10.50, 76.467880, 0.00, 0.07, 0.00, 0.00, 76.46788, 0.00 
 
50.00, 39.50, 10.50, 76.700981, 0.00, 0.07, 0.00, 0.00, 76.70098, 0.00 
 
50.00, 39.50, 10.50, 76.934074, 0.00, 0.07, 0.00, 0.00, 76.93407, 0.00 
 
50.00, 39.50, 10.50, 77.167175, 0.00, 0.07, 0.00, 0.00, 77.16718, 0.00 
 
50.00, 39.50, 10.50, 77.400276, 0.00, 0.07, 0.00, 0.00, 77.40028, 0.00 
 
50.00, 39.50, 10.50, 77.633369, 0.00, 0.07, 0.00, 0.00, 77.63337, 0.00 
 
50.00, 39.00, 11.00, 77.877571, 0.00, 0.07, 0.00, 0.00, 77.87757, 0.00 
 
50.00, 40.00, 10.00, 78.099564, 0.00, 0.07, 0.00, 0.00, 78.09956, -0.00 
 
50.00, 40.00, 10.00, 78.321564, 0.00, 0.07, 0.00, 0.00, 78.32156, 0.00 
 
50.00, 40.00, 10.00, 78.543556, 0.00, 0.07, 0.00, 0.00, 78.54356, 0.00 
 
50.00, 40.00, 10.00, 78.765556, 0.00, 0.07, 0.00, 0.00, 78.76556, 0.00 
 
50.00, 40.00, 10.00, 78.987556, 0.00, 0.07, 0.00, 0.00, 78.98756, 0.00 
 
50.00, 40.00, 10.00, 79.209549, 0.00, 0.07, 0.00, 0.00, 79.20955, 0.00 
 
50.00, 40.50, 9.50, 79.420448, 0.00, 0.07, 0.00, 0.00, 79.42045, -0.00 
 
50.00, 40.50, 9.50, 79.631340, 0.00, 0.07, 0.00, 0.00, 79.63134, 0.00 
 
50.00, 40.50, 9.50, 79.842239, 0.00, 0.07, 0.00, 0.00, 79.84224, 0.00 
 
50.00, 40.50, 9.50, 80.053139, 0.00, 0.07, 0.00, 0.00, 80.05314, 0.00 
 
50.00, 40.50, 9.50, 80.264030, 0.00, 0.07, 0.00, 0.00, 80.26403, 0.00 
 
50.00, 40.50, 9.50, 80.474930, 0.00, 0.07, 0.00, 0.00, 80.47493, 0.00 
 
50.00, 40.00, 10.00, 80.696930, 0.00, 0.07, 0.00, 0.00, 80.69693, 0.00 
 
50.00, 41.00, 9.00, 80.896721, 0.00, 0.07, 0.00, 0.00, 80.89672, -0.00 
 
50.00, 41.00, 9.00, 81.096519, 0.00, 0.07, 0.00, 0.00, 81.09652, 0.00 
 
50.00, 41.00, 9.00, 81.296318, 0.00, 0.07, 0.00, 0.00, 81.29632, 0.00 
 
50.00, 41.00, 9.00, 81.496117, 0.00, 0.07, 0.00, 0.00, 81.49612, 0.00 
 
50.00, 41.00, 9.00, 81.695908, 0.00, 0.07, 0.00, 0.00, 81.69591, 0.00 
 
50.00, 41.00, 9.00, 81.895706, 0.00, 0.07, 0.00, 0.00, 81.89571, 0.00 
 
50.00, 41.00, 9.00, 82.095505, 0.00, 0.07, 0.00, 0.00, 82.09550, 0.00 
 
50.00, 41.50, 8.50, 82.284203, 0.00, 0.07, 0.00, 0.00, 82.28420, -0.00 
 
50.00, 41.50, 8.50, 82.472893, 0.00, 0.07, 0.00, 0.00, 82.47289, 0.00 
 
50.00, 41.50, 8.50, 82.661591, 0.00, 0.07, 0.00, 0.00, 82.66159, 0.00 
 
50.00, 41.50, 8.50, 82.850288, 0.00, 0.07, 0.00, 0.00, 82.85029, 0.00 
 
50.00, 41.50, 8.50, 83.038986, 0.00, 0.07, 0.00, 0.00, 83.03899, 0.00 
 
50.00, 41.50, 8.50, 83.227684, 0.00, 0.07, 0.00, 0.00, 83.22768, 0.00 
 
50.00, 41.50, 8.50, 83.416382, 0.00, 0.07, 0.00, 0.00, 83.41638, 0.00 
 
50.00, 41.00, 9.00, 83.616173, 0.00, 0.07, 0.00, 0.00, 83.61617, 0.00 
 
50.00, 42.50, 7.50, 83.782677, 0.00, 0.07, 0.00, 0.00, 83.78268, -0.00 
 
50.00, 41.00, 9.00, 83.982475, 0.00, 0.07, 0.00, 0.00, 83.98248, 0.00 
 
50.00, 42.00, 8.00, 84.160072, 0.00, 0.07, 0.00, 0.00, 84.16007, -0.00 
 
50.00, 42.00, 8.00, 84.337669, 0.00, 0.07, 0.00, 0.00, 84.33767, 0.00 
 
50.00, 42.00, 8.00, 84.515266, 0.00, 0.07, 0.00, 0.00, 84.51527, 0.00 
 
50.00, 42.00, 8.00, 84.692856, 0.00, 0.07, 0.00, 0.00, 84.69286, 0.00 
 
50.00, 42.50, 7.50, 84.859360, 0.00, 0.07, 0.00, 0.00, 84.85936, -0.00 
 
50.00, 42.00, 8.00, 85.036957, 0.00, 0.07, 0.00, 0.00, 85.03696, 0.00 
 
50.00, 42.50, 7.50, 85.203461, 0.00, 0.07, 0.00, 0.00, 85.20346, -0.00 
 
50.00, 42.50, 7.50, 85.369965, 0.00, 0.07, 0.00, 0.00, 85.36996, 0.00 
 
50.00, 42.50, 7.50, 85.536469, 0.00, 0.07, 0.00, 0.00, 85.53647, 0.00 
 
50.00, 42.50, 7.50, 85.702972, 0.00, 0.07, 0.00, 0.00, 85.70297, 0.00 
 
50.00, 42.50, 7.50, 85.869476, 0.00, 0.07, 0.00, 0.00, 85.86948, 0.00 
 
50.00, 42.00, 8.00, 86.047073, 0.00, 0.07, 0.00, 0.00, 86.04707, 0.00 
 
50.00, 43.00, 7.00, 86.202477, 0.00, 0.07, 0.00, 0.00, 86.20248, -0.00 
 
50.00, 43.00, 7.00, 86.357880, 0.00, 0.07, 0.00, 0.00, 86.35788, 0.00 
 
50.00, 43.00, 7.00, 86.513283, 0.00, 0.07, 0.00, 0.00, 86.51328, 0.00 
 
50.00, 43.00, 7.00, 86.668686, 0.00, 0.07, 0.00, 0.00, 86.66869, 0.00 
 
50.00, 43.50, 6.50, 86.812996, 0.00, 0.07, 0.00, 0.00, 86.81300, -0.00 
 
50.00, 43.00, 7.00, 86.968399, 0.00, 0.07, 0.00, 0.00, 86.96840, 0.00 
 
50.00, 43.50, 6.50, 87.112701, 0.00, 0.07, 0.00, 0.00, 87.11270, -0.00 
 
50.00, 43.50, 6.50, 87.257004, 0.00, 0.07, 0.00, 0.00, 87.25700, 0.00 
 
50.00, 43.50, 6.50, 87.401306, 0.00, 0.07, 0.00, 0.00, 87.40131, 0.00 
 
50.00, 43.50, 6.50, 87.545609, 0.00, 0.07, 0.00, 0.00, 87.54561, 0.00 
 
50.00, 43.50, 6.50, 87.689911, 0.00, 0.07, 0.00, 0.00, 87.68991, 0.00 
 
50.00, 43.00, 7.00, 87.845314, 0.00, 0.07, 0.00, 0.00, 87.84531, 0.00 
 
50.00, 44.00, 6.00, 87.978523, 0.00, 0.07, 0.00, 0.00, 87.97852, -0.00 
 
50.00, 44.00, 6.00, 88.111725, 0.00, 0.07, 0.00, 0.00, 88.11172, 0.00 
 
50.00, 44.00, 6.00, 88.244926, 0.00, 0.07, 0.00, 0.00, 88.24493, 0.00 
 
50.00, 44.00, 6.00, 88.378128, 0.00, 0.07, 0.00, 0.00, 88.37813, 0.00 
 
50.00, 44.00, 6.00, 88.511330, 0.00, 0.07, 0.00, 0.00, 88.51133, 0.00 
 
50.00, 44.00, 6.00, 88.644539, 0.00, 0.07, 0.00, 0.00, 88.64454, 0.00 
 
50.00, 44.00, 6.00, 88.777740, 0.00, 0.07, 0.00, 0.00, 88.77774, 0.00 
 
50.00, 44.50, 5.50, 88.899841, 0.00, 0.07, 0.00, 0.00, 88.89984, -0.00 
 
50.00, 44.50, 5.50, 89.021942, 0.00, 0.07, 0.00, 0.00, 89.02194, 0.00 
 
50.00, 44.50, 5.50, 89.144051, 0.00, 0.07, 0.00, 0.00, 89.14405, 0.00 
 
50.00, 44.50, 5.50, 89.266151, 0.00, 0.07, 0.00, 0.00, 89.26615, 0.00 
 
50.00, 44.50, 5.50, 89.388252, 0.00, 0.07, 0.00, 0.00, 89.38825, 0.00 
 
50.00, 44.50, 5.50, 89.510353, 0.00, 0.07, 0.00, 0.00, 89.51035, 0.00 
 
50.00, 44.50, 5.50, 89.632462, 0.00, 0.07, 0.00, 0.00, 89.63246, 0.00 
 
50.00, 44.00, 6.00, 89.765663, 0.00, 0.07, 0.00, 0.00, 89.76566, 0.00 
 
50.00, 45.00, 5.00, 89.876663, 0.00, 0.07, 0.00, 0.00, 89.87666, -0.00 
 
50.00, 45.00, 5.00, 89.987671, 0.00, 0.07, 0.00, 0.00, 89.98767, 0.00 
 
50.00, 45.00, 5.00, 90.098671, 0.00, 0.07, 0.00, 0.00, 90.09867, 0.00 
 
50.00, 45.00, 5.00, 90.209671, 0.00, 0.07, 0.00, 0.00, 90.20967, 0.00 
 
50.00, 45.00, 5.00, 90.320679, 0.00, 0.07, 0.00, 0.00, 90.32068, 0.00 
 
50.00, 45.00, 5.00, 90.431679, 0.00, 0.07, 0.00, 0.00, 90.43168, 0.00 
 
50.00, 45.00, 5.00, 90.542679, 0.00, 0.07, 0.00, 0.00, 90.54268, 0.00 
 
50.00, 45.00, 5.00, 90.653687, 0.00, 0.07, 0.00, 0.00, 90.65369, 0.00 
 
50.00, 45.50, 4.50, 90.753586, 0.00, 0.07, 0.00, 0.00, 90.75359, -0.00 
 
50.00, 45.50, 4.50, 90.853485, 0.00, 0.07, 0.00, 0.00, 90.85349, 0.00 
 
50.00, 45.50, 4.50, 90.953392, 0.00, 0.07, 0.00, 0.00, 90.95339, 0.00 
 
50.00, 45.50, 4.50, 91.053291, 0.00, 0.07, 0.00, 0.00, 91.05329, 0.00 
 
50.00, 45.50, 4.50, 91.153198, 0.00, 0.07, 0.00, 0.00, 91.15320, 0.00 
 
50.00, 45.50, 4.50, 91.253098, 0.00, 0.07, 0.00, 0.00, 91.25310, 0.00 
 
50.00, 45.50, 4.50, 91.352997, 0.00, 0.07, 0.00, 0.00, 91.35300, 0.00 
 
50.00, 45.00, 5.00, 91.464005, 0.00, 0.07, 0.00, 0.00, 91.46400, 0.00 
 
50.00, 46.00, 4.00, 91.552803, 0.00, 0.07, 0.00, 0.00, 91.55280, -0.00 
 
50.00, 46.00, 4.00, 91.641609, 0.00, 0.07, 0.00, 0.00, 91.64161, 0.00 
 
50.00, 46.00, 4.00, 91.730408, 0.00, 0.07, 0.00, 0.00, 91.73041, 0.00 
 
50.00, 46.00, 4.00, 91.819214, 0.00, 0.07, 0.00, 0.00, 91.81921, 0.00 
 
50.00, 46.00, 4.00, 91.908012, 0.00, 0.07, 0.00, 0.00, 91.90801, 0.00 
 
50.00, 46.00, 4.00, 91.996811, 0.00, 0.07, 0.00, 0.00, 91.99681, 0.00 
 
50.00, 46.00, 4.00, 92.085617, 0.00, 0.07, 0.00, 0.00, 92.08562, 0.00 
 
50.00, 46.50, 3.50, 92.163315, 0.00, 0.07, 0.00, 0.00, 92.16331, -0.00 
 
50.00, 46.50, 3.50, 92.241020, 0.00, 0.07, 0.00, 0.00, 92.24102, 0.00 
 
50.00, 46.50, 3.50, 92.318726, 0.00, 0.07, 0.00, 0.00, 92.31873, 0.00 
 
50.00, 46.50, 3.50, 92.396423, 0.00, 0.07, 0.00, 0.00, 92.39642, 0.00 
 
50.00, 46.50, 3.50, 92.474129, 0.00, 0.07, 0.00, 0.00, 92.47413, 0.00 
 
50.00, 46.50, 3.50, 92.551826, 0.00, 0.07, 0.00, 0.00, 92.55183, 0.00 
 
50.00, 46.50, 3.50, 92.629532, 0.00, 0.07, 0.00, 0.00, 92.62953, 0.00 
 
50.00, 46.50, 3.50, 92.707230, 0.00, 0.07, 0.00, 0.00, 92.70723, 0.00 
 
50.00, 46.00, 4.00, 92.796036, 0.00, 0.07, 0.00, 0.00, 92.79604, 0.00 
 
50.00, 47.00, 3.00, 92.862633, 0.00, 0.07, 0.00, 0.00, 92.86263, -0.00 
 
50.00, 47.00, 3.00, 92.929237, 0.00, 0.07, 0.00, 0.00, 92.92924, 0.00 
 
50.00, 47.00, 3.00, 92.995842, 0.00, 0.07, 0.00, 0.00, 92.99584, 0.00 
 
50.00, 47.00, 3.00, 93.062439, 0.00, 0.07, 0.00, 0.00, 93.06244, 0.00 
 
50.00, 47.00, 3.00, 93.129044, 0.00, 0.07, 0.00, 0.00, 93.12904, 0.00 
 
50.00, 47.00, 3.00, 93.195641, 0.00, 0.07, 0.00, 0.00, 93.19564, 0.00 
 
50.00, 47.00, 3.00, 93.262245, 0.00, 0.07, 0.00, 0.00, 93.26225, 0.00 
 
50.00, 47.50, 2.50, 93.317749, 0.00, 0.07, 0.00, 0.00, 93.31775, -0.00 
 
50.00, 47.50, 2.50, 93.373245, 0.00, 0.07, 0.00, 0.00, 93.37325, 0.00 
 
50.00, 47.50, 2.50, 93.428749, 0.00, 0.07, 0.00, 0.00, 93.42875, 0.00 
 
50.00, 47.50, 2.50, 93.484253, 0.00, 0.07, 0.00, 0.00, 93.48425, 0.00 
 
50.00, 47.50, 2.50, 93.539749, 0.00, 0.07, 0.00, 0.00, 93.53975, 0.00 
 
50.00, 47.50, 2.50, 93.595253, 0.00, 0.07, 0.00, 0.00, 93.59525, 0.00 
 
50.00, 47.50, 2.50, 93.650757, 0.00, 0.07, 0.00, 0.00, 93.65076, 0.00 
 
50.00, 47.00, 3.00, 93.717354, 0.00, 0.07, 0.00, 0.00, 93.71735, 0.00 
 
50.00, 48.50, 1.50, 93.750656, 0.00, 0.07, 0.00, 0.00, 93.75066, -0.00 
 
50.00, 47.00, 3.00, 93.817261, 0.00, 0.07, 0.00, 0.00, 93.81726, 0.00 
 
50.00, 48.00, 2.00, 93.861656, 0.00, 0.07, 0.00, 0.00, 93.86166, -0.00 
 
50.00, 48.00, 2.00, 93.906059, 0.00, 0.07, 0.00, 0.00, 93.90606, 0.00 
 
50.00, 48.00, 2.00, 93.950462, 0.00, 0.07, 0.00, 0.00, 93.95046, 0.00 
 
50.00, 48.00, 2.00, 93.994865, 0.00, 0.07, 0.00, 0.00, 93.99487, 0.00 
 
50.00, 48.00, 2.00, 94.039261, 0.00, 0.07, 0.00, 0.00, 94.03926, 0.00 
 
50.00, 48.00, 2.00, 94.083664, 0.00, 0.07, 0.00, 0.00, 94.08366, 0.00 
 
50.00, 48.00, 2.00, 94.128067, 0.00, 0.07, 0.00, 0.00, 94.12807, 0.00 
 
50.00, 48.00, 2.00, 94.172462, 0.00, 0.07, 0.00, 0.00, 94.17246, 0.00 
 
50.00, 48.50, 1.50, 94.205765, 0.00, 0.07, 0.00, 0.00, 94.20576, -0.00 
 
50.00, 48.50, 1.50, 94.239067, 0.00, 0.07, 0.00, 0.00, 94.23907, 0.00 
 
50.00, 48.50, 1.50, 94.272369, 0.00, 0.07, 0.00, 0.00, 94.27237, 0.00 
 
50.00, 48.50, 1.50, 94.305672, 0.00, 0.07, 0.00, 0.00, 94.30567, 0.00 
 
50.00, 48.50, 1.50, 94.338966, 0.00, 0.07, 0.00, 0.00, 94.33897, 0.00 
 
50.00, 48.50, 1.50, 94.372269, 0.00, 0.07, 0.00, 0.00, 94.37227, 0.00 
 
50.00, 48.50, 1.50, 94.405571, 0.00, 0.07, 0.00, 0.00, 94.40557, 0.00 
 
50.00, 48.50, 1.50, 94.438873, 0.00, 0.07, 0.00, 0.00, 94.43887, 0.00 
 
50.00, 48.00, 2.00, 94.483276, 0.00, 0.07, 0.00, 0.00, 94.48328, 0.00 
 
50.00, 49.00, 1.00, 94.505470, 0.00, 0.07, 0.00, 0.00, 94.50547, -0.00 
 
50.00, 49.00, 1.00, 94.527672, 0.00, 0.07, 0.00, 0.00, 94.52767, 0.00 
 
50.00, 49.00, 1.00, 94.549873, 0.00, 0.07, 0.00, 0.00, 94.54987, 0.00 
 
50.00, 49.00, 1.00, 94.572075, 0.00, 0.07, 0.00, 0.00, 94.57207, 0.00 
 
50.00, 49.00, 1.00, 94.594276, 0.00, 0.07, 0.00, 0.00, 94.59428, 0.00 
 
50.00, 49.00, 1.00, 94.616478, 0.00, 0.07, 0.00, 0.00, 94.61648, 0.00 
 
50.00, 49.00, 1.00, 94.638680, 0.00, 0.07, 0.00, 0.00, 94.63868, 0.00 
 
50.00, 49.00, 1.00, 94.660881, 0.00, 0.07, 0.00, 0.00, 94.66088, 0.00 
 
50.00, 49.00, 1.00, 94.683075, 0.00, 0.07, 0.00, 0.00, 94.68307, 0.00 
 
50.00, 49.50, 0.50, 94.694176, 0.00, 0.07, 0.00, 0.00, 94.69418, -0.00 
 
50.00, 49.50, 0.50, 94.705276, 0.00, 0.07, 0.00, 0.00, 94.70528, 0.00 
 
50.00, 49.50, 0.50, 94.716377, 0.00, 0.07, 0.00, 0.00, 94.71638, 0.00 
 
50.00, 49.50, 0.50, 94.727478, 0.00, 0.07, 0.00, 0.00, 94.72748, 0.00 
 
50.00, 49.50, 0.50, 94.738579, 0.00, 0.07, 0.00, 0.00, 94.73858, 0.00 
 
50.00, 49.50, 0.50, 94.749680, 0.00, 0.07, 0.00, 0.00, 94.74968, 0.00 
 
50.00, 49.50, 0.50, 94.760780, 0.00, 0.07, 0.00, 0.00, 94.76078, 0.00 
 
50.00, 49.50, 0.50, 94.771881, 0.00, 0.07, 0.00, 0.00, 94.77188, 0.00 
 
50.00, 49.50, 0.50, 94.782982, 0.00, 0.07, 0.00, 0.00, 94.78298, 0.00 
 
50.00, 49.50, 0.50, 94.794083, 0.00, 0.07, 0.00, 0.00, 94.79408, 0.00 
 
50.00, 49.50, 0.50, 94.805183, 0.00, 0.07, 0.00, 0.00, 94.80518, 0.00 
 
50.00, 49.50, 0.50, 94.816284, 0.00, 0.07, 0.00, 0.00, 94.81628, 0.00 
 
50.00, 49.00, 1.00, 94.838478, 0.00, 0.07, 0.00, 0.00, 94.83848, 0.00 
 
50.00, 50.00, 0.00, 94.838478, 0.00, 0.07, 0.00, 0.00, 94.83848, -0.00 
 
50.00, 50.00, 0.00, 94.838478, 0.00, 0.07, 0.00, 0.00, 94.83848, 0.00 
 
50.00, 50.00, 0.00, 94.838478, 0.00, 0.07, 0.00, 0.00, 94.83848, 0.00 
 
50.00, 50.00, 0.00, 94.838478, 0.00, 0.07, 0.00, 0.00, 94.83848, 0.00 
 
50.00, 50.00, 0.00, 94.838478, 0.00, 0.07, 0.00, 0.00, 94.83848, 0.00 
 
50.00, 50.00, 0.00, 94.838478, 0.00, 0.07, 0.00, 0.00, 94.83848, 0.00 
 
50.00, 50.00, 0.00, 94.838478, 0.00, 0.07, 0.00, 0.00, 94.83848, 0.00 
 
50.00, 50.50, -0.50, 94.827385, 0.00, 0.07, 0.00, -0.00, 94.82738, -0.00 
 
50.00, 50.00, 0.00, 94.827385, 0.00, 0.07, 0.00, 0.00, 94.82738, 0.00 
 
50.00, 50.50, -0.50, 94.816284, 0.00, 0.07, 0.00, -0.00, 94.81628, -0.00 
 
50.00, 50.00, 0.00, 94.816284, 0.00, 0.07, 0.00, 0.00, 94.81628, 0.00 
 
50.00, 50.50, -0.50, 94.805183, 0.00, 0.07, 0.00, -0.00, 94.80518, -0.00 
 
50.00, 50.50, -0.50, 94.794083, 0.00, 0.07, 0.00, -0.00, 94.79408, 0.00 
 
50.00, 50.50, -0.50, 94.782982, 0.00, 0.07, 0.00, -0.00, 94.78298, 0.00 
 
50.00, 50.50, -0.50, 94.771881, 0.00, 0.07, 0.00, -0.00, 94.77188, 0.00 
 
50.00, 50.50, -0.50, 94.760780, 0.00, 0.07, 0.00, -0.00, 94.76078, 0.00 
 
50.00, 50.50, -0.50, 94.749680, 0.00, 0.07, 0.00, -0.00, 94.74968, 0.00 
 
50.00, 50.50, -0.50, 94.738579, 0.00, 0.07, 0.00, -0.00, 94.73858, 0.00 
 
50.00, 50.50, -0.50, 94.727478, 0.00, 0.07, 0.00, -0.00, 94.72748, 0.00 
 
50.00, 50.50, -0.50, 94.716377, 0.00, 0.07, 0.00, -0.00, 94.71638, 0.00 
 
50.00, 50.50, -0.50, 94.705276, 0.00, 0.07, 0.00, -0.00, 94.70528, 0.00 
 
50.00, 50.50, -0.50, 94.694176, 0.00, 0.07, 0.00, -0.00, 94.69418, 0.00 
 
50.00, 50.50, -0.50, 94.683075, 0.00, 0.07, 0.00, -0.00, 94.68307, 0.00 
 
50.00, 50.00, 0.00, 94.683075, 0.00, 0.07, 0.00, 0.00, 94.68307, 0.00 
 
50.00, 51.00, -1.00, 94.660881, 0.00, 0.07, 0.00, -0.00, 94.66088, -0.00 
 
50.00, 51.00, -1.00, 94.638680, 0.00, 0.07, 0.00, -0.00, 94.63868, 0.00 
 
50.00, 51.00, -1.00, 94.616478, 0.00, 0.07, 0.00, -0.00, 94.61648, 0.00 
 
50.00, 51.00, -1.00, 94.594276, 0.00, 0.07, 0.00, -0.00, 94.59428, 0.00 
 
50.00, 51.00, -1.00, 94.572075, 0.00, 0.07, 0.00, -0.00, 94.57207, 0.00 
 
50.00, 51.00, -1.00, 94.549873, 0.00, 0.07, 0.00, -0.00, 94.54987, 0.00 
 
50.00, 51.00, -1.00, 94.527672, 0.00, 0.07, 0.00, -0.00, 94.52767, 0.00 
 
50.00, 51.00, -1.00, 94.505470, 0.00, 0.07, 0.00, -0.00, 94.50547, 0.00 
 
50.00, 51.50, -1.50, 94.472176, 0.00, 0.07, 0.00, -0.00, 94.47218, -0.00 
 
50.00, 51.00, -1.00, 94.449974, 0.00, 0.07, 0.00, -0.00, 94.44997, 0.00 
 
50.00, 51.50, -1.50, 94.416672, 0.00, 0.07, 0.00, -0.00, 94.41667, -0.00 
 
50.00, 51.50, -1.50, 94.383369, 0.00, 0.07, 0.00, -0.00, 94.38337, 0.00 
 
50.00, 51.50, -1.50, 94.350067, 0.00, 0.07, 0.00, -0.00, 94.35007, 0.00 
 
50.00, 51.50, -1.50, 94.316772, 0.00, 0.07, 0.00, -0.00, 94.31677, 0.00 
 
50.00, 51.50, -1.50, 94.283470, 0.00, 0.07, 0.00, -0.00, 94.28347, 0.00 
 
50.00, 51.50, -1.50, 94.250168, 0.00, 0.07, 0.00, -0.00, 94.25017, 0.00 
 
50.00, 51.50, -1.50, 94.216866, 0.00, 0.07, 0.00, -0.00, 94.21687, 0.00 
 
50.00, 51.50, -1.50, 94.183563, 0.00, 0.07, 0.00, -0.00, 94.18356, 0.00 
 
50.00, 51.50, -1.50, 94.150269, 0.00, 0.07, 0.00, -0.00, 94.15027, 0.00 
 
50.00, 51.50, -1.50, 94.116966, 0.00, 0.07, 0.00, -0.00, 94.11697, 0.00 
 
50.00, 51.50, -1.50, 94.083664, 0.00, 0.07, 0.00, -0.00, 94.08366, 0.00 
 
50.00, 51.50, -1.50, 94.050362, 0.00, 0.07, 0.00, -0.00, 94.05036, 0.00 
 
50.00, 51.50, -1.50, 94.017059, 0.00, 0.07, 0.00, -0.00, 94.01706, 0.00 
 
50.00, 51.50, -1.50, 93.983765, 0.00, 0.07, 0.00, -0.00, 93.98376, 0.00 
 
50.00, 51.00, -1.00, 93.961563, 0.00, 0.07, 0.00, -0.00, 93.96156, 0.00 
 
50.00, 52.00, -2.00, 93.917160, 0.00, 0.07, 0.00, -0.00, 93.91716, -0.00 
 
50.00, 52.00, -2.00, 93.872757, 0.00, 0.07, 0.00, -0.00, 93.87276, 0.00 
 
50.00, 52.00, -2.00, 93.828362, 0.00, 0.07, 0.00, -0.00, 93.82836, 0.00 
 
50.00, 52.00, -2.00, 93.783958, 0.00, 0.07, 0.00, -0.00, 93.78396, 0.00 
 
50.00, 52.00, -2.00, 93.739555, 0.00, 0.07, 0.00, -0.00, 93.73956, 0.00 
 
50.00, 52.00, -2.00, 93.695152, 0.00, 0.07, 0.00, -0.00, 93.69515, 0.00 
 
50.00, 52.00, -2.00, 93.650757, 0.00, 0.07, 0.00, -0.00, 93.65076, 0.00 
 
50.00, 52.00, -2.00, 93.606354, 0.00, 0.07, 0.00, -0.00, 93.60635, 0.00 
 
50.00, 52.00, -2.00, 93.561951, 0.00, 0.07, 0.00, -0.00, 93.56195, 0.00 
 
50.00, 52.00, -2.00, 93.517548, 0.00, 0.07, 0.00, -0.00, 93.51755, 0.00 
 
50.00, 52.00, -2.00, 93.473152, 0.00, 0.07, 0.00, -0.00, 93.47315, 0.00 
 
50.00, 52.00, -2.00, 93.428749, 0.00, 0.07, 0.00, -0.00, 93.42875, 0.00 
 
50.00, 52.00, -2.00, 93.384346, 0.00, 0.07, 0.00, -0.00, 93.38435, 0.00 
 
50.00, 52.00, -2.00, 93.339943, 0.00, 0.07, 0.00, -0.00, 93.33994, 0.00 
 
50.00, 52.00, -2.00, 93.295547, 0.00, 0.07, 0.00, -0.00, 93.29555, 0.00 
 
50.00, 52.00, -2.00, 93.251144, 0.00, 0.07, 0.00, -0.00, 93.25114, 0.00 
 
50.00, 52.00, -2.00, 93.206741, 0.00, 0.07, 0.00, -0.00, 93.20674, 0.00 
 
50.00, 52.50, -2.50, 93.151245, 0.00, 0.07, 0.00, -0.00, 93.15125, -0.00 
 
50.00, 52.50, -2.50, 93.095741, 0.00, 0.07, 0.00, -0.00, 93.09574, 0.00 
 
50.00, 52.50, -2.50, 93.040237, 0.00, 0.07, 0.00, -0.00, 93.04024, 0.00 
 
50.00, 52.50, -2.50, 92.984741, 0.00, 0.07, 0.00, -0.00, 92.98474, 0.00 
 
50.00, 52.50, -2.50, 92.929237, 0.00, 0.07, 0.00, -0.00, 92.92924, 0.00 
 
50.00, 52.50, -2.50, 92.873734, 0.00, 0.07, 0.00, -0.00, 92.87373, 0.00 
 
50.00, 52.50, -2.50, 92.818237, 0.00, 0.07, 0.00, -0.00, 92.81824, 0.00 
 
50.00, 52.50, -2.50, 92.762733, 0.00, 0.07, 0.00, -0.00, 92.76273, 0.00 
 
50.00, 52.50, -2.50, 92.707230, 0.00, 0.07, 0.00, -0.00, 92.70723, 0.00 
 
50.00, 52.50, -2.50, 92.651733, 0.00, 0.07, 0.00, -0.00, 92.65173, 0.00 
 
50.00, 52.50, -2.50, 92.596230, 0.00, 0.07, 0.00, -0.00, 92.59623, 0.00 
 
50.00, 52.50, -2.50, 92.540726, 0.00, 0.07, 0.00, -0.00, 92.54073, 0.00 
 
50.00, 52.50, -2.50, 92.485229, 0.00, 0.07, 0.00, -0.00, 92.48523, 0.00 
 
50.00, 52.50, -2.50, 92.429726, 0.00, 0.07, 0.00, -0.00, 92.42973, 0.00 
 
50.00, 52.50, -2.50, 92.374222, 0.00, 0.07, 0.00, -0.00, 92.37422, 0.00 
 
50.00, 52.00, -2.00, 92.329819, 0.00, 0.07, 0.00, -0.00, 92.32982, 0.00 
 
50.00, 53.50, -3.50, 92.252121, 0.00, 0.07, 0.00, -0.00, 92.25212, -0.00 
 
50.00, 52.00, -2.00, 92.207718, 0.00, 0.07, 0.00, -0.00, 92.20772, 0.00 
 
50.00, 53.00, -3.00, 92.141121, 0.00, 0.07, 0.00, -0.00, 92.14112, -0.00 
 
50.00, 53.00, -3.00, 92.074516, 0.00, 0.07, 0.00, -0.00, 92.07452, 0.00 
 
50.00, 53.00, -3.00, 92.007912, 0.00, 0.07, 0.00, -0.00, 92.00791, 0.00 
 
50.00, 53.00, -3.00, 91.941315, 0.00, 0.07, 0.00, -0.00, 91.94131, 0.00 
 
50.00, 53.00, -3.00, 91.874710, 0.00, 0.07, 0.00, -0.00, 91.87471, 0.00 
 
50.00, 53.00, -3.00, 91.808113, 0.00, 0.07, 0.00, -0.00, 91.80811, 0.00 
 
50.00, 53.00, -3.00, 91.741508, 0.00, 0.07, 0.00, -0.00, 91.74151, 0.00 
 
50.00, 53.00, -3.00, 91.674904, 0.00, 0.07, 0.00, -0.00, 91.67490, 0.00 
 
50.00, 53.00, -3.00, 91.608307, 0.00, 0.07, 0.00, -0.00, 91.60831, 0.00 
 
50.00, 53.00, -3.00, 91.541702, 0.00, 0.07, 0.00, -0.00, 91.54170, 0.00 
 
50.00, 53.00, -3.00, 91.475105, 0.00, 0.07, 0.00, -0.00, 91.47511, 0.00 
 
50.00, 53.00, -3.00, 91.408501, 0.00, 0.07, 0.00, -0.00, 91.40850, 0.00 
 
50.00, 53.00, -3.00, 91.341896, 0.00, 0.07, 0.00, -0.00, 91.34190, 0.00 
 
50.00, 53.00, -3.00, 91.275299, 0.00, 0.07, 0.00, -0.00, 91.27530, 0.00 
 
50.00, 53.00, -3.00, 91.208694, 0.00, 0.07, 0.00, -0.00, 91.20869, 0.00 
 
50.00, 53.00, -3.00, 91.142097, 0.00, 0.07, 0.00, -0.00, 91.14210, 0.00 
 
50.00, 53.00, -3.00, 91.075493, 0.00, 0.07, 0.00, -0.00, 91.07549, 0.00 
 
50.00, 53.50, -3.50, 90.997787, 0.00, 0.07, 0.00, -0.00, 90.99779, -0.00 
 
50.00, 53.00, -3.00, 90.931190, 0.00, 0.07, 0.00, -0.00, 90.93119, 0.00 
 
50.00, 53.50, -3.50, 90.853485, 0.00, 0.07, 0.00, -0.00, 90.85349, -0.00 
 
50.00, 53.50, -3.50, 90.775787, 0.00, 0.07, 0.00, -0.00, 90.77579, 0.00 
 
50.00, 53.50, -3.50, 90.698082, 0.00, 0.07, 0.00, -0.00, 90.69808, 0.00 
 
50.00, 53.00, -3.00, 90.631485, 0.00, 0.07, 0.00, -0.00, 90.63148, 0.00 
 
50.00, 53.50, -3.50, 90.553780, 0.00, 0.07, 0.00, -0.00, 90.55378, -0.00 
 
50.00, 53.50, -3.50, 90.476082, 0.00, 0.07, 0.00, -0.00, 90.47608, 0.00 
 
50.00, 53.50, -3.50, 90.398376, 0.00, 0.07, 0.00, -0.00, 90.39838, 0.00 
 
50.00, 53.50, -3.50, 90.320679, 0.00, 0.07, 0.00, -0.00, 90.32068, 0.00 
 
50.00, 53.50, -3.50, 90.242973, 0.00, 0.07, 0.00, -0.00, 90.24297, 0.00 
 
50.00, 53.50, -3.50, 90.165268, 0.00, 0.07, 0.00, -0.00, 90.16527, 0.00 
 
50.00, 53.00, -3.00, 90.098671, 0.00, 0.07, 0.00, -0.00, 90.09867, 0.00 
 
50.00, 53.50, -3.50, 90.020966, 0.00, 0.07, 0.00, -0.00, 90.02097, -0.00 
 
50.00, 53.50, -3.50, 89.943268, 0.00, 0.07, 0.00, -0.00, 89.94327, 0.00 
 
50.00, 53.50, -3.50, 89.865562, 0.00, 0.07, 0.00, -0.00, 89.86556, 0.00 
 
50.00, 53.50, -3.50, 89.787865, 0.00, 0.07, 0.00, -0.00, 89.78786, 0.00 
 
50.00, 53.50, -3.50, 89.710159, 0.00, 0.07, 0.00, -0.00, 89.71016, 0.00 
 
50.00, 53.50, -3.50, 89.632462, 0.00, 0.07, 0.00, -0.00, 89.63246, 0.00 
 
50.00, 53.50, -3.50, 89.554756, 0.00, 0.07, 0.00, -0.00, 89.55476, 0.00 
 
50.00, 53.50, -3.50, 89.477058, 0.00, 0.07, 0.00, -0.00, 89.47706, 0.00 
 
50.00, 53.50, -3.50, 89.399353, 0.00, 0.07, 0.00, -0.00, 89.39935, 0.00 
 
50.00, 53.50, -3.50, 89.321655, 0.00, 0.07, 0.00, -0.00, 89.32166, 0.00 
 
50.00, 53.50, -3.50, 89.243950, 0.00, 0.07, 0.00, -0.00, 89.24395, 0.00 
 
50.00, 53.50, -3.50, 89.166245, 0.00, 0.07, 0.00, -0.00, 89.16624, 0.00 
 
50.00, 53.50, -3.50, 89.088547, 0.00, 0.07, 0.00, -0.00, 89.08855, 0.00 
 
50.00, 53.50, -3.50, 89.010841, 0.00, 0.07, 0.00, -0.00, 89.01084, 0.00 
 
50.00, 53.50, -3.50, 88.933144, 0.00, 0.07, 0.00, -0.00, 88.93314, 0.00 
 
50.00, 53.50, -3.50, 88.855438, 0.00, 0.07, 0.00, -0.00, 88.85544, 0.00 
 
50.00, 53.50, -3.50, 88.777740, 0.00, 0.07, 0.00, -0.00, 88.77774, 0.00 
 
50.00, 53.50, -3.50, 88.700035, 0.00, 0.07, 0.00, -0.00, 88.70004, 0.00 
 
50.00, 53.50, -3.50, 88.622337, 0.00, 0.07, 0.00, -0.00, 88.62234, 0.00 
 
50.00, 53.50, -3.50, 88.544632, 0.00, 0.07, 0.00, -0.00, 88.54463, 0.00 
 
50.00, 53.50, -3.50, 88.466934, 0.00, 0.07, 0.00, -0.00, 88.46693, 0.00 
 
50.00, 53.50, -3.50, 88.389229, 0.00, 0.07, 0.00, -0.00, 88.38923, 0.00 
 
50.00, 53.50, -3.50, 88.311531, 0.00, 0.07, 0.00, -0.00, 88.31153, 0.00 
 
50.00, 53.50, -3.50, 88.233826, 0.00, 0.07, 0.00, -0.00, 88.23383, 0.00 
 
50.00, 53.50, -3.50, 88.156128, 0.00, 0.07, 0.00, -0.00, 88.15613, 0.00 
 
50.00, 53.50, -3.50, 88.078423, 0.00, 0.07, 0.00, -0.00, 88.07842, 0.00 
 
50.00, 53.50, -3.50, 88.000717, 0.00, 0.07, 0.00, -0.00, 88.00072, 0.00 
 
50.00, 53.50, -3.50, 87.923019, 0.00, 0.07, 0.00, -0.00, 87.92302, 0.00 
 
50.00, 53.50, -3.50, 87.845314, 0.00, 0.07, 0.00, -0.00, 87.84531, 0.00 
 
50.00, 53.00, -3.00, 87.778717, 0.00, 0.07, 0.00, -0.00, 87.77872, 0.00 
 
50.00, 54.50, -4.50, 87.678810, 0.00, 0.07, 0.00, -0.00, 87.67881, -0.00 
 
50.00, 53.50, -3.50, 87.601112, 0.00, 0.07, 0.00, -0.00, 87.60111, 0.00 
 
50.00, 53.50, -3.50, 87.523407, 0.00, 0.07, 0.00, -0.00, 87.52341, 0.00 
 
50.00, 53.50, -3.50, 87.445709, 0.00, 0.07, 0.00, -0.00, 87.44571, 0.00 
 
50.00, 53.50, -3.50, 87.368004, 0.00, 0.07, 0.00, -0.00, 87.36800, 0.00 
 
50.00, 53.00, -3.00, 87.301407, 0.00, 0.07, 0.00, -0.00, 87.30141, 0.00 
 
50.00, 54.00, -4.00, 87.212601, 0.00, 0.07, 0.00, -0.00, 87.21260, -0.00 
 
50.00, 54.50, -4.50, 87.112701, 0.00, 0.07, 0.00, -0.00, 87.11270, -0.00 
 
50.00, 53.00, -3.00, 87.046097, 0.00, 0.07, 0.00, -0.00, 87.04610, 0.00 
 
50.00, 54.00, -4.00, 86.957298, 0.00, 0.07, 0.00, -0.00, 86.95730, -0.00 
 
50.00, 54.00, -4.00, 86.868492, 0.00, 0.07, 0.00, -0.00, 86.86849, 0.00 
 
50.00, 54.00, -4.00, 86.779694, 0.00, 0.07, 0.00, -0.00, 86.77969, 0.00 
 
50.00, 54.00, -4.00, 86.690887, 0.00, 0.07, 0.00, -0.00, 86.69089, 0.00 
 
50.00, 54.00, -4.00, 86.602089, 0.00, 0.07, 0.00, -0.00, 86.60209, 0.00 
 
50.00, 54.00, -4.00, 86.513283, 0.00, 0.07, 0.00, -0.00, 86.51328, 0.00 
 
50.00, 54.00, -4.00, 86.424484, 0.00, 0.07, 0.00, -0.00, 86.42448, 0.00 
 
50.00, 54.00, -4.00, 86.335678, 0.00, 0.07, 0.00, -0.00, 86.33568, 0.00 
 
50.00, 54.00, -4.00, 86.246880, 0.00, 0.07, 0.00, -0.00, 86.24688, 0.00 
 
50.00, 54.00, -4.00, 86.158081, 0.00, 0.07, 0.00, -0.00, 86.15808, 0.00 
 
50.00, 54.00, -4.00, 86.069275, 0.00, 0.07, 0.00, -0.00, 86.06927, 0.00 
 
50.00, 54.00, -4.00, 85.980476, 0.00, 0.07, 0.00, -0.00, 85.98048, 0.00 
 
50.00, 54.00, -4.00, 85.891670, 0.00, 0.07, 0.00, -0.00, 85.89167, 0.00 
 
50.00, 54.00, -4.00, 85.802872, 0.00, 0.07, 0.00, -0.00, 85.80287, 0.00 
 
50.00, 54.00, -4.00, 85.714066, 0.00, 0.07, 0.00, -0.00, 85.71407, 0.00 
 
50.00, 54.00, -4.00, 85.625267, 0.00, 0.07, 0.00, -0.00, 85.62527, 0.00 
 
50.00, 54.00, -4.00, 85.536461, 0.00, 0.07, 0.00, -0.00, 85.53646, 0.00 
 
50.00, 54.00, -4.00, 85.447662, 0.00, 0.07, 0.00, -0.00, 85.44766, 0.00 
 
50.00, 54.00, -4.00, 85.358856, 0.00, 0.07, 0.00, -0.00, 85.35886, 0.00 
 
50.00, 54.00, -4.00, 85.270058, 0.00, 0.07, 0.00, -0.00, 85.27006, 0.00 
 
50.00, 54.00, -4.00, 85.181252, 0.00, 0.07, 0.00, -0.00, 85.18125, 0.00 
 
50.00, 54.00, -4.00, 85.092453, 0.00, 0.07, 0.00, -0.00, 85.09245, 0.00 
 
50.00, 54.00, -4.00, 85.003647, 0.00, 0.07, 0.00, -0.00, 85.00365, 0.00 
 
50.00, 54.00, -4.00, 84.914848, 0.00, 0.07, 0.00, -0.00, 84.91485, 0.00 
 
50.00, 54.00, -4.00, 84.826050, 0.00, 0.07, 0.00, -0.00, 84.82605, 0.00 
 
50.00, 54.00, -4.00, 84.737244, 0.00, 0.07, 0.00, -0.00, 84.73724, 0.00 
 
50.00, 54.00, -4.00, 84.648445, 0.00, 0.07, 0.00, -0.00, 84.64845, 0.00 
 
50.00, 54.00, -4.00, 84.559639, 0.00, 0.07, 0.00, -0.00, 84.55964, 0.00 
 
50.00, 54.00, -4.00, 84.470840, 0.00, 0.07, 0.00, -0.00, 84.47084, 0.00 
 
50.00, 54.00, -4.00, 84.382034, 0.00, 0.07, 0.00, -0.00, 84.38203, 0.00 
 
50.00, 54.00, -4.00, 84.293236, 0.00, 0.07, 0.00, -0.00, 84.29324, 0.00 
 
50.00, 54.00, -4.00, 84.204430, 0.00, 0.07, 0.00, -0.00, 84.20443, 0.00 
 
50.00, 54.00, -4.00, 84.115631, 0.00, 0.07, 0.00, -0.00, 84.11563, 0.00 
 
50.00, 54.00, -4.00, 84.026825, 0.00, 0.07, 0.00, -0.00, 84.02682, 0.00 
 
50.00, 54.00, -4.00, 83.938026, 0.00, 0.07, 0.00, -0.00, 83.93803, 0.00 
 
50.00, 54.00, -4.00, 83.849220, 0.00, 0.07, 0.00, -0.00, 83.84922, 0.00 
 
50.00, 54.00, -4.00, 83.760422, 0.00, 0.07, 0.00, -0.00, 83.76042, 0.00 
 
50.00, 54.00, -4.00, 83.671616, 0.00, 0.07, 0.00, -0.00, 83.67162, 0.00 
 
50.00, 54.00, -4.00, 83.582817, 0.00, 0.07, 0.00, -0.00, 83.58282, 0.00 
 
50.00, 54.00, -4.00, 83.494019, 0.00, 0.07, 0.00, -0.00, 83.49402, 0.00 
 
50.00, 54.00, -4.00, 83.405212, 0.00, 0.07, 0.00, -0.00, 83.40521, 0.00 
 
50.00, 54.00, -4.00, 83.316414, 0.00, 0.07, 0.00, -0.00, 83.31641, 0.00 
 
50.00, 54.00, -4.00, 83.227608, 0.00, 0.07, 0.00, -0.00, 83.22761, 0.00 
 
50.00, 54.00, -4.00, 83.138809, 0.00, 0.07, 0.00, -0.00, 83.13881, 0.00 
 
50.00, 54.00, -4.00, 83.050003, 0.00, 0.07, 0.00, -0.00, 83.05000, 0.00 
 
50.00, 54.50, -4.50, 82.950104, 0.00, 0.07, 0.00, -0.00, 82.95010, -0.00 
 
50.00, 54.00, -4.00, 82.861298, 0.00, 0.07, 0.00, -0.00, 82.86130, 0.00 
 
50.00, 54.00, -4.00, 82.772499, 0.00, 0.07, 0.00, -0.00, 82.77250, 0.00 
 
50.00, 54.00, -4.00, 82.683693, 0.00, 0.07, 0.00, -0.00, 82.68369, 0.00 
 
50.00, 54.00, -4.00, 82.594894, 0.00, 0.07, 0.00, -0.00, 82.59489, 0.00 
 
50.00, 54.00, -4.00, 82.506088, 0.00, 0.07, 0.00, -0.00, 82.50609, 0.00 
 
50.00, 54.00, -4.00, 82.417290, 0.00, 0.07, 0.00, -0.00, 82.41729, 0.00 
 
50.00, 54.00, -4.00, 82.328484, 0.00, 0.07, 0.00, -0.00, 82.32848, 0.00 
 
50.00, 54.00, -4.00, 82.239685, 0.00, 0.07, 0.00, -0.00, 82.23969, 0.00 
 
50.00, 54.00, -4.00, 82.150887, 0.00, 0.07, 0.00, -0.00, 82.15089, 0.00 
 
50.00, 54.00, -4.00, 82.062080, 0.00, 0.07, 0.00, -0.00, 82.06208, 0.00 
 
50.00, 54.00, -4.00, 81.973282, 0.00, 0.07, 0.00, -0.00, 81.97328, 0.00 
 
50.00, 54.00, -4.00, 81.884476, 0.00, 0.07, 0.00, -0.00, 81.88448, 0.00 
 
50.00, 54.00, -4.00, 81.795677, 0.00, 0.07, 0.00, -0.00, 81.79568, 0.00 
 
50.00, 54.00, -4.00, 81.706871, 0.00, 0.07, 0.00, -0.00, 81.70687, 0.00 
 
50.00, 54.50, -4.50, 81.606972, 0.00, 0.07, 0.00, -0.00, 81.60697, -0.00 
 
50.00, 54.50, -4.50, 81.507065, 0.00, 0.07, 0.00, -0.00, 81.50706, 0.00 
 
50.00, 54.00, -4.00, 81.418266, 0.00, 0.07, 0.00, -0.00, 81.41827, 0.00 
 
50.00, 54.00, -4.00, 81.329460, 0.00, 0.07, 0.00, -0.00, 81.32946, 0.00 
 
50.00, 54.00, -4.00, 81.240662, 0.00, 0.07, 0.00, -0.00, 81.24066, 0.00 
 
50.00, 54.00, -4.00, 81.151863, 0.00, 0.07, 0.00, -0.00, 81.15186, 0.00 
 
50.00, 54.50, -4.50, 81.051956, 0.00, 0.07, 0.00, -0.00, 81.05196, -0.00 
 
50.00, 54.00, -4.00, 80.963158, 0.00, 0.07, 0.00, -0.00, 80.96316, 0.00 
 
50.00, 54.50, -4.50, 80.863251, 0.00, 0.07, 0.00, -0.00, 80.86325, -0.00 
 
50.00, 54.00, -4.00, 80.774452, 0.00, 0.07, 0.00, -0.00, 80.77445, 0.00 
 
50.00, 54.00, -4.00, 80.685646, 0.00, 0.07, 0.00, -0.00, 80.68565, 0.00 
 
50.00, 54.00, -4.00, 80.596848, 0.00, 0.07, 0.00, -0.00, 80.59685, 0.00 
 
50.00, 54.50, -4.50, 80.496941, 0.00, 0.07, 0.00, -0.00, 80.49694, -0.00 
 
50.00, 54.00, -4.00, 80.408142, 0.00, 0.07, 0.00, -0.00, 80.40814, 0.00 
 
50.00, 54.00, -4.00, 80.319344, 0.00, 0.07, 0.00, -0.00, 80.31934, 0.00 
 
50.00, 54.00, -4.00, 80.230537, 0.00, 0.07, 0.00, -0.00, 80.23054, 0.00 
 
50.00, 54.00, -4.00, 80.141739, 0.00, 0.07, 0.00, -0.00, 80.14174, 0.00 
 
50.00, 54.00, -4.00, 80.052933, 0.00, 0.07, 0.00, -0.00, 80.05293, 0.00 
 
50.00, 54.00, -4.00, 79.964134, 0.00, 0.07, 0.00, -0.00, 79.96413, 0.00 
 
50.00, 54.50, -4.50, 79.864227, 0.00, 0.07, 0.00, -0.00, 79.86423, -0.00 
 
50.00, 54.00, -4.00, 79.775429, 0.00, 0.07, 0.00, -0.00, 79.77543, 0.00 
 
50.00, 54.00, -4.00, 79.686623, 0.00, 0.07, 0.00, -0.00, 79.68662, 0.00 
 
50.00, 54.00, -4.00, 79.597824, 0.00, 0.07, 0.00, -0.00, 79.59782, 0.00 
 
50.00, 54.00, -4.00, 79.509018, 0.00, 0.07, 0.00, -0.00, 79.50902, 0.00 
 
50.00, 54.00, -4.00, 79.420219, 0.00, 0.07, 0.00, -0.00, 79.42022, 0.00 
 
50.00, 54.00, -4.00, 79.331413, 0.00, 0.07, 0.00, -0.00, 79.33141, 0.00 
 
50.00, 54.00, -4.00, 79.242615, 0.00, 0.07, 0.00, -0.00, 79.24261, 0.00 
 
50.00, 54.50, -4.50, 79.142715, 0.00, 0.07, 0.00, -0.00, 79.14272, -0.00 
 
50.00, 54.50, -4.50, 79.042809, 0.00, 0.07, 0.00, -0.00, 79.04281, 0.00 
 
50.00, 54.00, -4.00, 78.954010, 0.00, 0.07, 0.00, -0.00, 78.95401, 0.00 
 
50.00, 54.00, -4.00, 78.865204, 0.00, 0.07, 0.00, -0.00, 78.86520, 0.00 
 
50.00, 54.00, -4.00, 78.776405, 0.00, 0.07, 0.00, -0.00, 78.77641, 0.00 
 
50.00, 54.00, -4.00, 78.687599, 0.00, 0.07, 0.00, -0.00, 78.68760, 0.00 
 
50.00, 54.00, -4.00, 78.598801, 0.00, 0.07, 0.00, -0.00, 78.59880, 0.00 
 
50.00, 54.00, -4.00, 78.509995, 0.00, 0.07, 0.00, -0.00, 78.50999, 0.00 
 
50.00, 54.00, -4.00, 78.421196, 0.00, 0.07, 0.00, -0.00, 78.42120, 0.00 
 
50.00, 54.00, -4.00, 78.332390, 0.00, 0.07, 0.00, -0.00, 78.33239, 0.00 
 
50.00, 54.00, -4.00, 78.243591, 0.00, 0.07, 0.00, -0.00, 78.24359, 0.00 
 
50.00, 54.00, -4.00, 78.154793, 0.00, 0.07, 0.00, -0.00, 78.15479, 0.00 
 
50.00, 54.50, -4.50, 78.054886, 0.00, 0.07, 0.00, -0.00, 78.05489, -0.00 
 
50.00, 54.00, -4.00, 77.966087, 0.00, 0.07, 0.00, -0.00, 77.96609, 0.00 
 
50.00, 54.00, -4.00, 77.877281, 0.00, 0.07, 0.00, -0.00, 77.87728, 0.00 
 
50.00, 54.00, -4.00, 77.788483, 0.00, 0.07, 0.00, -0.00, 77.78848, 0.00 
 
50.00, 54.00, -4.00, 77.699677, 0.00, 0.07, 0.00, -0.00, 77.69968, 0.00 
 
50.00, 54.00, -4.00, 77.610878, 0.00, 0.07, 0.00, -0.00, 77.61088, 0.00 
 
50.00, 54.00, -4.00, 77.522072, 0.00, 0.07, 0.00, -0.00, 77.52207, 0.00 
 
50.00, 54.00, -4.00, 77.433273, 0.00, 0.07, 0.00, -0.00, 77.43327, 0.00 
 
50.00, 54.00, -4.00, 77.344467, 0.00, 0.07, 0.00, -0.00, 77.34447, 0.00 
 
50.00, 54.00, -4.00, 77.255669, 0.00, 0.07, 0.00, -0.00, 77.25567, 0.00 
 
50.00, 54.00, -4.00, 77.166862, 0.00, 0.07, 0.00, -0.00, 77.16686, 0.00 
 
50.00, 54.00, -4.00, 77.078064, 0.00, 0.07, 0.00, -0.00, 77.07806, 0.00 
 
50.00, 54.00, -4.00, 76.989265, 0.00, 0.07, 0.00, -0.00, 76.98927, 0.00 
 
50.00, 54.00, -4.00, 76.900459, 0.00, 0.07, 0.00, -0.00, 76.90046, 0.00 
 
50.00, 54.00, -4.00, 76.811661, 0.00, 0.07, 0.00, -0.00, 76.81166, 0.00 
 
50.00, 54.00, -4.00, 76.722855, 0.00, 0.07, 0.00, -0.00, 76.72285, 0.00 
 
50.00, 54.00, -4.00, 76.634056, 0.00, 0.07, 0.00, -0.00, 76.63406, 0.00 
 
50.00, 54.00, -4.00, 76.545250, 0.00, 0.07, 0.00, -0.00, 76.54525, 0.00 
 
50.00, 54.00, -4.00, 76.456451, 0.00, 0.07, 0.00, -0.00, 76.45645, 0.00 
 
50.00, 54.00, -4.00, 76.367645, 0.00, 0.07, 0.00, -0.00, 76.36765, 0.00 
 
50.00, 54.00, -4.00, 76.278847, 0.00, 0.07, 0.00, -0.00, 76.27885, 0.00 
 
50.00, 54.00, -4.00, 76.190041, 0.00, 0.07, 0.00, -0.00, 76.19004, 0.00 
 
50.00, 54.00, -4.00, 76.101242, 0.00, 0.07, 0.00, -0.00, 76.10124, 0.00 
 
50.00, 54.00, -4.00, 76.012436, 0.00, 0.07, 0.00, -0.00, 76.01244, 0.00 
 
50.00, 54.00, -4.00, 75.923637, 0.00, 0.07, 0.00, -0.00, 75.92364, 0.00 
 
50.00, 54.00, -4.00, 75.834831, 0.00, 0.07, 0.00, -0.00, 75.83483, 0.00 
 
50.00, 54.00, -4.00, 75.746033, 0.00, 0.07, 0.00, -0.00, 75.74603, 0.00 
 
50.00, 54.00, -4.00, 75.657234, 0.00, 0.07, 0.00, -0.00, 75.65723, 0.00 
 
50.00, 54.00, -4.00, 75.568428, 0.00, 0.07, 0.00, -0.00, 75.56843, 0.00 
 
50.00, 54.00, -4.00, 75.479630, 0.00, 0.07, 0.00, -0.00, 75.47963, 0.00 
 
50.00, 54.00, -4.00, 75.390823, 0.00, 0.07, 0.00, -0.00, 75.39082, 0.00 
 
50.00, 54.00, -4.00, 75.302025, 0.00, 0.07, 0.00, -0.00, 75.30202, 0.00 
 
50.00, 54.00, -4.00, 75.213219, 0.00, 0.07, 0.00, -0.00, 75.21322, 0.00 
 
50.00, 54.00, -4.00, 75.124420, 0.00, 0.07, 0.00, -0.00, 75.12442, 0.00 
 
50.00, 54.00, -4.00, 75.035614, 0.00, 0.07, 0.00, -0.00, 75.03561, 0.00 
 
50.00, 54.00, -4.00, 74.946815, 0.00, 0.07, 0.00, -0.00, 74.94682, 0.00 
 
50.00, 54.00, -4.00, 74.858009, 0.00, 0.07, 0.00, -0.00, 74.85801, 0.00 
 
50.00, 54.00, -4.00, 74.769211, 0.00, 0.07, 0.00, -0.00, 74.76921, 0.00 
 
50.00, 54.00, -4.00, 74.680405, 0.00, 0.07, 0.00, -0.00, 74.68040, 0.00 
 
50.00, 54.00, -4.00, 74.591606, 0.00, 0.07, 0.00, -0.00, 74.59161, 0.00 
 
50.00, 54.00, -4.00, 74.502800, 0.00, 0.07, 0.00, -0.00, 74.50280, 0.00 
 
50.00, 54.00, -4.00, 74.414001, 0.00, 0.07, 0.00, -0.00, 74.41400, 0.00 
 
50.00, 54.00, -4.00, 74.325203, 0.00, 0.07, 0.00, -0.00, 74.32520, 0.00 
 
50.00, 54.00, -4.00, 74.236397, 0.00, 0.07, 0.00, -0.00, 74.23640, 0.00 
 
50.00, 54.00, -4.00, 74.147598, 0.00, 0.07, 0.00, -0.00, 74.14760, 0.00 
 
50.00, 54.00, -4.00, 74.058792, 0.00, 0.07, 0.00, -0.00, 74.05879, 0.00 
 
50.00, 54.00, -4.00, 73.969994, 0.00, 0.07, 0.00, -0.00, 73.96999, 0.00 
 
50.00, 54.00, -4.00, 73.881187, 0.00, 0.07, 0.00, -0.00, 73.88119, 0.00 
 
50.00, 54.00, -4.00, 73.792389, 0.00, 0.07, 0.00, -0.00, 73.79239, 0.00 
 
50.00, 54.00, -4.00, 73.703583, 0.00, 0.07, 0.00, -0.00, 73.70358, 0.00 
 
50.00, 54.00, -4.00, 73.614784, 0.00, 0.07, 0.00, -0.00, 73.61478, 0.00 
 
50.00, 54.00, -4.00, 73.525978, 0.00, 0.07, 0.00, -0.00, 73.52598, 0.00 
 
50.00, 54.00, -4.00, 73.437180, 0.00, 0.07, 0.00, -0.00, 73.43718, 0.00 
 
50.00, 54.00, -4.00, 73.348373, 0.00, 0.07, 0.00, -0.00, 73.34837, 0.00 
 
50.00, 54.00, -4.00, 73.259575, 0.00, 0.07, 0.00, -0.00, 73.25957, 0.00 
 
50.00, 54.00, -4.00, 73.170769, 0.00, 0.07, 0.00, -0.00, 73.17077, 0.00 
 
50.00, 54.00, -4.00, 73.081970, 0.00, 0.07, 0.00, -0.00, 73.08197, 0.00 
 
50.00, 54.00, -4.00, 72.993164, 0.00, 0.07, 0.00, -0.00, 72.99316, 0.00 
 
50.00, 54.00, -4.00, 72.904366, 0.00, 0.07, 0.00, -0.00, 72.90437, 0.00 
 
50.00, 54.00, -4.00, 72.815567, 0.00, 0.07, 0.00, -0.00, 72.81557, 0.00 
 
50.00, 54.00, -4.00, 72.726761, 0.00, 0.07, 0.00, -0.00, 72.72676, 0.00 
 
50.00, 54.00, -4.00, 72.637962, 0.00, 0.07, 0.00, -0.00, 72.63796, 0.00 
 
50.00, 54.00, -4.00, 72.549156, 0.00, 0.07, 0.00, -0.00, 72.54916, 0.00 
 
50.00, 54.00, -4.00, 72.460358, 0.00, 0.07, 0.00, -0.00, 72.46036, 0.00 
 
50.00, 54.00, -4.00, 72.371552, 0.00, 0.07, 0.00, -0.00, 72.37155, 0.00 
 
50.00, 54.00, -4.00, 72.282753, 0.00, 0.07, 0.00, -0.00, 72.28275, 0.00 
 
50.00, 54.00, -4.00, 72.193947, 0.00, 0.07, 0.00, -0.00, 72.19395, 0.00 
 
50.00, 54.00, -4.00, 72.105148, 0.00, 0.07, 0.00, -0.00, 72.10515, 0.00 
 
50.00, 54.00, -4.00, 72.016342, 0.00, 0.07, 0.00, -0.00, 72.01634, 0.00 
 
50.00, 54.00, -4.00, 71.927544, 0.00, 0.07, 0.00, -0.00, 71.92754, 0.00 
 
50.00, 54.00, -4.00, 71.838737, 0.00, 0.07, 0.00, -0.00, 71.83874, 0.00 
 
50.00, 54.00, -4.00, 71.749939, 0.00, 0.07, 0.00, -0.00, 71.74994, 0.00 
 
50.00, 54.00, -4.00, 71.661133, 0.00, 0.07, 0.00, -0.00, 71.66113, 0.00 
 
50.00, 54.50, -4.50, 71.561234, 0.00, 0.07, 0.00, -0.00, 71.56123, -0.00 
 
50.00, 53.00, -3.00, 71.494629, 0.00, 0.07, 0.00, -0.00, 71.49463, 0.00 
 
50.00, 54.00, -4.00, 71.405830, 0.00, 0.07, 0.00, -0.00, 71.40583, -0.00 
 
50.00, 54.00, -4.00, 71.317032, 0.00, 0.07, 0.00, -0.00, 71.31703, 0.00 
 
50.00, 54.00, -4.00, 71.228226, 0.00, 0.07, 0.00, -0.00, 71.22823, 0.00 
 
50.00, 54.00, -4.00, 71.139427, 0.00, 0.07, 0.00, -0.00, 71.13943, 0.00 
 
50.00, 54.00, -4.00, 71.050621, 0.00, 0.07, 0.00, -0.00, 71.05062, 0.00 
 
50.00, 54.00, -4.00, 70.961823, 0.00, 0.07, 0.00, -0.00, 70.96182, 0.00 
 
50.00, 54.50, -4.50, 70.861916, 0.00, 0.07, 0.00, -0.00, 70.86192, -0.00 
 
50.00, 53.50, -3.50, 70.784218, 0.00, 0.07, 0.00, -0.00, 70.78422, 0.00 
 
50.00, 53.50, -3.50, 70.706512, 0.00, 0.07, 0.00, -0.00, 70.70651, 0.00 
 
50.00, 53.00, -3.00, 70.639915, 0.00, 0.07, 0.00, -0.00, 70.63992, 0.00 
 
50.00, 54.00, -4.00, 70.551109, 0.00, 0.07, 0.00, -0.00, 70.55111, -0.00 
 
50.00, 54.50, -4.50, 70.451210, 0.00, 0.07, 0.00, -0.00, 70.45121, -0.00 
 
50.00, 53.00, -3.00, 70.384605, 0.00, 0.07, 0.00, -0.00, 70.38461, 0.00 
 
50.00, 54.00, -4.00, 70.295807, 0.00, 0.07, 0.00, -0.00, 70.29581, -0.00 
 
50.00, 54.00, -4.00, 70.207001, 0.00, 0.07, 0.00, -0.00, 70.20700, 0.00 
 
50.00, 54.50, -4.50, 70.107101, 0.00, 0.07, 0.00, -0.00, 70.10710, -0.00 
 
50.00, 53.50, -3.50, 70.029396, 0.00, 0.07, 0.00, -0.00, 70.02940, 0.00 
 
50.00, 53.50, -3.50, 69.951698, 0.00, 0.07, 0.00, -0.00, 69.95170, 0.00 
 
50.00, 53.00, -3.00, 69.885094, 0.00, 0.07, 0.00, -0.00, 69.88509, 0.00 
 
50.00, 54.50, -4.50, 69.785194, 0.00, 0.07, 0.00, -0.00, 69.78519, -0.00 
 
50.00, 53.50, -3.50, 69.707489, 0.00, 0.07, 0.00, -0.00, 69.70749, 0.00 
 
50.00, 53.50, -3.50, 69.629791, 0.00, 0.07, 0.00, -0.00, 69.62979, 0.00 
 
50.00, 53.50, -3.50, 69.552086, 0.00, 0.07, 0.00, -0.00, 69.55209, 0.00 
 
50.00, 53.50, -3.50, 69.474388, 0.00, 0.07, 0.00, -0.00, 69.47439, 0.00 
 
50.00, 53.50, -3.50, 69.396683, 0.00, 0.07, 0.00, -0.00, 69.39668, 0.00 
 
50.00, 53.50, -3.50, 69.318985, 0.00, 0.07, 0.00, -0.00, 69.31898, 0.00 
 
50.00, 53.50, -3.50, 69.241280, 0.00, 0.07, 0.00, -0.00, 69.24128, 0.00 
 
50.00, 53.50, -3.50, 69.163574, 0.00, 0.07, 0.00, -0.00, 69.16357, 0.00 
 
50.00, 53.50, -3.50, 69.085876, 0.00, 0.07, 0.00, -0.00, 69.08588, 0.00 
 
50.00, 53.50, -3.50, 69.008171, 0.00, 0.07, 0.00, -0.00, 69.00817, 0.00 
 
50.00, 53.50, -3.50, 68.930473, 0.00, 0.07, 0.00, -0.00, 68.93047, 0.00 
 
50.00, 53.50, -3.50, 68.852768, 0.00, 0.07, 0.00, -0.00, 68.85277, 0.00 
 
50.00, 53.50, -3.50, 68.775070, 0.00, 0.07, 0.00, -0.00, 68.77507, 0.00 
 
50.00, 53.50, -3.50, 68.697365, 0.00, 0.07, 0.00, -0.00, 68.69736, 0.00 
 
50.00, 53.50, -3.50, 68.619667, 0.00, 0.07, 0.00, -0.00, 68.61967, 0.00 
 
50.00, 53.50, -3.50, 68.541962, 0.00, 0.07, 0.00, -0.00, 68.54196, 0.00 
 
50.00, 53.50, -3.50, 68.464264, 0.00, 0.07, 0.00, -0.00, 68.46426, 0.00 
 
50.00, 53.50, -3.50, 68.386559, 0.00, 0.07, 0.00, -0.00, 68.38656, 0.00 
 
50.00, 53.50, -3.50, 68.308861, 0.00, 0.07, 0.00, -0.00, 68.30886, 0.00 
 
50.00, 53.50, -3.50, 68.231155, 0.00, 0.07, 0.00, -0.00, 68.23116, 0.00 
 
50.00, 53.50, -3.50, 68.153458, 0.00, 0.07, 0.00, -0.00, 68.15346, 0.00 
 
50.00, 53.50, -3.50, 68.075752, 0.00, 0.07, 0.00, -0.00, 68.07575, 0.00 
 
50.00, 53.50, -3.50, 67.998047, 0.00, 0.07, 0.00, -0.00, 67.99805, 0.00 
 
50.00, 53.50, -3.50, 67.920349, 0.00, 0.07, 0.00, -0.00, 67.92035, 0.00 
 
50.00, 53.50, -3.50, 67.842644, 0.00, 0.07, 0.00, -0.00, 67.84264, 0.00 
 
50.00, 53.50, -3.50, 67.764946, 0.00, 0.07, 0.00, -0.00, 67.76495, 0.00 
 
50.00, 53.50, -3.50, 67.687241, 0.00, 0.07, 0.00, -0.00, 67.68724, 0.00 
 
50.00, 53.50, -3.50, 67.609543, 0.00, 0.07, 0.00, -0.00, 67.60954, 0.00 
 
50.00, 53.50, -3.50, 67.531837, 0.00, 0.07, 0.00, -0.00, 67.53184, 0.00 
 
50.00, 53.50, -3.50, 67.454140, 0.00, 0.07, 0.00, -0.00, 67.45414, 0.00 
 
50.00, 53.50, -3.50, 67.376434, 0.00, 0.07, 0.00, -0.00, 67.37643, 0.00 
 
50.00, 53.50, -3.50, 67.298737, 0.00, 0.07, 0.00, -0.00, 67.29874, 0.00 
 
50.00, 53.50, -3.50, 67.221031, 0.00, 0.07, 0.00, -0.00, 67.22103, 0.00 
 
50.00, 53.50, -3.50, 67.143333, 0.00, 0.07, 0.00, -0.00, 67.14333, 0.00 
 
50.00, 53.50, -3.50, 67.065628, 0.00, 0.07, 0.00, -0.00, 67.06563, 0.00 
 
50.00, 53.50, -3.50, 66.987930, 0.00, 0.07, 0.00, -0.00, 66.98793, 0.00 
 
50.00, 53.50, -3.50, 66.910225, 0.00, 0.07, 0.00, -0.00, 66.91022, 0.00 
 
50.00, 53.50, -3.50, 66.832520, 0.00, 0.07, 0.00, -0.00, 66.83252, 0.00 
 
50.00, 53.50, -3.50, 66.754822, 0.00, 0.07, 0.00, -0.00, 66.75482, 0.00 
 
50.00, 53.50, -3.50, 66.677116, 0.00, 0.07, 0.00, -0.00, 66.67712, 0.00 
 
50.00, 53.50, -3.50, 66.599419, 0.00, 0.07, 0.00, -0.00, 66.59942, 0.00 
 
50.00, 53.50, -3.50, 66.521713, 0.00, 0.07, 0.00, -0.00, 66.52171, 0.00 
 
50.00, 53.50, -3.50, 66.444016, 0.00, 0.07, 0.00, -0.00, 66.44402, 0.00 
 
50.00, 53.50, -3.50, 66.366310, 0.00, 0.07, 0.00, -0.00, 66.36631, 0.00 
 
50.00, 53.50, -3.50, 66.288612, 0.00, 0.07, 0.00, -0.00, 66.28861, 0.00 
 
50.00, 53.50, -3.50, 66.210907, 0.00, 0.07, 0.00, -0.00, 66.21091, 0.00 
 
50.00, 53.50, -3.50, 66.133209, 0.00, 0.07, 0.00, -0.00, 66.13321, 0.00 
 
50.00, 53.50, -3.50, 66.055504, 0.00, 0.07, 0.00, -0.00, 66.05550, 0.00 
 
50.00, 53.50, -3.50, 65.977806, 0.00, 0.07, 0.00, -0.00, 65.97781, 0.00 
 
50.00, 53.00, -3.00, 65.911201, 0.00, 0.07, 0.00, -0.00, 65.91120, 0.00 
 
50.00, 53.50, -3.50, 65.833496, 0.00, 0.07, 0.00, -0.00, 65.83350, -0.00 
 
50.00, 53.50, -3.50, 65.755798, 0.00, 0.07, 0.00, -0.00, 65.75580, 0.00 
 
50.00, 53.50, -3.50, 65.678093, 0.00, 0.07, 0.00, -0.00, 65.67809, 0.00 
 
50.00, 53.50, -3.50, 65.600395, 0.00, 0.07, 0.00, -0.00, 65.60040, 0.00 
 
50.00, 53.00, -3.00, 65.533791, 0.00, 0.07, 0.00, -0.00, 65.53379, 0.00 
 
50.00, 53.50, -3.50, 65.456093, 0.00, 0.07, 0.00, -0.00, 65.45609, -0.00 
 
50.00, 53.50, -3.50, 65.378387, 0.00, 0.07, 0.00, -0.00, 65.37839, 0.00 
 
50.00, 53.00, -3.00, 65.311790, 0.00, 0.07, 0.00, -0.00, 65.31179, 0.00 
 
50.00, 53.00, -3.00, 65.245186, 0.00, 0.07, 0.00, -0.00, 65.24519, 0.00 
 
50.00, 53.00, -3.00, 65.178581, 0.00, 0.07, 0.00, -0.00, 65.17858, 0.00 
 
50.00, 53.00, -3.00, 65.111984, 0.00, 0.07, 0.00, -0.00, 65.11198, 0.00 
 
50.00, 53.50, -3.50, 65.034279, 0.00, 0.07, 0.00, -0.00, 65.03428, -0.00 
 
50.00, 53.00, -3.00, 64.967682, 0.00, 0.07, 0.00, -0.00, 64.96768, 0.00 
 
50.00, 53.50, -3.50, 64.889977, 0.00, 0.07, 0.00, -0.00, 64.88998, -0.00 
 
50.00, 53.00, -3.00, 64.823380, 0.00, 0.07, 0.00, -0.00, 64.82338, 0.00 
 
50.00, 53.00, -3.00, 64.756775, 0.00, 0.07, 0.00, -0.00, 64.75677, 0.00 
 
50.00, 53.50, -3.50, 64.679070, 0.00, 0.07, 0.00, -0.00, 64.67907, -0.00 
 
50.00, 53.00, -3.00, 64.612473, 0.00, 0.07, 0.00, -0.00, 64.61247, 0.00 
 
50.00, 53.00, -3.00, 64.545868, 0.00, 0.07, 0.00, -0.00, 64.54587, 0.00 
 
50.00, 53.00, -3.00, 64.479271, 0.00, 0.07, 0.00, -0.00, 64.47927, 0.00 
 
50.00, 53.00, -3.00, 64.412666, 0.00, 0.07, 0.00, -0.00, 64.41267, 0.00 
 
50.00, 53.00, -3.00, 64.346062, 0.00, 0.07, 0.00, -0.00, 64.34606, 0.00 
 
50.00, 53.00, -3.00, 64.279465, 0.00, 0.07, 0.00, -0.00, 64.27946, 0.00 
 
50.00, 53.00, -3.00, 64.212860, 0.00, 0.07, 0.00, -0.00, 64.21286, 0.00 
 
50.00, 53.00, -3.00, 64.146263, 0.00, 0.07, 0.00, -0.00, 64.14626, 0.00 
 
50.00, 53.00, -3.00, 64.079659, 0.00, 0.07, 0.00, -0.00, 64.07966, 0.00 
 
50.00, 53.00, -3.00, 64.013054, 0.00, 0.07, 0.00, -0.00, 64.01305, 0.00 
 
50.00, 53.00, -3.00, 63.946457, 0.00, 0.07, 0.00, -0.00, 63.94646, 0.00 
 
50.00, 53.00, -3.00, 63.879852, 0.00, 0.07, 0.00, -0.00, 63.87985, 0.00 
 
50.00, 53.00, -3.00, 63.813251, 0.00, 0.07, 0.00, -0.00, 63.81325, 0.00 
 
50.00, 53.00, -3.00, 63.746651, 0.00, 0.07, 0.00, -0.00, 63.74665, 0.00 
 
50.00, 53.00, -3.00, 63.680050, 0.00, 0.07, 0.00, -0.00, 63.68005, 0.00 
 
50.00, 53.00, -3.00, 63.613449, 0.00, 0.07, 0.00, -0.00, 63.61345, 0.00 
 
50.00, 53.00, -3.00, 63.546844, 0.00, 0.07, 0.00, -0.00, 63.54684, 0.00 
 
50.00, 53.00, -3.00, 63.480244, 0.00, 0.07, 0.00, -0.00, 63.48024, 0.00 
 
50.00, 53.00, -3.00, 63.413643, 0.00, 0.07, 0.00, -0.00, 63.41364, 0.00 
 
50.00, 53.00, -3.00, 63.347042, 0.00, 0.07, 0.00, -0.00, 63.34704, 0.00 
 
50.00, 53.00, -3.00, 63.280441, 0.00, 0.07, 0.00, -0.00, 63.28044, 0.00 
 
50.00, 53.00, -3.00, 63.213837, 0.00, 0.07, 0.00, -0.00, 63.21384, 0.00 
 
50.00, 53.00, -3.00, 63.147236, 0.00, 0.07, 0.00, -0.00, 63.14724, 0.00 
 
50.00, 53.00, -3.00, 63.080635, 0.00, 0.07, 0.00, -0.00, 63.08064, 0.00 
 
50.00, 53.00, -3.00, 63.014034, 0.00, 0.07, 0.00, -0.00, 63.01403, 0.00 
 
50.00, 53.50, -3.50, 62.936333, 0.00, 0.07, 0.00, -0.00, 62.93633, -0.00 
 
50.00, 52.50, -2.50, 62.880829, 0.00, 0.07, 0.00, -0.00, 62.88083, 0.00 
 
50.00, 52.50, -2.50, 62.825329, 0.00, 0.07, 0.00, -0.00, 62.82533, 0.00 
 
50.00, 52.00, -2.00, 62.780930, 0.00, 0.07, 0.00, -0.00, 62.78093, 0.00 
 
50.00, 53.00, -3.00, 62.714325, 0.00, 0.07, 0.00, -0.00, 62.71432, -0.00 
 
50.00, 53.00, -3.00, 62.647724, 0.00, 0.07, 0.00, -0.00, 62.64772, 0.00 
 
50.00, 53.00, -3.00, 62.581123, 0.00, 0.07, 0.00, -0.00, 62.58112, 0.00 
 
50.00, 53.50, -3.50, 62.503422, 0.00, 0.07, 0.00, -0.00, 62.50342, -0.00 
 
50.00, 52.50, -2.50, 62.447922, 0.00, 0.07, 0.00, -0.00, 62.44792, 0.00 
 
50.00, 52.50, -2.50, 62.392418, 0.00, 0.07, 0.00, -0.00, 62.39242, 0.00 
 
50.00, 52.50, -2.50, 62.336918, 0.00, 0.07, 0.00, -0.00, 62.33692, 0.00 
 
50.00, 52.50, -2.50, 62.281418, 0.00, 0.07, 0.00, -0.00, 62.28142, 0.00 
 
50.00, 52.50, -2.50, 62.225914, 0.00, 0.07, 0.00, -0.00, 62.22591, 0.00 
 
50.00, 52.50, -2.50, 62.170414, 0.00, 0.07, 0.00, -0.00, 62.17041, 0.00 
 
50.00, 52.50, -2.50, 62.114914, 0.00, 0.07, 0.00, -0.00, 62.11491, 0.00 
 
50.00, 52.50, -2.50, 62.059410, 0.00, 0.07, 0.00, -0.00, 62.05941, 0.00 
 
50.00, 52.50, -2.50, 62.003910, 0.00, 0.07, 0.00, -0.00, 62.00391, 0.00 
 
50.00, 52.50, -2.50, 61.948410, 0.00, 0.07, 0.00, -0.00, 61.94841, 0.00 
 
50.00, 52.50, -2.50, 61.892906, 0.00, 0.07, 0.00, -0.00, 61.89291, 0.00 
 
50.00, 52.50, -2.50, 61.837406, 0.00, 0.07, 0.00, -0.00, 61.83741, 0.00 
 
50.00, 52.50, -2.50, 61.781906, 0.00, 0.07, 0.00, -0.00, 61.78191, 0.00 
 
50.00, 52.50, -2.50, 61.726402, 0.00, 0.07, 0.00, -0.00, 61.72640, 0.00 
 
50.00, 52.50, -2.50, 61.670902, 0.00, 0.07, 0.00, -0.00, 61.67090, 0.00 
 
50.00, 52.50, -2.50, 61.615402, 0.00, 0.07, 0.00, -0.00, 61.61540, 0.00 
 
50.00, 52.50, -2.50, 61.559898, 0.00, 0.07, 0.00, -0.00, 61.55990, 0.00 
 
50.00, 52.50, -2.50, 61.504398, 0.00, 0.07, 0.00, -0.00, 61.50440, 0.00 
 
50.00, 52.50, -2.50, 61.448898, 0.00, 0.07, 0.00, -0.00, 61.44890, 0.00 
 
50.00, 52.50, -2.50, 61.393394, 0.00, 0.07, 0.00, -0.00, 61.39339, 0.00 
 
50.00, 52.50, -2.50, 61.337894, 0.00, 0.07, 0.00, -0.00, 61.33789, 0.00 
 
50.00, 52.50, -2.50, 61.282394, 0.00, 0.07, 0.00, -0.00, 61.28239, 0.00 
 
50.00, 52.50, -2.50, 61.226891, 0.00, 0.07, 0.00, -0.00, 61.22689, 0.00 
 
50.00, 52.50, -2.50, 61.171391, 0.00, 0.07, 0.00, -0.00, 61.17139, 0.00 
 
50.00, 52.50, -2.50, 61.115891, 0.00, 0.07, 0.00, -0.00, 61.11589, 0.00 
 
50.00, 52.50, -2.50, 61.060387, 0.00, 0.07, 0.00, -0.00, 61.06039, 0.00 
 
50.00, 52.50, -2.50, 61.004887, 0.00, 0.07, 0.00, -0.00, 61.00489, 0.00 
 
50.00, 52.50, -2.50, 60.949383, 0.00, 0.07, 0.00, -0.00, 60.94938, 0.00 
 
50.00, 52.50, -2.50, 60.893883, 0.00, 0.07, 0.00, -0.00, 60.89388, 0.00 
 
50.00, 52.50, -2.50, 60.838383, 0.00, 0.07, 0.00, -0.00, 60.83838, 0.00 
 
50.00, 52.50, -2.50, 60.782879, 0.00, 0.07, 0.00, -0.00, 60.78288, 0.00 
 
50.00, 52.50, -2.50, 60.727379, 0.00, 0.07, 0.00, -0.00, 60.72738, 0.00 
 
50.00, 52.00, -2.00, 60.682980, 0.00, 0.07, 0.00, -0.00, 60.68298, 0.00 
 
50.00, 52.50, -2.50, 60.627476, 0.00, 0.07, 0.00, -0.00, 60.62748, -0.00 
 
50.00, 52.50, -2.50, 60.571976, 0.00, 0.07, 0.00, -0.00, 60.57198, 0.00 
 
50.00, 52.50, -2.50, 60.516476, 0.00, 0.07, 0.00, -0.00, 60.51648, 0.00 
 
50.00, 52.00, -2.00, 60.472073, 0.00, 0.07, 0.00, -0.00, 60.47207, 0.00 
 
50.00, 52.00, -2.00, 60.427673, 0.00, 0.07, 0.00, -0.00, 60.42767, 0.00 
 
50.00, 52.00, -2.00, 60.383270, 0.00, 0.07, 0.00, -0.00, 60.38327, 0.00 
 
50.00, 52.00, -2.00, 60.338871, 0.00, 0.07, 0.00, -0.00, 60.33887, 0.00 
 
50.00, 52.00, -2.00, 60.294468, 0.00, 0.07, 0.00, -0.00, 60.29447, 0.00 
 
50.00, 52.00, -2.00, 60.250069, 0.00, 0.07, 0.00, -0.00, 60.25007, 0.00 
 
50.00, 52.00, -2.00, 60.205666, 0.00, 0.07, 0.00, -0.00, 60.20567, 0.00 
 
50.00, 52.00, -2.00, 60.161266, 0.00, 0.07, 0.00, -0.00, 60.16127, 0.00 
 
50.00, 52.00, -2.00, 60.116863, 0.00, 0.07, 0.00, -0.00, 60.11686, 0.00 
 
50.00, 52.00, -2.00, 60.072464, 0.00, 0.07, 0.00, -0.00, 60.07246, 0.00 
 
50.00, 52.00, -2.00, 60.028065, 0.00, 0.07, 0.00, -0.00, 60.02806, 0.00 
 
50.00, 52.00, -2.00, 59.983662, 0.00, 0.07, 0.00, -0.00, 59.98366, 0.00 
 
50.00, 52.00, -2.00, 59.939262, 0.00, 0.07, 0.00, -0.00, 59.93926, 0.00 
 
50.00, 52.00, -2.00, 59.894859, 0.00, 0.07, 0.00, -0.00, 59.89486, 0.00 
 
50.00, 52.00, -2.00, 59.850460, 0.00, 0.07, 0.00, -0.00, 59.85046, 0.00 
 
50.00, 52.00, -2.00, 59.806057, 0.00, 0.07, 0.00, -0.00, 59.80606, 0.00 
 
50.00, 52.00, -2.00, 59.761658, 0.00, 0.07, 0.00, -0.00, 59.76166, 0.00 
 
50.00, 52.00, -2.00, 59.717255, 0.00, 0.07, 0.00, -0.00, 59.71725, 0.00 
 
50.00, 52.00, -2.00, 59.672855, 0.00, 0.07, 0.00, -0.00, 59.67286, 0.00 
 
50.00, 52.00, -2.00, 59.628452, 0.00, 0.07, 0.00, -0.00, 59.62845, 0.00 
 
50.00, 52.00, -2.00, 59.584053, 0.00, 0.07, 0.00, -0.00, 59.58405, 0.00 
 
50.00, 52.00, -2.00, 59.539650, 0.00, 0.07, 0.00, -0.00, 59.53965, 0.00 
 
50.00, 52.00, -2.00, 59.495251, 0.00, 0.07, 0.00, -0.00, 59.49525, 0.00 
 
50.00, 52.00, -2.00, 59.450848, 0.00, 0.07, 0.00, -0.00, 59.45085, 0.00 
 
50.00, 52.00, -2.00, 59.406448, 0.00, 0.07, 0.00, -0.00, 59.40645, 0.00 
 
50.00, 52.00, -2.00, 59.362049, 0.00, 0.07, 0.00, -0.00, 59.36205, 0.00 
 
50.00, 52.00, -2.00, 59.317646, 0.00, 0.07, 0.00, -0.00, 59.31765, 0.00 
 
50.00, 52.00, -2.00, 59.273247, 0.00, 0.07, 0.00, -0.00, 59.27325, 0.00 
 
50.00, 52.00, -2.00, 59.228844, 0.00, 0.07, 0.00, -0.00, 59.22884, 0.00 
 
50.00, 52.00, -2.00, 59.184444, 0.00, 0.07, 0.00, -0.00, 59.18444, 0.00 
 
50.00, 52.00, -2.00, 59.140041, 0.00, 0.07, 0.00, -0.00, 59.14004, 0.00 
 
50.00, 52.00, -2.00, 59.095642, 0.00, 0.07, 0.00, -0.00, 59.09564, 0.00 
 
50.00, 52.00, -2.00, 59.051239, 0.00, 0.07, 0.00, -0.00, 59.05124, 0.00 
 
50.00, 52.00, -2.00, 59.006840, 0.00, 0.07, 0.00, -0.00, 59.00684, 0.00 
 
50.00, 52.00, -2.00, 58.962437, 0.00, 0.07, 0.00, -0.00, 58.96244, 0.00 
 
50.00, 52.00, -2.00, 58.918037, 0.00, 0.07, 0.00, -0.00, 58.91804, 0.00 
 
50.00, 52.00, -2.00, 58.873634, 0.00, 0.07, 0.00, -0.00, 58.87363, 0.00 
 
50.00, 52.00, -2.00, 58.829235, 0.00, 0.07, 0.00, -0.00, 58.82924, 0.00 
 
50.00, 52.50, -2.50, 58.773735, 0.00, 0.07, 0.00, -0.00, 58.77374, -0.00 
 
50.00, 51.00, -1.00, 58.751534, 0.00, 0.07, 0.00, -0.00, 58.75153, 0.00 
 
50.00, 52.00, -2.00, 58.707130, 0.00, 0.07, 0.00, -0.00, 58.70713, -0.00 
 
50.00, 52.00, -2.00, 58.662731, 0.00, 0.07, 0.00, -0.00, 58.66273, 0.00 
 
50.00, 52.00, -2.00, 58.618328, 0.00, 0.07, 0.00, -0.00, 58.61833, 0.00 
 
50.00, 52.00, -2.00, 58.573929, 0.00, 0.07, 0.00, -0.00, 58.57393, 0.00 
 
50.00, 52.50, -2.50, 58.518429, 0.00, 0.07, 0.00, -0.00, 58.51843, -0.00 
 
50.00, 51.50, -1.50, 58.485126, 0.00, 0.07, 0.00, -0.00, 58.48513, 0.00 
 
50.00, 51.00, -1.00, 58.462925, 0.00, 0.07, 0.00, -0.00, 58.46292, 0.00 
 
50.00, 52.50, -2.50, 58.407425, 0.00, 0.07, 0.00, -0.00, 58.40742, -0.00 
 
50.00, 51.50, -1.50, 58.374123, 0.00, 0.07, 0.00, -0.00, 58.37412, 0.00 
 
50.00, 51.50, -1.50, 58.340824, 0.00, 0.07, 0.00, -0.00, 58.34082, 0.00 
 
50.00, 51.50, -1.50, 58.307522, 0.00, 0.07, 0.00, -0.00, 58.30752, 0.00 
 
50.00, 51.50, -1.50, 58.274223, 0.00, 0.07, 0.00, -0.00, 58.27422, 0.00 
 
50.00, 51.50, -1.50, 58.240921, 0.00, 0.07, 0.00, -0.00, 58.24092, 0.00 
 
50.00, 51.50, -1.50, 58.207619, 0.00, 0.07, 0.00, -0.00, 58.20762, 0.00 
 
50.00, 51.50, -1.50, 58.174320, 0.00, 0.07, 0.00, -0.00, 58.17432, 0.00 
 
50.00, 51.50, -1.50, 58.141018, 0.00, 0.07, 0.00, -0.00, 58.14102, 0.00 
 
50.00, 51.50, -1.50, 58.107719, 0.00, 0.07, 0.00, -0.00, 58.10772, 0.00 
 
50.00, 51.50, -1.50, 58.074417, 0.00, 0.07, 0.00, -0.00, 58.07442, 0.00 
 
50.00, 51.50, -1.50, 58.041115, 0.00, 0.07, 0.00, -0.00, 58.04111, 0.00 
 
50.00, 51.50, -1.50, 58.007816, 0.00, 0.07, 0.00, -0.00, 58.00782, 0.00 
 
50.00, 51.50, -1.50, 57.974514, 0.00, 0.07, 0.00, -0.00, 57.97451, 0.00 
 
50.00, 51.50, -1.50, 57.941216, 0.00, 0.07, 0.00, -0.00, 57.94122, 0.00 
 
50.00, 51.50, -1.50, 57.907913, 0.00, 0.07, 0.00, -0.00, 57.90791, 0.00 
 
50.00, 51.50, -1.50, 57.874611, 0.00, 0.07, 0.00, -0.00, 57.87461, 0.00 
 
50.00, 51.50, -1.50, 57.841312, 0.00, 0.07, 0.00, -0.00, 57.84131, 0.00 
 
50.00, 51.50, -1.50, 57.808010, 0.00, 0.07, 0.00, -0.00, 57.80801, 0.00 
 
50.00, 51.50, -1.50, 57.774712, 0.00, 0.07, 0.00, -0.00, 57.77471, 0.00 
 
50.00, 51.50, -1.50, 57.741409, 0.00, 0.07, 0.00, -0.00, 57.74141, 0.00 
 
50.00, 51.50, -1.50, 57.708107, 0.00, 0.07, 0.00, -0.00, 57.70811, 0.00 
 
50.00, 51.50, -1.50, 57.674809, 0.00, 0.07, 0.00, -0.00, 57.67481, 0.00 
 
50.00, 51.50, -1.50, 57.641506, 0.00, 0.07, 0.00, -0.00, 57.64151, 0.00 
 
50.00, 51.00, -1.00, 57.619305, 0.00, 0.07, 0.00, -0.00, 57.61930, 0.00 
 
50.00, 51.50, -1.50, 57.586006, 0.00, 0.07, 0.00, -0.00, 57.58601, -0.00 
 
50.00, 51.00, -1.00, 57.563805, 0.00, 0.07, 0.00, -0.00, 57.56380, 0.00 
 
50.00, 51.50, -1.50, 57.530506, 0.00, 0.07, 0.00, -0.00, 57.53051, -0.00 
 
50.00, 51.50, -1.50, 57.497204, 0.00, 0.07, 0.00, -0.00, 57.49720, 0.00 
 
50.00, 51.50, -1.50, 57.463902, 0.00, 0.07, 0.00, -0.00, 57.46390, 0.00 
 
50.00, 51.00, -1.00, 57.441704, 0.00, 0.07, 0.00, -0.00, 57.44170, 0.00 
 
50.00, 51.00, -1.00, 57.419502, 0.00, 0.07, 0.00, -0.00, 57.41950, 0.00 
 
50.00, 51.00, -1.00, 57.397301, 0.00, 0.07, 0.00, -0.00, 57.39730, 0.00 
 
50.00, 51.00, -1.00, 57.375099, 0.00, 0.07, 0.00, -0.00, 57.37510, 0.00 
 
50.00, 51.00, -1.00, 57.352901, 0.00, 0.07, 0.00, -0.00, 57.35290, 0.00 
 
50.00, 51.50, -1.50, 57.319599, 0.00, 0.07, 0.00, -0.00, 57.31960, -0.00 
 
50.00, 51.00, -1.00, 57.297398, 0.00, 0.07, 0.00, -0.00, 57.29740, 0.00 
 
50.00, 51.00, -1.00, 57.275200, 0.00, 0.07, 0.00, -0.00, 57.27520, 0.00 
 
50.00, 51.00, -1.00, 57.252998, 0.00, 0.07, 0.00, -0.00, 57.25300, 0.00 
 
50.00, 51.00, -1.00, 57.230797, 0.00, 0.07, 0.00, -0.00, 57.23080, 0.00 
 
50.00, 51.00, -1.00, 57.208595, 0.00, 0.07, 0.00, -0.00, 57.20860, 0.00 
 
50.00, 51.00, -1.00, 57.186398, 0.00, 0.07, 0.00, -0.00, 57.18640, 0.00 
 
50.00, 51.00, -1.00, 57.164196, 0.00, 0.07, 0.00, -0.00, 57.16420, 0.00 
 
50.00, 51.00, -1.00, 57.141994, 0.00, 0.07, 0.00, -0.00, 57.14199, 0.00 
 
50.00, 51.00, -1.00, 57.119793, 0.00, 0.07, 0.00, -0.00, 57.11979, 0.00 
 
50.00, 51.00, -1.00, 57.097595, 0.00, 0.07, 0.00, -0.00, 57.09760, 0.00 
 
50.00, 51.00, -1.00, 57.075394, 0.00, 0.07, 0.00, -0.00, 57.07539, 0.00 
 
50.00, 51.00, -1.00, 57.053192, 0.00, 0.07, 0.00, -0.00, 57.05319, 0.00 
 
50.00, 51.00, -1.00, 57.030994, 0.00, 0.07, 0.00, -0.00, 57.03099, 0.00 
 
50.00, 51.00, -1.00, 57.008793, 0.00, 0.07, 0.00, -0.00, 57.00879, 0.00 
 
50.00, 51.00, -1.00, 56.986591, 0.00, 0.07, 0.00, -0.00, 56.98659, 0.00 
 
50.00, 51.00, -1.00, 56.964390, 0.00, 0.07, 0.00, -0.00, 56.96439, 0.00 
 
50.00, 51.00, -1.00, 56.942192, 0.00, 0.07, 0.00, -0.00, 56.94219, 0.00 
 
50.00, 51.00, -1.00, 56.919991, 0.00, 0.07, 0.00, -0.00, 56.91999, 0.00 
 
50.00, 51.00, -1.00, 56.897789, 0.00, 0.07, 0.00, -0.00, 56.89779, 0.00 
 
50.00, 51.00, -1.00, 56.875587, 0.00, 0.07, 0.00, -0.00, 56.87559, 0.00 
 
50.00, 51.00, -1.00, 56.853390, 0.00, 0.07, 0.00, -0.00, 56.85339, 0.00 
 
50.00, 51.00, -1.00, 56.831188, 0.00, 0.07, 0.00, -0.00, 56.83119, 0.00 
 
50.00, 51.00, -1.00, 56.808987, 0.00, 0.07, 0.00, -0.00, 56.80899, 0.00 
 
50.00, 51.00, -1.00, 56.786785, 0.00, 0.07, 0.00, -0.00, 56.78679, 0.00 
 
50.00, 51.00, -1.00, 56.764587, 0.00, 0.07, 0.00, -0.00, 56.76459, 0.00 
 
50.00, 51.00, -1.00, 56.742386, 0.00, 0.07, 0.00, -0.00, 56.74239, 0.00 
 
50.00, 51.00, -1.00, 56.720184, 0.00, 0.07, 0.00, -0.00, 56.72018, 0.00 
 
50.00, 51.00, -1.00, 56.697987, 0.00, 0.07, 0.00, -0.00, 56.69799, 0.00 
 
50.00, 51.00, -1.00, 56.675785, 0.00, 0.07, 0.00, -0.00, 56.67579, 0.00 
 
50.00, 51.00, -1.00, 56.653584, 0.00, 0.07, 0.00, -0.00, 56.65358, 0.00 
 
50.00, 51.00, -1.00, 56.631382, 0.00, 0.07, 0.00, -0.00, 56.63138, 0.00 
 
50.00, 51.50, -1.50, 56.598083, 0.00, 0.07, 0.00, -0.00, 56.59808, -0.00 
 
50.00, 50.50, -0.50, 56.586983, 0.00, 0.07, 0.00, -0.00, 56.58698, 0.00 
 
50.00, 50.00, 0.00, 56.586983, 0.00, 0.07, 0.00, 0.00, 56.58698, 0.00 
 
50.00, 51.00, -1.00, 56.564781, 0.00, 0.07, 0.00, -0.00, 56.56478, -0.00 
 
50.00, 51.50, -1.50, 56.531483, 0.00, 0.07, 0.00, -0.00, 56.53148, -0.00 
 
50.00, 50.00, 0.00, 56.531483, 0.00, 0.07, 0.00, 0.00, 56.53148, 0.00 
 
50.00, 51.00, -1.00, 56.509281, 0.00, 0.07, 0.00, -0.00, 56.50928, -0.00 
 
50.00, 51.50, -1.50, 56.475979, 0.00, 0.07, 0.00, -0.00, 56.47598, -0.00 
 
50.00, 50.50, -0.50, 56.464878, 0.00, 0.07, 0.00, -0.00, 56.46488, 0.00 
 
50.00, 50.50, -0.50, 56.453777, 0.00, 0.07, 0.00, -0.00, 56.45378, 0.00 
 
50.00, 50.50, -0.50, 56.442680, 0.00, 0.07, 0.00, -0.00, 56.44268, 0.00 
 
50.00, 50.00, 0.00, 56.442680, 0.00, 0.07, 0.00, 0.00, 56.44268, 0.00 
 
50.00, 51.50, -1.50, 56.409378, 0.00, 0.07, 0.00, -0.00, 56.40938, -0.00 
 
50.00, 50.50, -0.50, 56.398277, 0.00, 0.07, 0.00, -0.00, 56.39828, 0.00 
 
50.00, 50.50, -0.50, 56.387177, 0.00, 0.07, 0.00, -0.00, 56.38718, 0.00 
 
50.00, 50.00, 0.00, 56.387177, 0.00, 0.07, 0.00, 0.00, 56.38718, 0.00 
 
50.00, 51.50, -1.50, 56.353878, 0.00, 0.07, 0.00, -0.00, 56.35388, -0.00 
 
50.00, 50.50, -0.50, 56.342777, 0.00, 0.07, 0.00, -0.00, 56.34278, 0.00 
 
50.00, 50.50, -0.50, 56.331676, 0.00, 0.07, 0.00, -0.00, 56.33168, 0.00 
 
50.00, 50.50, -0.50, 56.320576, 0.00, 0.07, 0.00, -0.00, 56.32058, 0.00 
 
50.00, 50.00, 0.00, 56.320576, 0.00, 0.07, 0.00, 0.00, 56.32058, 0.00 
 
50.00, 51.50, -1.50, 56.287273, 0.00, 0.07, 0.00, -0.00, 56.28727, -0.00 
 
50.00, 50.50, -0.50, 56.276176, 0.00, 0.07, 0.00, -0.00, 56.27618, 0.00 
 
50.00, 50.50, -0.50, 56.265076, 0.00, 0.07, 0.00, -0.00, 56.26508, 0.00 
 
50.00, 50.50, -0.50, 56.253975, 0.00, 0.07, 0.00, -0.00, 56.25397, 0.00 
 
50.00, 50.50, -0.50, 56.242874, 0.00, 0.07, 0.00, -0.00, 56.24287, 0.00 
 
50.00, 50.50, -0.50, 56.231773, 0.00, 0.07, 0.00, -0.00, 56.23177, 0.00 
 
50.00, 50.50, -0.50, 56.220673, 0.00, 0.07, 0.00, -0.00, 56.22067, 0.00 
 
50.00, 50.50, -0.50, 56.209572, 0.00, 0.07, 0.00, -0.00, 56.20957, 0.00 
 
50.00, 50.50, -0.50, 56.198475, 0.00, 0.07, 0.00, -0.00, 56.19847, 0.00 
 
50.00, 50.50, -0.50, 56.187374, 0.00, 0.07, 0.00, -0.00, 56.18737, 0.00 
 
50.00, 50.50, -0.50, 56.176273, 0.00, 0.07, 0.00, -0.00, 56.17627, 0.00 
 
50.00, 50.50, -0.50, 56.165173, 0.00, 0.07, 0.00, -0.00, 56.16517, 0.00 
 
50.00, 50.50, -0.50, 56.154072, 0.00, 0.07, 0.00, -0.00, 56.15407, 0.00 
 
50.00, 50.50, -0.50, 56.142971, 0.00, 0.07, 0.00, -0.00, 56.14297, 0.00 
 
50.00, 50.50, -0.50, 56.131870, 0.00, 0.07, 0.00, -0.00, 56.13187, 0.00 
 
50.00, 50.50, -0.50, 56.120770, 0.00, 0.07, 0.00, -0.00, 56.12077, 0.00 
 
50.00, 50.50, -0.50, 56.109673, 0.00, 0.07, 0.00, -0.00, 56.10967, 0.00 
 
50.00, 50.50, -0.50, 56.098572, 0.00, 0.07, 0.00, -0.00, 56.09857, 0.00 
 
50.00, 50.50, -0.50, 56.087471, 0.00, 0.07, 0.00, -0.00, 56.08747, 0.00 
 
50.00, 50.50, -0.50, 56.076370, 0.00, 0.07, 0.00, -0.00, 56.07637, 0.00 
 
50.00, 50.50, -0.50, 56.065269, 0.00, 0.07, 0.00, -0.00, 56.06527, 0.00 
 
50.00, 50.50, -0.50, 56.054169, 0.00, 0.07, 0.00, -0.00, 56.05417, 0.00 
 
50.00, 50.50, -0.50, 56.043068, 0.00, 0.07, 0.00, -0.00, 56.04307, 0.00 
 
50.00, 50.50, -0.50, 56.031967, 0.00, 0.07, 0.00, -0.00, 56.03197, 0.00 
 
50.00, 50.50, -0.50, 56.020870, 0.00, 0.07, 0.00, -0.00, 56.02087, 0.00 
 
50.00, 50.50, -0.50, 56.009769, 0.00, 0.07, 0.00, -0.00, 56.00977, 0.00 
 
50.00, 50.50, -0.50, 55.998669, 0.00, 0.07, 0.00, -0.00, 55.99867, 0.00 
 
50.00, 50.50, -0.50, 55.987568, 0.00, 0.07, 0.00, -0.00, 55.98757, 0.00 
 
50.00, 50.50, -0.50, 55.976467, 0.00, 0.07, 0.00, -0.00, 55.97647, 0.00 
 
50.00, 50.50, -0.50, 55.965366, 0.00, 0.07, 0.00, -0.00, 55.96537, 0.00 
 
50.00, 50.50, -0.50, 55.954266, 0.00, 0.07, 0.00, -0.00, 55.95427, 0.00 
 
50.00, 50.50, -0.50, 55.943169, 0.00, 0.07, 0.00, -0.00, 55.94317, 0.00 
 
50.00, 50.50, -0.50, 55.932068, 0.00, 0.07, 0.00, -0.00, 55.93207, 0.00 
 
50.00, 50.50, -0.50, 55.920967, 0.00, 0.07, 0.00, -0.00, 55.92097, 0.00 
 
50.00, 50.50, -0.50, 55.909866, 0.00, 0.07, 0.00, -0.00, 55.90987, 0.00 
 
50.00, 50.50, -0.50, 55.898766, 0.00, 0.07, 0.00, -0.00, 55.89877, 0.00 
 
50.00, 50.50, -0.50, 55.887665, 0.00, 0.07, 0.00, -0.00, 55.88766, 0.00 
 
50.00, 50.50, -0.50, 55.876564, 0.00, 0.07, 0.00, -0.00, 55.87656, 0.00 
 
50.00, 50.50, -0.50, 55.865463, 0.00, 0.07, 0.00, -0.00, 55.86546, 0.00 
 
50.00, 50.50, -0.50, 55.854366, 0.00, 0.07, 0.00, -0.00, 55.85437, 0.00 
 
50.00, 50.50, -0.50, 55.843266, 0.00, 0.07, 0.00, -0.00, 55.84327, 0.00 
 
50.00, 50.50, -0.50, 55.832165, 0.00, 0.07, 0.00, -0.00, 55.83216, 0.00 
 
50.00, 50.50, -0.50, 55.821064, 0.00, 0.07, 0.00, -0.00, 55.82106, 0.00 
 
50.00, 50.50, -0.50, 55.809963, 0.00, 0.07, 0.00, -0.00, 55.80996, 0.00 
 
50.00, 50.50, -0.50, 55.798862, 0.00, 0.07, 0.00, -0.00, 55.79886, 0.00 
 
50.00, 50.50, -0.50, 55.787762, 0.00, 0.07, 0.00, -0.00, 55.78776, 0.00 
 
50.00, 50.50, -0.50, 55.776665, 0.00, 0.07, 0.00, -0.00, 55.77666, 0.00 
 
50.00, 50.00, 0.00, 55.776665, 0.00, 0.07, 0.00, 0.00, 55.77666, 0.00 
 
50.00, 50.50, -0.50, 55.765564, 0.00, 0.07, 0.00, -0.00, 55.76556, -0.00 
 
50.00, 50.50, -0.50, 55.754463, 0.00, 0.07, 0.00, -0.00, 55.75446, 0.00 
 
50.00, 50.50, -0.50, 55.743362, 0.00, 0.07, 0.00, -0.00, 55.74336, 0.00 
 
50.00, 50.50, -0.50, 55.732262, 0.00, 0.07, 0.00, -0.00, 55.73226, 0.00 
 
50.00, 50.00, 0.00, 55.732262, 0.00, 0.07, 0.00, 0.00, 55.73226, 0.00 
 
50.00, 50.50, -0.50, 55.721161, 0.00, 0.07, 0.00, -0.00, 55.72116, -0.00 
 
50.00, 50.50, -0.50, 55.710060, 0.00, 0.07, 0.00, -0.00, 55.71006, 0.00 
 
50.00, 50.00, 0.00, 55.710060, 0.00, 0.07, 0.00, 0.00, 55.71006, 0.00 
 
50.00, 50.50, -0.50, 55.698959, 0.00, 0.07, 0.00, -0.00, 55.69896, -0.00 
 
50.00, 50.00, 0.00, 55.698959, 0.00, 0.07, 0.00, 0.00, 55.69896, 0.00 
 
50.00, 50.50, -0.50, 55.687862, 0.00, 0.07, 0.00, -0.00, 55.68786, -0.00 
 
50.00, 50.00, 0.00, 55.687862, 0.00, 0.07, 0.00, 0.00, 55.68786, 0.00 
 
50.00, 50.50, -0.50, 55.676762, 0.00, 0.07, 0.00, -0.00, 55.67676, -0.00 
 
50.00, 50.00, 0.00, 55.676762, 0.00, 0.07, 0.00, 0.00, 55.67676, 0.00 
 
50.00, 50.00, 0.00, 55.676762, 0.00, 0.07, 0.00, 0.00, 55.67676, 0.00 
 
50.00, 50.00, 0.00, 55.676762, 0.00, 0.07, 0.00, 0.00, 55.67676, 0.00 
 
50.00, 50.00, 0.00, 55.676762, 0.00, 0.07, 0.00, 0.00, 55.67676, 0.00 
 
50.00, 50.00, 0.00, 55.676762, 0.00, 0.07, 0.00, 0.00, 55.67676, 0.00 
 
50.00, 50.00, 0.00, 55.676762, 0.00, 0.07, 0.00, 0.00, 55.67676, 0.00 
 
50.00, 50.00, 0.00, 55.676762, 0.00, 0.07, 0.00, 0.00, 55.67676, 0.00 
 
50.00, 50.00, 0.00, 55.676762, 0.00, 0.07, 0.00, 0.00, 55.67676, 0.00 
 
50.00, 50.00, 0.00, 55.676762, 0.00, 0.07, 0.00, 0.00, 55.67676, 0.00 
 
50.00, 50.00, 0.00, 55.676762, 0.00, 0.07, 0.00, 0.00, 55.67676, 0.00 
 
50.00, 50.00, 0.00, 55.676762, 0.00, 0.07, 0.00, 0.00, 55.67676, 0.00 
 
50.00, 50.00, 0.00, 55.676762, 0.00, 0.07, 0.00, 0.00, 55.67676, 0.00 
 
50.00, 50.00, 0.00, 55.676762, 0.00, 0.07, 0.00, 0.00, 55.67676, 0.00 
 
50.00, 50.00, 0.00, 55.676762, 0.00, 0.07, 0.00, 0.00, 55.67676, 0.00 
 
50.00, 50.00, 0.00, 55.676762, 0.00, 0.07, 0.00, 0.00, 55.67676, 0.00 
 
50.00, 50.00, 0.00, 55.676762, 0.00, 0.07, 0.00, 0.00, 55.67676, 0.00 
 
50.00, 50.00, 0.00, 55.676762, 0.00, 0.07, 0.00, 0.00, 55.67676, 0.00 
 
50.00, 50.00, 0.00, 55.676762, 0.00, 0.07, 0.00, 0.00, 55.67676, 0.00 
 
50.00, 50.00, 0.00, 55.676762, 0.00, 0.07, 0.00, 0.00, 55.67676, 0.00 
 
50.00, 50.00, 0.00, 55.676762, 0.00, 0.07, 0.00, 0.00, 55.67676, 0.00 
 
50.00, 50.00, 0.00, 55.676762, 0.00, 0.07, 0.00, 0.00, 55.67676, 0.00 
 
50.00, 50.00, 0.00, 55.676762, 0.00, 0.07, 0.00, 0.00, 55.67676, 0.00 
 
50.00, 50.00, 0.00, 55.676762, 0.00, 0.07, 0.00, 0.00, 55.67676, 0.00 
 
50.00, 50.00, 0.00, 55.676762, 0.00, 0.07, 0.00, 0.00, 55.67676, 0.00 
 
50.00, 50.00, 0.00, 55.676762, 0.00, 0.07, 0.00, 0.00, 55.67676, 0.00 
 
