30.00, 30.00, 0.00, 0.000000, 3.00, 0.07, 0.00, 0.00, 0.00000, 0.00 
 
30.00, 30.00, 0.00, 0.000000, 3.00, 0.07, 0.00, 0.00, 0.00000, 0.00 
 
30.00, 30.00, 0.00, 0.000000, 3.00, 0.07, 0.00, 0.00, 0.00000, 0.00 
 
30.00, 30.00, 0.00, 0.000000, 3.00, 0.07, 0.00, 0.00, 0.00000, 0.00 
 
30.00, 30.00, 0.00, 0.000000, 3.00, 0.07, 0.00, 0.00, 0.00000, 0.00 
 
30.00, 30.00, 0.00, 0.000000, 3.00, 0.07, 0.00, 0.00, 0.00000, 0.00 
 
30.00, 30.00, 0.00, 0.000000, 3.00, 0.07, 0.00, 0.00, 0.00000, 0.00 
 
30.00, 30.00, 0.00, 0.000000, 3.00, 0.07, 0.00, 0.00, 0.00000, 0.00 
 
30.00, 30.00, 0.00, 0.000000, 3.00, 0.07, 0.00, 0.00, 0.00000, 0.00 
 
30.00, 30.00, 0.00, 0.000000, 3.00, 0.07, 0.00, 0.00, 0.00000, 0.00 
 
30.00, 30.00, 0.00, 0.000000, 3.00, 0.07, 0.00, 0.00, 0.00000, 0.00 
 
30.00, 30.00, 0.00, 0.000000, 3.00, 0.07, 0.00, 0.00, 0.00000, 0.00 
 
30.00, 30.50, -0.50, 0.000000, 3.00, 0.07, 0.00, -1.50, -0.01110, -0.00 
 
30.00, 29.00, 1.00, 3.022200, 3.00, 0.07, 0.00, 3.00, 0.02220, 0.00 
 
30.00, 30.00, 0.00, 0.000000, 3.00, 0.07, 0.00, 0.00, 0.00000, -0.00 
 
30.00, 30.00, 0.00, 0.000000, 3.00, 0.07, 0.00, 0.00, 0.00000, 0.00 
 
30.00, 30.00, 0.00, 0.000000, 3.00, 0.07, 0.00, 0.00, 0.00000, 0.00 
 
30.00, 30.00, 0.00, 0.000000, 3.00, 0.07, 0.00, 0.00, 0.00000, 0.00 
 
30.00, 30.00, 0.00, 0.000000, 3.00, 0.07, 0.00, 0.00, 0.00000, 0.00 
 
30.00, 30.50, -0.50, 0.000000, 3.00, 0.07, 0.00, -1.50, -0.01110, -0.00 
 
30.00, 29.00, 1.00, 3.022200, 3.00, 0.07, 0.00, 3.00, 0.02220, 0.00 
 
30.00, 30.50, -0.50, 0.000000, 3.00, 0.07, 0.00, -1.50, -0.01110, -0.00 
 
30.00, 29.00, 1.00, 3.022200, 3.00, 0.07, 0.00, 3.00, 0.02220, 0.00 
 
30.00, 30.50, -0.50, 0.000000, 3.00, 0.07, 0.00, -1.50, -0.01110, -0.00 
 
30.00, 29.50, 0.50, 1.511100, 3.00, 0.07, 0.00, 1.50, 0.01110, 0.00 
 
50.00, 29.50, 20.50, 61.955101, 3.00, 0.07, 0.00, 61.50, 0.45510, 0.00 
 
50.00, 29.50, 20.50, 62.410198, 3.00, 0.07, 0.00, 61.50, 0.91020, 0.00 
 
50.00, 29.00, 21.00, 64.376404, 3.00, 0.07, 0.00, 63.00, 1.37640, 0.00 
 
50.00, 30.00, 20.00, 61.820400, 3.00, 0.07, 0.00, 60.00, 1.82040, -0.00 
 
50.00, 30.00, 20.00, 62.264400, 3.00, 0.07, 0.00, 60.00, 2.26440, 0.00 
 
50.00, 30.00, 20.00, 62.708401, 3.00, 0.07, 0.00, 60.00, 2.70840, 0.00 
 
50.00, 30.00, 20.00, 63.152401, 3.00, 0.07, 0.00, 60.00, 3.15240, 0.00 
 
50.00, 30.00, 20.00, 63.596401, 3.00, 0.07, 0.00, 60.00, 3.59640, 0.00 
 
50.00, 30.00, 20.00, 64.040398, 3.00, 0.07, 0.00, 60.00, 4.04040, 0.00 
 
50.00, 30.50, 19.50, 62.973301, 3.00, 0.07, 0.00, 58.50, 4.47330, -0.00 
 
50.00, 30.50, 19.50, 63.406200, 3.00, 0.07, 0.00, 58.50, 4.90620, 0.00 
 
50.00, 30.50, 19.50, 63.839100, 3.00, 0.07, 0.00, 58.50, 5.33910, 0.00 
 
50.00, 30.50, 19.50, 64.272003, 3.00, 0.07, 0.00, 58.50, 5.77200, 0.00 
 
50.00, 30.00, 20.00, 66.216003, 3.00, 0.07, 0.00, 60.00, 6.21600, 0.00 
 
50.00, 31.00, 19.00, 63.637802, 3.00, 0.07, 0.00, 57.00, 6.63780, -0.00 
 
50.00, 31.00, 19.00, 64.059601, 3.00, 0.07, 0.00, 57.00, 7.05960, 0.00 
 
50.00, 31.00, 19.00, 64.481400, 3.00, 0.07, 0.00, 57.00, 7.48140, 0.00 
 
50.00, 31.00, 19.00, 64.903198, 3.00, 0.07, 0.00, 57.00, 7.90320, 0.00 
 
50.00, 31.00, 19.00, 65.325005, 3.00, 0.07, 0.00, 57.00, 8.32500, 0.00 
 
50.00, 31.50, 18.50, 64.235703, 3.00, 0.07, 0.00, 55.50, 8.73570, -0.00 
 
50.00, 31.50, 18.50, 64.646400, 3.00, 0.07, 0.00, 55.50, 9.14640, 0.00 
 
50.00, 31.50, 18.50, 65.057106, 3.00, 0.07, 0.00, 55.50, 9.55710, 0.00 
 
50.00, 31.00, 19.00, 66.978905, 3.00, 0.07, 0.00, 57.00, 9.97890, 0.00 
 
50.00, 32.50, 17.50, 62.867401, 3.00, 0.07, 0.00, 52.50, 10.36740, -0.00 
 
50.00, 31.00, 19.00, 67.789200, 3.00, 0.07, 0.00, 57.00, 10.78920, 0.00 
 
50.00, 32.00, 18.00, 65.188805, 3.00, 0.07, 0.00, 54.00, 11.18880, -0.00 
 
50.00, 32.50, 17.50, 64.077301, 3.00, 0.07, 0.00, 52.50, 11.57730, -0.00 
 
50.00, 32.50, 17.50, 64.465805, 3.00, 0.07, 0.00, 52.50, 11.96580, 0.00 
 
50.00, 32.50, 17.50, 64.854301, 3.00, 0.07, 0.00, 52.50, 12.35430, 0.00 
 
50.00, 32.50, 17.50, 65.242805, 3.00, 0.07, 0.00, 52.50, 12.74280, 0.00 
 
50.00, 32.00, 18.00, 67.142403, 3.00, 0.07, 0.00, 54.00, 13.14240, 0.00 
 
50.00, 33.00, 17.00, 64.519806, 3.00, 0.07, 0.00, 51.00, 13.51980, -0.00 
 
50.00, 33.00, 17.00, 64.897202, 3.00, 0.07, 0.00, 51.00, 13.89720, 0.00 
 
50.00, 33.00, 17.00, 65.274605, 3.00, 0.07, 0.00, 51.00, 14.27460, 0.00 
 
50.00, 33.00, 17.00, 65.652000, 3.00, 0.07, 0.00, 51.00, 14.65200, 0.00 
 
50.00, 33.50, 16.50, 64.518303, 3.00, 0.07, 0.00, 49.50, 15.01830, -0.00 
 
50.00, 33.50, 16.50, 64.884605, 3.00, 0.07, 0.00, 49.50, 15.38460, 0.00 
 
50.00, 33.50, 16.50, 65.250900, 3.00, 0.07, 0.00, 49.50, 15.75090, 0.00 
 
50.00, 33.50, 16.50, 65.617203, 3.00, 0.07, 0.00, 49.50, 16.11720, 0.00 
 
50.00, 33.50, 16.50, 65.983505, 3.00, 0.07, 0.00, 49.50, 16.48350, 0.00 
 
50.00, 33.00, 17.00, 67.860901, 3.00, 0.07, 0.00, 51.00, 16.86090, 0.00 
 
50.00, 34.00, 16.00, 65.216103, 3.00, 0.07, 0.00, 48.00, 17.21610, -0.00 
 
50.00, 34.00, 16.00, 65.571304, 3.00, 0.07, 0.00, 48.00, 17.57130, 0.00 
 
50.00, 34.00, 16.00, 65.926506, 3.00, 0.07, 0.00, 48.00, 17.92650, 0.00 
 
50.00, 34.00, 16.00, 66.281708, 3.00, 0.07, 0.00, 48.00, 18.28170, 0.00 
 
50.00, 34.00, 16.00, 66.636902, 3.00, 0.07, 0.00, 48.00, 18.63691, 0.00 
 
50.00, 34.50, 15.50, 65.481003, 3.00, 0.07, 0.00, 46.50, 18.98100, -0.00 
 
50.00, 34.00, 16.00, 67.336205, 3.00, 0.07, 0.00, 48.00, 19.33620, 0.00 
 
50.00, 34.50, 15.50, 66.180305, 3.00, 0.07, 0.00, 46.50, 19.68031, -0.00 
 
50.00, 34.50, 15.50, 66.524406, 3.00, 0.07, 0.00, 46.50, 20.02440, 0.00 
 
50.00, 34.00, 16.00, 68.379608, 3.00, 0.07, 0.00, 48.00, 20.37960, 0.00 
 
50.00, 35.00, 15.00, 65.712601, 3.00, 0.07, 0.00, 45.00, 20.71260, -0.00 
 
50.00, 35.00, 15.00, 66.045609, 3.00, 0.07, 0.00, 45.00, 21.04560, 0.00 
 
50.00, 35.00, 15.00, 66.378601, 3.00, 0.07, 0.00, 45.00, 21.37860, 0.00 
 
50.00, 35.00, 15.00, 66.711601, 3.00, 0.07, 0.00, 45.00, 21.71160, 0.00 
 
50.00, 35.50, 14.50, 65.533501, 3.00, 0.07, 0.00, 43.50, 22.03350, -0.00 
 
50.00, 35.50, 14.50, 65.855400, 3.00, 0.07, 0.00, 43.50, 22.35540, 0.00 
 
50.00, 35.50, 14.50, 66.177299, 3.00, 0.07, 0.00, 43.50, 22.67730, 0.00 
 
50.00, 35.50, 14.50, 66.499199, 3.00, 0.07, 0.00, 43.50, 22.99920, 0.00 
 
50.00, 35.50, 14.50, 66.821098, 3.00, 0.07, 0.00, 43.50, 23.32110, 0.00 
 
50.00, 35.50, 14.50, 67.142998, 3.00, 0.07, 0.00, 43.50, 23.64300, 0.00 
 
50.00, 35.00, 15.00, 68.975998, 3.00, 0.07, 0.00, 45.00, 23.97600, 0.00 
 
50.00, 36.00, 14.00, 66.286797, 3.00, 0.07, 0.00, 42.00, 24.28680, -0.00 
 
50.00, 36.00, 14.00, 66.597595, 3.00, 0.07, 0.00, 42.00, 24.59760, 0.00 
 
50.00, 36.00, 14.00, 66.908401, 3.00, 0.07, 0.00, 42.00, 24.90840, 0.00 
 
50.00, 36.00, 14.00, 67.219193, 3.00, 0.07, 0.00, 42.00, 25.21920, 0.00 
 
50.00, 36.00, 14.00, 67.529999, 3.00, 0.07, 0.00, 42.00, 25.53000, 0.00 
 
50.00, 36.00, 14.00, 67.840797, 3.00, 0.07, 0.00, 42.00, 25.84080, 0.00 
 
50.00, 36.50, 13.50, 66.640495, 3.00, 0.07, 0.00, 40.50, 26.14050, -0.00 
 
50.00, 36.50, 13.50, 66.940201, 3.00, 0.07, 0.00, 40.50, 26.44020, 0.00 
 
50.00, 36.50, 13.50, 67.239899, 3.00, 0.07, 0.00, 40.50, 26.73990, 0.00 
 
50.00, 36.50, 13.50, 67.539597, 3.00, 0.07, 0.00, 40.50, 27.03960, 0.00 
 
50.00, 36.50, 13.50, 67.839302, 3.00, 0.07, 0.00, 40.50, 27.33930, 0.00 
 
50.00, 36.50, 13.50, 68.139000, 3.00, 0.07, 0.00, 40.50, 27.63900, 0.00 
 
50.00, 36.00, 14.00, 69.949799, 3.00, 0.07, 0.00, 42.00, 27.94980, 0.00 
 
50.00, 37.00, 13.00, 67.238403, 3.00, 0.07, 0.00, 39.00, 28.23840, -0.00 
 
50.00, 37.00, 13.00, 67.527000, 3.00, 0.07, 0.00, 39.00, 28.52700, 0.00 
 
50.00, 37.00, 13.00, 67.815598, 3.00, 0.07, 0.00, 39.00, 28.81560, 0.00 
 
50.00, 37.00, 13.00, 68.104202, 3.00, 0.07, 0.00, 39.00, 29.10420, 0.00 
 
50.00, 37.00, 13.00, 68.392807, 3.00, 0.07, 0.00, 39.00, 29.39280, 0.00 
 
50.00, 37.50, 12.50, 67.170303, 3.00, 0.07, 0.00, 37.50, 29.67030, -0.00 
 
50.00, 37.00, 13.00, 68.958908, 3.00, 0.07, 0.00, 39.00, 29.95890, 0.00 
 
50.00, 37.50, 12.50, 67.736404, 3.00, 0.07, 0.00, 37.50, 30.23640, -0.00 
 
50.00, 37.50, 12.50, 68.013901, 3.00, 0.07, 0.00, 37.50, 30.51390, 0.00 
 
50.00, 37.50, 12.50, 68.291405, 3.00, 0.07, 0.00, 37.50, 30.79141, 0.00 
 
50.00, 37.00, 13.00, 70.080002, 3.00, 0.07, 0.00, 39.00, 31.08001, 0.00 
 
50.00, 38.50, 11.50, 65.835304, 3.00, 0.07, 0.00, 34.50, 31.33531, -0.00 
 
50.00, 37.00, 13.00, 70.623909, 3.00, 0.07, 0.00, 39.00, 31.62391, 0.00 
 
50.00, 38.00, 12.00, 67.890305, 3.00, 0.07, 0.00, 36.00, 31.89031, -0.00 
 
50.00, 38.00, 12.00, 68.156708, 3.00, 0.07, 0.00, 36.00, 32.15671, 0.00 
 
50.00, 38.00, 12.00, 68.423111, 3.00, 0.07, 0.00, 36.00, 32.42311, 0.00 
 
50.00, 38.00, 12.00, 68.689507, 3.00, 0.07, 0.00, 36.00, 32.68951, 0.00 
 
50.00, 38.00, 12.00, 68.955910, 3.00, 0.07, 0.00, 36.00, 32.95591, 0.00 
 
50.00, 38.00, 12.00, 69.222305, 3.00, 0.07, 0.00, 36.00, 33.22231, 0.00 
 
50.00, 38.50, 11.50, 67.977608, 3.00, 0.07, 0.00, 34.50, 33.47761, -0.00 
 
50.00, 38.50, 11.50, 68.232910, 3.00, 0.07, 0.00, 34.50, 33.73291, 0.00 
 
50.00, 38.50, 11.50, 68.488205, 3.00, 0.07, 0.00, 34.50, 33.98821, 0.00 
 
50.00, 38.50, 11.50, 68.743507, 3.00, 0.07, 0.00, 34.50, 34.24351, 0.00 
 
50.00, 38.50, 11.50, 68.998810, 3.00, 0.07, 0.00, 34.50, 34.49881, 0.00 
 
50.00, 38.50, 11.50, 69.254112, 3.00, 0.07, 0.00, 34.50, 34.75411, 0.00 
 
50.00, 38.50, 11.50, 69.509415, 3.00, 0.07, 0.00, 34.50, 35.00941, 0.00 
 
50.00, 38.00, 12.00, 71.275810, 3.00, 0.07, 0.00, 36.00, 35.27581, 0.00 
 
50.00, 39.00, 11.00, 68.520012, 3.00, 0.07, 0.00, 33.00, 35.52001, -0.00 
 
50.00, 39.00, 11.00, 68.764214, 3.00, 0.07, 0.00, 33.00, 35.76421, 0.00 
 
50.00, 39.00, 11.00, 69.008415, 3.00, 0.07, 0.00, 33.00, 36.00842, 0.00 
 
50.00, 39.00, 11.00, 69.252617, 3.00, 0.07, 0.00, 33.00, 36.25262, 0.00 
 
50.00, 39.00, 11.00, 69.496819, 3.00, 0.07, 0.00, 33.00, 36.49682, 0.00 
 
50.00, 39.00, 11.00, 69.741020, 3.00, 0.07, 0.00, 33.00, 36.74102, 0.00 
 
50.00, 39.50, 10.50, 68.474121, 3.00, 0.07, 0.00, 31.50, 36.97412, -0.00 
 
50.00, 39.50, 10.50, 68.707230, 3.00, 0.07, 0.00, 31.50, 37.20723, 0.00 
 
50.00, 39.50, 10.50, 68.940323, 3.00, 0.07, 0.00, 31.50, 37.44033, 0.00 
 
50.00, 39.50, 10.50, 69.173431, 3.00, 0.07, 0.00, 31.50, 37.67343, 0.00 
 
50.00, 39.50, 10.50, 69.406525, 3.00, 0.07, 0.00, 31.50, 37.90653, 0.00 
 
50.00, 39.50, 10.50, 69.639633, 3.00, 0.07, 0.00, 31.50, 38.13963, 0.00 
 
50.00, 39.50, 10.50, 69.872726, 3.00, 0.07, 0.00, 31.50, 38.37273, 0.00 
 
50.00, 39.50, 10.50, 70.105835, 3.00, 0.07, 0.00, 31.50, 38.60583, 0.00 
 
50.00, 39.50, 10.50, 70.338936, 3.00, 0.07, 0.00, 31.50, 38.83894, 0.00 
 
50.00, 39.50, 10.50, 70.572037, 3.00, 0.07, 0.00, 31.50, 39.07204, 0.00 
 
50.00, 39.00, 11.00, 72.316238, 3.00, 0.07, 0.00, 33.00, 39.31624, 0.00 
 
50.00, 40.00, 10.00, 69.538239, 3.00, 0.07, 0.00, 30.00, 39.53824, -0.00 
 
50.00, 40.00, 10.00, 69.760239, 3.00, 0.07, 0.00, 30.00, 39.76024, 0.00 
 
50.00, 40.00, 10.00, 69.982239, 3.00, 0.07, 0.00, 30.00, 39.98224, 0.00 
 
50.00, 40.00, 10.00, 70.204239, 3.00, 0.07, 0.00, 30.00, 40.20424, 0.00 
 
50.00, 40.00, 10.00, 70.426239, 3.00, 0.07, 0.00, 30.00, 40.42624, 0.00 
 
50.00, 40.50, 9.50, 69.137146, 3.00, 0.07, 0.00, 28.50, 40.63714, -0.00 
 
50.00, 40.50, 9.50, 69.348045, 3.00, 0.07, 0.00, 28.50, 40.84805, 0.00 
 
50.00, 40.50, 9.50, 69.558945, 3.00, 0.07, 0.00, 28.50, 41.05894, 0.00 
 
50.00, 40.50, 9.50, 69.769852, 3.00, 0.07, 0.00, 28.50, 41.26985, 0.00 
 
50.00, 40.50, 9.50, 69.980743, 3.00, 0.07, 0.00, 28.50, 41.48075, 0.00 
 
50.00, 40.50, 9.50, 70.191650, 3.00, 0.07, 0.00, 28.50, 41.69165, 0.00 
 
50.00, 40.00, 10.00, 71.913651, 3.00, 0.07, 0.00, 30.00, 41.91365, 0.00 
 
50.00, 41.50, 8.50, 67.602348, 3.00, 0.07, 0.00, 25.50, 42.10235, -0.00 
 
50.00, 40.50, 9.50, 70.813248, 3.00, 0.07, 0.00, 28.50, 42.31325, 0.00 
 
50.00, 40.50, 9.50, 71.024155, 3.00, 0.07, 0.00, 28.50, 42.52415, 0.00 
 
50.00, 40.00, 10.00, 72.746155, 3.00, 0.07, 0.00, 30.00, 42.74615, 0.00 
 
50.00, 41.00, 9.00, 69.945953, 3.00, 0.07, 0.00, 27.00, 42.94595, -0.00 
 
50.00, 41.00, 9.00, 70.145752, 3.00, 0.07, 0.00, 27.00, 43.14576, 0.00 
 
50.00, 41.00, 9.00, 70.345551, 3.00, 0.07, 0.00, 27.00, 43.34555, 0.00 
 
50.00, 41.00, 9.00, 70.545357, 3.00, 0.07, 0.00, 27.00, 43.54536, 0.00 
 
50.00, 41.00, 9.00, 70.745155, 3.00, 0.07, 0.00, 27.00, 43.74516, 0.00 
 
50.00, 41.00, 9.00, 70.944962, 3.00, 0.07, 0.00, 27.00, 43.94496, 0.00 
 
50.00, 41.00, 9.00, 71.144760, 3.00, 0.07, 0.00, 27.00, 44.14476, 0.00 
 
50.00, 41.00, 9.00, 71.344559, 3.00, 0.07, 0.00, 27.00, 44.34456, 0.00 
 
50.00, 41.00, 9.00, 71.544357, 3.00, 0.07, 0.00, 27.00, 44.54436, 0.00 
 
50.00, 41.00, 9.00, 71.744156, 3.00, 0.07, 0.00, 27.00, 44.74416, 0.00 
 
50.00, 41.50, 8.50, 70.432861, 3.00, 0.07, 0.00, 25.50, 44.93286, -0.00 
 
50.00, 41.50, 8.50, 70.621559, 3.00, 0.07, 0.00, 25.50, 45.12156, 0.00 
 
50.00, 41.50, 8.50, 70.810257, 3.00, 0.07, 0.00, 25.50, 45.31026, 0.00 
 
50.00, 41.50, 8.50, 70.998962, 3.00, 0.07, 0.00, 25.50, 45.49896, 0.00 
 
50.00, 41.50, 8.50, 71.187660, 3.00, 0.07, 0.00, 25.50, 45.68766, 0.00 
 
50.00, 41.50, 8.50, 71.376358, 3.00, 0.07, 0.00, 25.50, 45.87636, 0.00 
 
50.00, 41.50, 8.50, 71.565063, 3.00, 0.07, 0.00, 25.50, 46.06506, 0.00 
 
50.00, 41.50, 8.50, 71.753761, 3.00, 0.07, 0.00, 25.50, 46.25376, 0.00 
 
50.00, 41.50, 8.50, 71.942459, 3.00, 0.07, 0.00, 25.50, 46.44246, 0.00 
 
50.00, 41.00, 9.00, 73.642258, 3.00, 0.07, 0.00, 27.00, 46.64226, 0.00 
 
50.00, 42.50, 7.50, 69.308762, 3.00, 0.07, 0.00, 22.50, 46.80876, -0.00 
 
50.00, 41.00, 9.00, 74.008560, 3.00, 0.07, 0.00, 27.00, 47.00856, 0.00 
 
50.00, 42.00, 8.00, 71.186165, 3.00, 0.07, 0.00, 24.00, 47.18616, -0.00 
 
50.00, 42.00, 8.00, 71.363770, 3.00, 0.07, 0.00, 24.00, 47.36377, 0.00 
 
50.00, 42.00, 8.00, 71.541367, 3.00, 0.07, 0.00, 24.00, 47.54136, 0.00 
 
50.00, 42.00, 8.00, 71.718964, 3.00, 0.07, 0.00, 24.00, 47.71896, 0.00 
 
50.00, 42.00, 8.00, 71.896561, 3.00, 0.07, 0.00, 24.00, 47.89656, 0.00 
 
50.00, 42.00, 8.00, 72.074165, 3.00, 0.07, 0.00, 24.00, 48.07417, 0.00 
 
50.00, 42.00, 8.00, 72.251770, 3.00, 0.07, 0.00, 24.00, 48.25177, 0.00 
 
50.00, 42.50, 7.50, 70.918259, 3.00, 0.07, 0.00, 22.50, 48.41826, -0.00 
 
50.00, 42.50, 7.50, 71.084763, 3.00, 0.07, 0.00, 22.50, 48.58476, 0.00 
 
50.00, 42.50, 7.50, 71.251266, 3.00, 0.07, 0.00, 22.50, 48.75126, 0.00 
 
50.00, 42.50, 7.50, 71.417763, 3.00, 0.07, 0.00, 22.50, 48.91776, 0.00 
 
50.00, 42.50, 7.50, 71.584259, 3.00, 0.07, 0.00, 22.50, 49.08426, 0.00 
 
50.00, 42.50, 7.50, 71.750763, 3.00, 0.07, 0.00, 22.50, 49.25076, 0.00 
 
50.00, 42.50, 7.50, 71.917267, 3.00, 0.07, 0.00, 22.50, 49.41726, 0.00 
 
50.00, 42.50, 7.50, 72.083763, 3.00, 0.07, 0.00, 22.50, 49.58376, 0.00 
 
50.00, 42.50, 7.50, 72.250259, 3.00, 0.07, 0.00, 22.50, 49.75026, 0.00 
 
50.00, 42.50, 7.50, 72.416763, 3.00, 0.07, 0.00, 22.50, 49.91676, 0.00 
 
50.00, 42.00, 8.00, 74.094360, 3.00, 0.07, 0.00, 24.00, 50.09436, 0.00 
 
50.00, 43.00, 7.00, 71.249763, 3.00, 0.07, 0.00, 21.00, 50.24976, -0.00 
 
50.00, 43.00, 7.00, 71.405167, 3.00, 0.07, 0.00, 21.00, 50.40516, 0.00 
 
50.00, 43.00, 7.00, 71.560562, 3.00, 0.07, 0.00, 21.00, 50.56056, 0.00 
 
50.00, 43.00, 7.00, 71.715958, 3.00, 0.07, 0.00, 21.00, 50.71596, 0.00 
 
50.00, 43.00, 7.00, 71.871361, 3.00, 0.07, 0.00, 21.00, 50.87136, 0.00 
 
50.00, 43.00, 7.00, 72.026764, 3.00, 0.07, 0.00, 21.00, 51.02676, 0.00 
 
50.00, 43.00, 7.00, 72.182159, 3.00, 0.07, 0.00, 21.00, 51.18216, 0.00 
 
50.00, 43.00, 7.00, 72.337555, 3.00, 0.07, 0.00, 21.00, 51.33756, 0.00 
 
50.00, 43.00, 7.00, 72.492958, 3.00, 0.07, 0.00, 21.00, 51.49296, 0.00 
 
50.00, 43.00, 7.00, 72.648361, 3.00, 0.07, 0.00, 21.00, 51.64836, 0.00 
 
50.00, 43.00, 7.00, 72.803757, 3.00, 0.07, 0.00, 21.00, 51.80376, 0.00 
 
50.00, 43.50, 6.50, 71.448059, 3.00, 0.07, 0.00, 19.50, 51.94806, -0.00 
 
50.00, 43.50, 6.50, 71.592361, 3.00, 0.07, 0.00, 19.50, 52.09236, 0.00 
 
50.00, 43.50, 6.50, 71.736656, 3.00, 0.07, 0.00, 19.50, 52.23666, 0.00 
 
50.00, 43.50, 6.50, 71.880951, 3.00, 0.07, 0.00, 19.50, 52.38095, 0.00 
 
50.00, 43.50, 6.50, 72.025253, 3.00, 0.07, 0.00, 19.50, 52.52525, 0.00 
 
50.00, 43.50, 6.50, 72.169556, 3.00, 0.07, 0.00, 19.50, 52.66956, 0.00 
 
50.00, 43.50, 6.50, 72.313858, 3.00, 0.07, 0.00, 19.50, 52.81385, 0.00 
 
50.00, 43.50, 6.50, 72.458153, 3.00, 0.07, 0.00, 19.50, 52.95815, 0.00 
 
50.00, 43.50, 6.50, 72.602448, 3.00, 0.07, 0.00, 19.50, 53.10245, 0.00 
 
50.00, 43.50, 6.50, 72.746750, 3.00, 0.07, 0.00, 19.50, 53.24675, 0.00 
 
50.00, 43.00, 7.00, 74.402153, 3.00, 0.07, 0.00, 21.00, 53.40215, 0.00 
 
50.00, 44.50, 5.50, 70.024246, 3.00, 0.07, 0.00, 16.50, 53.52425, -0.00 
 
50.00, 43.00, 7.00, 74.679649, 3.00, 0.07, 0.00, 21.00, 53.67965, 0.00 
 
50.00, 44.00, 6.00, 71.812851, 3.00, 0.07, 0.00, 18.00, 53.81285, -0.00 
 
50.00, 44.00, 6.00, 71.946045, 3.00, 0.07, 0.00, 18.00, 53.94605, 0.00 
 
50.00, 44.00, 6.00, 72.079247, 3.00, 0.07, 0.00, 18.00, 54.07925, 0.00 
 
50.00, 44.00, 6.00, 72.212448, 3.00, 0.07, 0.00, 18.00, 54.21244, 0.00 
 
50.00, 44.00, 6.00, 72.345642, 3.00, 0.07, 0.00, 18.00, 54.34565, 0.00 
 
50.00, 44.00, 6.00, 72.478844, 3.00, 0.07, 0.00, 18.00, 54.47884, 0.00 
 
50.00, 44.00, 6.00, 72.612045, 3.00, 0.07, 0.00, 18.00, 54.61204, 0.00 
 
50.00, 44.00, 6.00, 72.745239, 3.00, 0.07, 0.00, 18.00, 54.74524, 0.00 
 
50.00, 44.00, 6.00, 72.878441, 3.00, 0.07, 0.00, 18.00, 54.87844, 0.00 
 
50.00, 44.00, 6.00, 73.011642, 3.00, 0.07, 0.00, 18.00, 55.01164, 0.00 
 
50.00, 44.00, 6.00, 73.144836, 3.00, 0.07, 0.00, 18.00, 55.14484, 0.00 
 
50.00, 44.00, 6.00, 73.278038, 3.00, 0.07, 0.00, 18.00, 55.27804, 0.00 
 
50.00, 44.50, 5.50, 71.900139, 3.00, 0.07, 0.00, 16.50, 55.40014, -0.00 
 
50.00, 44.50, 5.50, 72.022232, 3.00, 0.07, 0.00, 16.50, 55.52224, 0.00 
 
50.00, 44.50, 5.50, 72.144333, 3.00, 0.07, 0.00, 16.50, 55.64433, 0.00 
 
50.00, 44.50, 5.50, 72.266434, 3.00, 0.07, 0.00, 16.50, 55.76643, 0.00 
 
50.00, 44.50, 5.50, 72.388535, 3.00, 0.07, 0.00, 16.50, 55.88853, 0.00 
 
50.00, 44.50, 5.50, 72.510635, 3.00, 0.07, 0.00, 16.50, 56.01063, 0.00 
 
50.00, 44.50, 5.50, 72.632729, 3.00, 0.07, 0.00, 16.50, 56.13273, 0.00 
 
50.00, 44.50, 5.50, 72.754829, 3.00, 0.07, 0.00, 16.50, 56.25483, 0.00 
 
50.00, 44.50, 5.50, 72.876923, 3.00, 0.07, 0.00, 16.50, 56.37693, 0.00 
 
50.00, 44.50, 5.50, 72.999023, 3.00, 0.07, 0.00, 16.50, 56.49903, 0.00 
 
50.00, 44.50, 5.50, 73.121124, 3.00, 0.07, 0.00, 16.50, 56.62112, 0.00 
 
50.00, 44.50, 5.50, 73.243225, 3.00, 0.07, 0.00, 16.50, 56.74323, 0.00 
 
50.00, 44.00, 6.00, 74.876419, 3.00, 0.07, 0.00, 18.00, 56.87642, 0.00 
 
50.00, 45.50, 4.50, 70.476318, 3.00, 0.07, 0.00, 13.50, 56.97632, -0.00 
 
50.00, 44.00, 6.00, 75.109520, 3.00, 0.07, 0.00, 18.00, 57.10952, 0.00 
 
50.00, 45.00, 5.00, 72.220520, 3.00, 0.07, 0.00, 15.00, 57.22052, -0.00 
 
50.00, 45.00, 5.00, 72.331512, 3.00, 0.07, 0.00, 15.00, 57.33152, 0.00 
 
50.00, 45.00, 5.00, 72.442520, 3.00, 0.07, 0.00, 15.00, 57.44252, 0.00 
 
50.00, 45.00, 5.00, 72.553513, 3.00, 0.07, 0.00, 15.00, 57.55352, 0.00 
 
50.00, 45.00, 5.00, 72.664513, 3.00, 0.07, 0.00, 15.00, 57.66451, 0.00 
 
50.00, 45.00, 5.00, 72.775513, 3.00, 0.07, 0.00, 15.00, 57.77551, 0.00 
 
50.00, 45.00, 5.00, 72.886505, 3.00, 0.07, 0.00, 15.00, 57.88651, 0.00 
 
50.00, 45.00, 5.00, 72.997513, 3.00, 0.07, 0.00, 15.00, 57.99751, 0.00 
 
50.00, 45.00, 5.00, 73.108505, 3.00, 0.07, 0.00, 15.00, 58.10851, 0.00 
 
50.00, 45.00, 5.00, 73.219505, 3.00, 0.07, 0.00, 15.00, 58.21951, 0.00 
 
50.00, 45.00, 5.00, 73.330505, 3.00, 0.07, 0.00, 15.00, 58.33051, 0.00 
 
50.00, 45.00, 5.00, 73.441498, 3.00, 0.07, 0.00, 15.00, 58.44150, 0.00 
 
50.00, 45.00, 5.00, 73.552505, 3.00, 0.07, 0.00, 15.00, 58.55250, 0.00 
 
50.00, 45.00, 5.00, 73.663498, 3.00, 0.07, 0.00, 15.00, 58.66350, 0.00 
 
50.00, 45.50, 4.50, 72.263397, 3.00, 0.07, 0.00, 13.50, 58.76340, -0.00 
 
50.00, 45.50, 4.50, 72.363297, 3.00, 0.07, 0.00, 13.50, 58.86330, 0.00 
 
50.00, 45.50, 4.50, 72.463196, 3.00, 0.07, 0.00, 13.50, 58.96320, 0.00 
 
50.00, 45.50, 4.50, 72.563095, 3.00, 0.07, 0.00, 13.50, 59.06309, 0.00 
 
50.00, 45.50, 4.50, 72.662994, 3.00, 0.07, 0.00, 13.50, 59.16299, 0.00 
 
50.00, 45.50, 4.50, 72.762894, 3.00, 0.07, 0.00, 13.50, 59.26289, 0.00 
 
50.00, 45.50, 4.50, 72.862793, 3.00, 0.07, 0.00, 13.50, 59.36279, 0.00 
 
50.00, 45.50, 4.50, 72.962685, 3.00, 0.07, 0.00, 13.50, 59.46268, 0.00 
 
50.00, 45.50, 4.50, 73.062584, 3.00, 0.07, 0.00, 13.50, 59.56258, 0.00 
 
50.00, 45.50, 4.50, 73.162483, 3.00, 0.07, 0.00, 13.50, 59.66248, 0.00 
 
50.00, 45.50, 4.50, 73.262383, 3.00, 0.07, 0.00, 13.50, 59.76238, 0.00 
 
50.00, 45.50, 4.50, 73.362274, 3.00, 0.07, 0.00, 13.50, 59.86228, 0.00 
 
50.00, 45.50, 4.50, 73.462173, 3.00, 0.07, 0.00, 13.50, 59.96218, 0.00 
 
50.00, 45.50, 4.50, 73.562073, 3.00, 0.07, 0.00, 13.50, 60.06208, 0.00 
 
50.00, 45.50, 4.50, 73.661972, 3.00, 0.07, 0.00, 13.50, 60.16198, 0.00 
 
50.00, 45.00, 5.00, 75.272972, 3.00, 0.07, 0.00, 15.00, 60.27297, 0.00 
 
50.00, 46.50, 3.50, 70.850677, 3.00, 0.07, 0.00, 10.50, 60.35067, -0.00 
 
50.00, 45.00, 5.00, 75.461670, 3.00, 0.07, 0.00, 15.00, 60.46167, 0.00 
 
50.00, 46.00, 4.00, 72.550476, 3.00, 0.07, 0.00, 12.00, 60.55047, -0.00 
 
50.00, 46.00, 4.00, 72.639267, 3.00, 0.07, 0.00, 12.00, 60.63927, 0.00 
 
50.00, 46.00, 4.00, 72.728065, 3.00, 0.07, 0.00, 12.00, 60.72807, 0.00 
 
50.00, 46.00, 4.00, 72.816864, 3.00, 0.07, 0.00, 12.00, 60.81686, 0.00 
 
50.00, 46.00, 4.00, 72.905663, 3.00, 0.07, 0.00, 12.00, 60.90566, 0.00 
 
50.00, 46.00, 4.00, 72.994461, 3.00, 0.07, 0.00, 12.00, 60.99446, 0.00 
 
50.00, 46.00, 4.00, 73.083260, 3.00, 0.07, 0.00, 12.00, 61.08326, 0.00 
 
50.00, 46.00, 4.00, 73.172058, 3.00, 0.07, 0.00, 12.00, 61.17206, 0.00 
 
50.00, 46.00, 4.00, 73.260857, 3.00, 0.07, 0.00, 12.00, 61.26086, 0.00 
 
50.00, 46.00, 4.00, 73.349655, 3.00, 0.07, 0.00, 12.00, 61.34966, 0.00 
 
50.00, 46.00, 4.00, 73.438446, 3.00, 0.07, 0.00, 12.00, 61.43845, 0.00 
 
50.00, 46.50, 3.50, 72.016151, 3.00, 0.07, 0.00, 10.50, 61.51615, -0.00 
 
50.00, 46.00, 4.00, 73.604950, 3.00, 0.07, 0.00, 12.00, 61.60495, 0.00 
 
50.00, 46.00, 4.00, 73.693748, 3.00, 0.07, 0.00, 12.00, 61.69375, 0.00 
 
50.00, 46.00, 4.00, 73.782547, 3.00, 0.07, 0.00, 12.00, 61.78255, 0.00 
 
50.00, 46.50, 3.50, 72.360245, 3.00, 0.07, 0.00, 10.50, 61.86025, -0.00 
 
50.00, 46.50, 3.50, 72.437950, 3.00, 0.07, 0.00, 10.50, 61.93795, 0.00 
 
50.00, 46.50, 3.50, 72.515656, 3.00, 0.07, 0.00, 10.50, 62.01565, 0.00 
 
50.00, 46.50, 3.50, 72.593353, 3.00, 0.07, 0.00, 10.50, 62.09335, 0.00 
 
50.00, 46.50, 3.50, 72.671051, 3.00, 0.07, 0.00, 10.50, 62.17105, 0.00 
 
50.00, 46.50, 3.50, 72.748756, 3.00, 0.07, 0.00, 10.50, 62.24876, 0.00 
 
50.00, 46.50, 3.50, 72.826462, 3.00, 0.07, 0.00, 10.50, 62.32646, 0.00 
 
50.00, 46.50, 3.50, 72.904160, 3.00, 0.07, 0.00, 10.50, 62.40416, 0.00 
 
50.00, 46.50, 3.50, 72.981865, 3.00, 0.07, 0.00, 10.50, 62.48186, 0.00 
 
50.00, 46.50, 3.50, 73.059570, 3.00, 0.07, 0.00, 10.50, 62.55957, 0.00 
 
50.00, 46.50, 3.50, 73.137268, 3.00, 0.07, 0.00, 10.50, 62.63727, 0.00 
 
50.00, 46.50, 3.50, 73.214966, 3.00, 0.07, 0.00, 10.50, 62.71497, 0.00 
 
50.00, 46.50, 3.50, 73.292671, 3.00, 0.07, 0.00, 10.50, 62.79267, 0.00 
 
50.00, 46.50, 3.50, 73.370377, 3.00, 0.07, 0.00, 10.50, 62.87037, 0.00 
 
50.00, 46.50, 3.50, 73.448074, 3.00, 0.07, 0.00, 10.50, 62.94807, 0.00 
 
50.00, 46.50, 3.50, 73.525772, 3.00, 0.07, 0.00, 10.50, 63.02578, 0.00 
 
50.00, 46.50, 3.50, 73.603477, 3.00, 0.07, 0.00, 10.50, 63.10348, 0.00 
 
50.00, 46.50, 3.50, 73.681183, 3.00, 0.07, 0.00, 10.50, 63.18118, 0.00 
 
50.00, 46.00, 4.00, 75.269974, 3.00, 0.07, 0.00, 12.00, 63.26998, 0.00 
 
50.00, 47.00, 3.00, 72.336578, 3.00, 0.07, 0.00, 9.00, 63.33658, -0.00 
 
50.00, 47.00, 3.00, 72.403183, 3.00, 0.07, 0.00, 9.00, 63.40318, 0.00 
 
50.00, 47.00, 3.00, 72.469788, 3.00, 0.07, 0.00, 9.00, 63.46978, 0.00 
 
50.00, 47.00, 3.00, 72.536385, 3.00, 0.07, 0.00, 9.00, 63.53638, 0.00 
 
50.00, 47.00, 3.00, 72.602982, 3.00, 0.07, 0.00, 9.00, 63.60299, 0.00 
 
50.00, 47.00, 3.00, 72.669586, 3.00, 0.07, 0.00, 9.00, 63.66959, 0.00 
 
50.00, 47.00, 3.00, 72.736191, 3.00, 0.07, 0.00, 9.00, 63.73619, 0.00 
 
50.00, 47.00, 3.00, 72.802795, 3.00, 0.07, 0.00, 9.00, 63.80279, 0.00 
 
50.00, 47.00, 3.00, 72.869392, 3.00, 0.07, 0.00, 9.00, 63.86939, 0.00 
 
50.00, 47.00, 3.00, 72.935989, 3.00, 0.07, 0.00, 9.00, 63.93599, 0.00 
 
50.00, 47.00, 3.00, 73.002594, 3.00, 0.07, 0.00, 9.00, 64.00259, 0.00 
 
50.00, 47.00, 3.00, 73.069199, 3.00, 0.07, 0.00, 9.00, 64.06920, 0.00 
 
50.00, 47.00, 3.00, 73.135796, 3.00, 0.07, 0.00, 9.00, 64.13580, 0.00 
 
50.00, 47.00, 3.00, 73.202400, 3.00, 0.07, 0.00, 9.00, 64.20240, 0.00 
 
50.00, 47.00, 3.00, 73.269005, 3.00, 0.07, 0.00, 9.00, 64.26900, 0.00 
 
50.00, 47.00, 3.00, 73.335602, 3.00, 0.07, 0.00, 9.00, 64.33560, 0.00 
 
50.00, 47.00, 3.00, 73.402206, 3.00, 0.07, 0.00, 9.00, 64.40221, 0.00 
 
50.00, 47.50, 2.50, 71.957703, 3.00, 0.07, 0.00, 7.50, 64.45770, -0.00 
 
50.00, 47.00, 3.00, 73.524307, 3.00, 0.07, 0.00, 9.00, 64.52431, 0.00 
 
50.00, 47.50, 2.50, 72.079811, 3.00, 0.07, 0.00, 7.50, 64.57981, -0.00 
 
50.00, 47.50, 2.50, 72.135307, 3.00, 0.07, 0.00, 7.50, 64.63531, 0.00 
 
50.00, 47.50, 2.50, 72.190811, 3.00, 0.07, 0.00, 7.50, 64.69081, 0.00 
 
50.00, 47.50, 2.50, 72.246315, 3.00, 0.07, 0.00, 7.50, 64.74632, 0.00 
 
50.00, 47.50, 2.50, 72.301811, 3.00, 0.07, 0.00, 7.50, 64.80181, 0.00 
 
50.00, 47.50, 2.50, 72.357315, 3.00, 0.07, 0.00, 7.50, 64.85732, 0.00 
 
50.00, 47.50, 2.50, 72.412819, 3.00, 0.07, 0.00, 7.50, 64.91282, 0.00 
 
50.00, 47.50, 2.50, 72.468315, 3.00, 0.07, 0.00, 7.50, 64.96832, 0.00 
 
50.00, 47.50, 2.50, 72.523819, 3.00, 0.07, 0.00, 7.50, 65.02382, 0.00 
 
50.00, 47.50, 2.50, 72.579323, 3.00, 0.07, 0.00, 7.50, 65.07932, 0.00 
 
50.00, 47.50, 2.50, 72.634819, 3.00, 0.07, 0.00, 7.50, 65.13482, 0.00 
 
50.00, 47.50, 2.50, 72.690323, 3.00, 0.07, 0.00, 7.50, 65.19032, 0.00 
 
50.00, 47.50, 2.50, 72.745827, 3.00, 0.07, 0.00, 7.50, 65.24583, 0.00 
 
50.00, 47.50, 2.50, 72.801323, 3.00, 0.07, 0.00, 7.50, 65.30132, 0.00 
 
50.00, 47.50, 2.50, 72.856827, 3.00, 0.07, 0.00, 7.50, 65.35683, 0.00 
 
50.00, 47.50, 2.50, 72.912331, 3.00, 0.07, 0.00, 7.50, 65.41233, 0.00 
 
50.00, 47.50, 2.50, 72.967827, 3.00, 0.07, 0.00, 7.50, 65.46783, 0.00 
 
50.00, 47.50, 2.50, 73.023331, 3.00, 0.07, 0.00, 7.50, 65.52333, 0.00 
 
50.00, 47.50, 2.50, 73.078835, 3.00, 0.07, 0.00, 7.50, 65.57883, 0.00 
 
50.00, 47.50, 2.50, 73.134331, 3.00, 0.07, 0.00, 7.50, 65.63433, 0.00 
 
50.00, 47.50, 2.50, 73.189835, 3.00, 0.07, 0.00, 7.50, 65.68983, 0.00 
 
50.00, 47.00, 3.00, 74.756439, 3.00, 0.07, 0.00, 9.00, 65.75644, 0.00 
 
50.00, 48.00, 2.00, 71.800835, 3.00, 0.07, 0.00, 6.00, 65.80083, -0.00 
 
50.00, 48.00, 2.00, 71.845238, 3.00, 0.07, 0.00, 6.00, 65.84524, 0.00 
 
50.00, 48.50, 1.50, 70.378540, 3.00, 0.07, 0.00, 4.50, 65.87854, -0.00 
 
50.00, 47.00, 3.00, 74.945145, 3.00, 0.07, 0.00, 9.00, 65.94514, 0.00 
 
50.00, 48.00, 2.00, 71.989540, 3.00, 0.07, 0.00, 6.00, 65.98954, -0.00 
 
50.00, 48.00, 2.00, 72.033943, 3.00, 0.07, 0.00, 6.00, 66.03394, 0.00 
 
50.00, 48.00, 2.00, 72.078346, 3.00, 0.07, 0.00, 6.00, 66.07835, 0.00 
 
50.00, 48.00, 2.00, 72.122742, 3.00, 0.07, 0.00, 6.00, 66.12274, 0.00 
 
50.00, 48.00, 2.00, 72.167145, 3.00, 0.07, 0.00, 6.00, 66.16714, 0.00 
 
50.00, 48.00, 2.00, 72.211548, 3.00, 0.07, 0.00, 6.00, 66.21155, 0.00 
 
50.00, 48.00, 2.00, 72.255951, 3.00, 0.07, 0.00, 6.00, 66.25595, 0.00 
 
50.00, 48.00, 2.00, 72.300346, 3.00, 0.07, 0.00, 6.00, 66.30035, 0.00 
 
50.00, 48.00, 2.00, 72.344749, 3.00, 0.07, 0.00, 6.00, 66.34475, 0.00 
 
50.00, 48.00, 2.00, 72.389153, 3.00, 0.07, 0.00, 6.00, 66.38915, 0.00 
 
50.00, 48.00, 2.00, 72.433556, 3.00, 0.07, 0.00, 6.00, 66.43356, 0.00 
 
50.00, 48.00, 2.00, 72.477951, 3.00, 0.07, 0.00, 6.00, 66.47795, 0.00 
 
50.00, 48.00, 2.00, 72.522354, 3.00, 0.07, 0.00, 6.00, 66.52235, 0.00 
 
50.00, 48.00, 2.00, 72.566757, 3.00, 0.07, 0.00, 6.00, 66.56676, 0.00 
 
50.00, 48.00, 2.00, 72.611160, 3.00, 0.07, 0.00, 6.00, 66.61116, 0.00 
 
50.00, 48.00, 2.00, 72.655556, 3.00, 0.07, 0.00, 6.00, 66.65556, 0.00 
 
50.00, 48.00, 2.00, 72.699959, 3.00, 0.07, 0.00, 6.00, 66.69996, 0.00 
 
50.00, 48.00, 2.00, 72.744362, 3.00, 0.07, 0.00, 6.00, 66.74436, 0.00 
 
50.00, 48.50, 1.50, 71.277664, 3.00, 0.07, 0.00, 4.50, 66.77766, -0.00 
 
50.00, 48.00, 2.00, 72.822060, 3.00, 0.07, 0.00, 6.00, 66.82206, 0.00 
 
50.00, 48.50, 1.50, 71.355362, 3.00, 0.07, 0.00, 4.50, 66.85536, -0.00 
 
50.00, 48.00, 2.00, 72.899765, 3.00, 0.07, 0.00, 6.00, 66.89977, 0.00 
 
50.00, 48.50, 1.50, 71.433067, 3.00, 0.07, 0.00, 4.50, 66.93307, -0.00 
 
50.00, 48.50, 1.50, 71.466362, 3.00, 0.07, 0.00, 4.50, 66.96636, 0.00 
 
50.00, 48.50, 1.50, 71.499664, 3.00, 0.07, 0.00, 4.50, 66.99966, 0.00 
 
50.00, 48.50, 1.50, 71.532967, 3.00, 0.07, 0.00, 4.50, 67.03297, 0.00 
 
50.00, 48.50, 1.50, 71.566269, 3.00, 0.07, 0.00, 4.50, 67.06627, 0.00 
 
50.00, 48.50, 1.50, 71.599571, 3.00, 0.07, 0.00, 4.50, 67.09957, 0.00 
 
50.00, 48.50, 1.50, 71.632866, 3.00, 0.07, 0.00, 4.50, 67.13287, 0.00 
 
50.00, 48.50, 1.50, 71.666168, 3.00, 0.07, 0.00, 4.50, 67.16617, 0.00 
 
50.00, 48.50, 1.50, 71.699471, 3.00, 0.07, 0.00, 4.50, 67.19947, 0.00 
 
50.00, 48.50, 1.50, 71.732773, 3.00, 0.07, 0.00, 4.50, 67.23277, 0.00 
 
50.00, 48.50, 1.50, 71.766075, 3.00, 0.07, 0.00, 4.50, 67.26608, 0.00 
 
50.00, 48.50, 1.50, 71.799370, 3.00, 0.07, 0.00, 4.50, 67.29937, 0.00 
 
50.00, 48.50, 1.50, 71.832672, 3.00, 0.07, 0.00, 4.50, 67.33267, 0.00 
 
50.00, 48.50, 1.50, 71.865974, 3.00, 0.07, 0.00, 4.50, 67.36597, 0.00 
 
50.00, 48.50, 1.50, 71.899277, 3.00, 0.07, 0.00, 4.50, 67.39928, 0.00 
 
50.00, 48.50, 1.50, 71.932579, 3.00, 0.07, 0.00, 4.50, 67.43258, 0.00 
 
50.00, 48.50, 1.50, 71.965874, 3.00, 0.07, 0.00, 4.50, 67.46587, 0.00 
 
50.00, 48.50, 1.50, 71.999176, 3.00, 0.07, 0.00, 4.50, 67.49918, 0.00 
 
50.00, 48.50, 1.50, 72.032478, 3.00, 0.07, 0.00, 4.50, 67.53248, 0.00 
 
50.00, 48.50, 1.50, 72.065781, 3.00, 0.07, 0.00, 4.50, 67.56578, 0.00 
 
50.00, 48.50, 1.50, 72.099083, 3.00, 0.07, 0.00, 4.50, 67.59908, 0.00 
 
50.00, 48.50, 1.50, 72.132378, 3.00, 0.07, 0.00, 4.50, 67.63238, 0.00 
 
50.00, 48.50, 1.50, 72.165680, 3.00, 0.07, 0.00, 4.50, 67.66568, 0.00 
 
50.00, 48.50, 1.50, 72.198982, 3.00, 0.07, 0.00, 4.50, 67.69898, 0.00 
 
50.00, 48.50, 1.50, 72.232285, 3.00, 0.07, 0.00, 4.50, 67.73228, 0.00 
 
50.00, 48.50, 1.50, 72.265587, 3.00, 0.07, 0.00, 4.50, 67.76559, 0.00 
 
50.00, 48.50, 1.50, 72.298882, 3.00, 0.07, 0.00, 4.50, 67.79888, 0.00 
 
50.00, 48.50, 1.50, 72.332184, 3.00, 0.07, 0.00, 4.50, 67.83218, 0.00 
 
50.00, 48.00, 2.00, 73.876587, 3.00, 0.07, 0.00, 6.00, 67.87659, 0.00 
 
50.00, 49.50, 0.50, 69.387688, 3.00, 0.07, 0.00, 1.50, 67.88769, -0.00 
 
50.00, 48.00, 2.00, 73.932091, 3.00, 0.07, 0.00, 6.00, 67.93209, 0.00 
 
50.00, 49.50, 0.50, 69.443192, 3.00, 0.07, 0.00, 1.50, 67.94319, -0.00 
 
50.00, 48.50, 1.50, 72.476486, 3.00, 0.07, 0.00, 4.50, 67.97649, 0.00 
 
50.00, 48.00, 2.00, 74.020889, 3.00, 0.07, 0.00, 6.00, 68.02089, 0.00 
 
50.00, 49.00, 1.00, 71.043091, 3.00, 0.07, 0.00, 3.00, 68.04309, -0.00 
 
50.00, 49.00, 1.00, 71.065292, 3.00, 0.07, 0.00, 3.00, 68.06529, 0.00 
 
50.00, 49.00, 1.00, 71.087494, 3.00, 0.07, 0.00, 3.00, 68.08749, 0.00 
 
50.00, 49.00, 1.00, 71.109695, 3.00, 0.07, 0.00, 3.00, 68.10970, 0.00 
 
50.00, 49.00, 1.00, 71.131889, 3.00, 0.07, 0.00, 3.00, 68.13189, 0.00 
 
50.00, 49.00, 1.00, 71.154091, 3.00, 0.07, 0.00, 3.00, 68.15409, 0.00 
 
50.00, 49.00, 1.00, 71.176292, 3.00, 0.07, 0.00, 3.00, 68.17629, 0.00 
 
50.00, 49.00, 1.00, 71.198494, 3.00, 0.07, 0.00, 3.00, 68.19849, 0.00 
 
50.00, 49.00, 1.00, 71.220695, 3.00, 0.07, 0.00, 3.00, 68.22070, 0.00 
 
50.00, 49.00, 1.00, 71.242897, 3.00, 0.07, 0.00, 3.00, 68.24290, 0.00 
 
50.00, 49.00, 1.00, 71.265099, 3.00, 0.07, 0.00, 3.00, 68.26510, 0.00 
 
50.00, 49.00, 1.00, 71.287292, 3.00, 0.07, 0.00, 3.00, 68.28729, 0.00 
 
50.00, 49.00, 1.00, 71.309494, 3.00, 0.07, 0.00, 3.00, 68.30949, 0.00 
 
50.00, 49.00, 1.00, 71.331696, 3.00, 0.07, 0.00, 3.00, 68.33170, 0.00 
 
50.00, 49.00, 1.00, 71.353897, 3.00, 0.07, 0.00, 3.00, 68.35390, 0.00 
 
50.00, 49.00, 1.00, 71.376091, 3.00, 0.07, 0.00, 3.00, 68.37609, 0.00 
 
50.00, 49.00, 1.00, 71.398293, 3.00, 0.07, 0.00, 3.00, 68.39829, 0.00 
 
50.00, 49.00, 1.00, 71.420494, 3.00, 0.07, 0.00, 3.00, 68.42049, 0.00 
 
50.00, 49.00, 1.00, 71.442696, 3.00, 0.07, 0.00, 3.00, 68.44270, 0.00 
 
50.00, 49.00, 1.00, 71.464897, 3.00, 0.07, 0.00, 3.00, 68.46490, 0.00 
 
50.00, 49.00, 1.00, 71.487099, 3.00, 0.07, 0.00, 3.00, 68.48710, 0.00 
 
50.00, 49.00, 1.00, 71.509300, 3.00, 0.07, 0.00, 3.00, 68.50930, 0.00 
 
50.00, 49.00, 1.00, 71.531494, 3.00, 0.07, 0.00, 3.00, 68.53149, 0.00 
 
50.00, 49.00, 1.00, 71.553696, 3.00, 0.07, 0.00, 3.00, 68.55370, 0.00 
 
50.00, 49.00, 1.00, 71.575897, 3.00, 0.07, 0.00, 3.00, 68.57590, 0.00 
 
50.00, 49.00, 1.00, 71.598099, 3.00, 0.07, 0.00, 3.00, 68.59810, 0.00 
 
50.00, 49.00, 1.00, 71.620300, 3.00, 0.07, 0.00, 3.00, 68.62030, 0.00 
 
50.00, 49.00, 1.00, 71.642502, 3.00, 0.07, 0.00, 3.00, 68.64250, 0.00 
 
50.00, 49.00, 1.00, 71.664703, 3.00, 0.07, 0.00, 3.00, 68.66470, 0.00 
 
50.00, 49.00, 1.00, 71.686905, 3.00, 0.07, 0.00, 3.00, 68.68690, 0.00 
 
50.00, 49.00, 1.00, 71.709099, 3.00, 0.07, 0.00, 3.00, 68.70910, 0.00 
 
50.00, 49.00, 1.00, 71.731300, 3.00, 0.07, 0.00, 3.00, 68.73130, 0.00 
 
50.00, 49.00, 1.00, 71.753502, 3.00, 0.07, 0.00, 3.00, 68.75350, 0.00 
 
50.00, 49.00, 1.00, 71.775703, 3.00, 0.07, 0.00, 3.00, 68.77570, 0.00 
 
50.00, 49.00, 1.00, 71.797905, 3.00, 0.07, 0.00, 3.00, 68.79790, 0.00 
 
50.00, 49.00, 1.00, 71.820107, 3.00, 0.07, 0.00, 3.00, 68.82011, 0.00 
 
50.00, 49.50, 0.50, 70.331207, 3.00, 0.07, 0.00, 1.50, 68.83121, -0.00 
 
50.00, 49.50, 0.50, 70.342308, 3.00, 0.07, 0.00, 1.50, 68.84231, 0.00 
 
50.00, 49.00, 1.00, 71.864502, 3.00, 0.07, 0.00, 3.00, 68.86450, 0.00 
 
50.00, 49.50, 0.50, 70.375603, 3.00, 0.07, 0.00, 1.50, 68.87560, -0.00 
 
50.00, 49.50, 0.50, 70.386703, 3.00, 0.07, 0.00, 1.50, 68.88670, 0.00 
 
50.00, 49.50, 0.50, 70.397804, 3.00, 0.07, 0.00, 1.50, 68.89780, 0.00 
 
50.00, 49.50, 0.50, 70.408905, 3.00, 0.07, 0.00, 1.50, 68.90891, 0.00 
 
50.00, 49.50, 0.50, 70.420006, 3.00, 0.07, 0.00, 1.50, 68.92001, 0.00 
 
50.00, 49.50, 0.50, 70.431107, 3.00, 0.07, 0.00, 1.50, 68.93111, 0.00 
 
50.00, 49.50, 0.50, 70.442207, 3.00, 0.07, 0.00, 1.50, 68.94221, 0.00 
 
50.00, 49.50, 0.50, 70.453308, 3.00, 0.07, 0.00, 1.50, 68.95331, 0.00 
 
50.00, 49.50, 0.50, 70.464409, 3.00, 0.07, 0.00, 1.50, 68.96441, 0.00 
 
50.00, 49.50, 0.50, 70.475510, 3.00, 0.07, 0.00, 1.50, 68.97551, 0.00 
 
50.00, 49.50, 0.50, 70.486610, 3.00, 0.07, 0.00, 1.50, 68.98661, 0.00 
 
50.00, 49.50, 0.50, 70.497711, 3.00, 0.07, 0.00, 1.50, 68.99771, 0.00 
 
50.00, 49.50, 0.50, 70.508812, 3.00, 0.07, 0.00, 1.50, 69.00881, 0.00 
 
50.00, 49.50, 0.50, 70.519913, 3.00, 0.07, 0.00, 1.50, 69.01991, 0.00 
 
50.00, 49.50, 0.50, 70.531006, 3.00, 0.07, 0.00, 1.50, 69.03101, 0.00 
 
50.00, 49.50, 0.50, 70.542107, 3.00, 0.07, 0.00, 1.50, 69.04211, 0.00 
 
50.00, 49.50, 0.50, 70.553207, 3.00, 0.07, 0.00, 1.50, 69.05321, 0.00 
 
50.00, 49.50, 0.50, 70.564308, 3.00, 0.07, 0.00, 1.50, 69.06431, 0.00 
 
50.00, 49.50, 0.50, 70.575409, 3.00, 0.07, 0.00, 1.50, 69.07541, 0.00 
 
50.00, 49.50, 0.50, 70.586510, 3.00, 0.07, 0.00, 1.50, 69.08651, 0.00 
 
50.00, 49.50, 0.50, 70.597610, 3.00, 0.07, 0.00, 1.50, 69.09761, 0.00 
 
50.00, 49.50, 0.50, 70.608711, 3.00, 0.07, 0.00, 1.50, 69.10871, 0.00 
 
50.00, 49.50, 0.50, 70.619812, 3.00, 0.07, 0.00, 1.50, 69.11981, 0.00 
 
50.00, 49.50, 0.50, 70.630913, 3.00, 0.07, 0.00, 1.50, 69.13091, 0.00 
 
50.00, 49.50, 0.50, 70.642014, 3.00, 0.07, 0.00, 1.50, 69.14201, 0.00 
 
50.00, 49.50, 0.50, 70.653114, 3.00, 0.07, 0.00, 1.50, 69.15311, 0.00 
 
50.00, 49.50, 0.50, 70.664215, 3.00, 0.07, 0.00, 1.50, 69.16422, 0.00 
 
50.00, 49.50, 0.50, 70.675316, 3.00, 0.07, 0.00, 1.50, 69.17532, 0.00 
 
50.00, 49.50, 0.50, 70.686417, 3.00, 0.07, 0.00, 1.50, 69.18642, 0.00 
 
50.00, 49.50, 0.50, 70.697510, 3.00, 0.07, 0.00, 1.50, 69.19751, 0.00 
 
50.00, 49.50, 0.50, 70.708611, 3.00, 0.07, 0.00, 1.50, 69.20861, 0.00 
 
50.00, 49.50, 0.50, 70.719711, 3.00, 0.07, 0.00, 1.50, 69.21971, 0.00 
 
50.00, 49.50, 0.50, 70.730812, 3.00, 0.07, 0.00, 1.50, 69.23081, 0.00 
 
50.00, 49.50, 0.50, 70.741913, 3.00, 0.07, 0.00, 1.50, 69.24191, 0.00 
 
50.00, 49.50, 0.50, 70.753014, 3.00, 0.07, 0.00, 1.50, 69.25301, 0.00 
 
50.00, 49.50, 0.50, 70.764114, 3.00, 0.07, 0.00, 1.50, 69.26411, 0.00 
 
50.00, 49.50, 0.50, 70.775215, 3.00, 0.07, 0.00, 1.50, 69.27522, 0.00 
 
50.00, 49.50, 0.50, 70.786316, 3.00, 0.07, 0.00, 1.50, 69.28632, 0.00 
 
50.00, 49.50, 0.50, 70.797417, 3.00, 0.07, 0.00, 1.50, 69.29742, 0.00 
 
50.00, 49.50, 0.50, 70.808517, 3.00, 0.07, 0.00, 1.50, 69.30852, 0.00 
 
50.00, 49.50, 0.50, 70.819618, 3.00, 0.07, 0.00, 1.50, 69.31962, 0.00 
 
50.00, 49.50, 0.50, 70.830719, 3.00, 0.07, 0.00, 1.50, 69.33072, 0.00 
 
50.00, 49.50, 0.50, 70.841820, 3.00, 0.07, 0.00, 1.50, 69.34182, 0.00 
 
50.00, 49.50, 0.50, 70.852921, 3.00, 0.07, 0.00, 1.50, 69.35292, 0.00 
 
50.00, 49.50, 0.50, 70.864014, 3.00, 0.07, 0.00, 1.50, 69.36401, 0.00 
 
50.00, 49.50, 0.50, 70.875114, 3.00, 0.07, 0.00, 1.50, 69.37511, 0.00 
 
50.00, 49.50, 0.50, 70.886215, 3.00, 0.07, 0.00, 1.50, 69.38622, 0.00 
 
50.00, 49.50, 0.50, 70.897316, 3.00, 0.07, 0.00, 1.50, 69.39732, 0.00 
 
50.00, 49.50, 0.50, 70.908417, 3.00, 0.07, 0.00, 1.50, 69.40842, 0.00 
 
50.00, 49.50, 0.50, 70.919518, 3.00, 0.07, 0.00, 1.50, 69.41952, 0.00 
 
50.00, 49.50, 0.50, 70.930618, 3.00, 0.07, 0.00, 1.50, 69.43062, 0.00 
 
50.00, 49.50, 0.50, 70.941719, 3.00, 0.07, 0.00, 1.50, 69.44172, 0.00 
 
50.00, 49.50, 0.50, 70.952820, 3.00, 0.07, 0.00, 1.50, 69.45282, 0.00 
 
50.00, 49.50, 0.50, 70.963921, 3.00, 0.07, 0.00, 1.50, 69.46392, 0.00 
 
50.00, 49.00, 1.00, 72.486122, 3.00, 0.07, 0.00, 3.00, 69.48612, 0.00 
 
50.00, 50.50, -0.50, 67.975021, 3.00, 0.07, 0.00, -1.50, 69.47502, -0.00 
 
50.00, 49.00, 1.00, 72.497223, 3.00, 0.07, 0.00, 3.00, 69.49722, 0.00 
 
50.00, 50.00, 0.00, 69.497223, 3.00, 0.07, 0.00, 0.00, 69.49722, -0.00 
 
50.00, 50.50, -0.50, 67.986122, 3.00, 0.07, 0.00, -1.50, 69.48612, -0.00 
 
50.00, 49.50, 0.50, 70.997223, 3.00, 0.07, 0.00, 1.50, 69.49722, 0.00 
 
50.00, 49.00, 1.00, 72.519424, 3.00, 0.07, 0.00, 3.00, 69.51942, 0.00 
 
50.00, 50.00, 0.00, 69.519424, 3.00, 0.07, 0.00, 0.00, 69.51942, -0.00 
 
50.00, 50.00, 0.00, 69.519424, 3.00, 0.07, 0.00, 0.00, 69.51942, 0.00 
 
50.00, 50.00, 0.00, 69.519424, 3.00, 0.07, 0.00, 0.00, 69.51942, 0.00 
 
50.00, 50.00, 0.00, 69.519424, 3.00, 0.07, 0.00, 0.00, 69.51942, 0.00 
 
50.00, 50.00, 0.00, 69.519424, 3.00, 0.07, 0.00, 0.00, 69.51942, 0.00 
 
50.00, 50.00, 0.00, 69.519424, 3.00, 0.07, 0.00, 0.00, 69.51942, 0.00 
 
50.00, 50.00, 0.00, 69.519424, 3.00, 0.07, 0.00, 0.00, 69.51942, 0.00 
 
50.00, 50.00, 0.00, 69.519424, 3.00, 0.07, 0.00, 0.00, 69.51942, 0.00 
 
50.00, 50.00, 0.00, 69.519424, 3.00, 0.07, 0.00, 0.00, 69.51942, 0.00 
 
50.00, 50.00, 0.00, 69.519424, 3.00, 0.07, 0.00, 0.00, 69.51942, 0.00 
 
50.00, 50.00, 0.00, 69.519424, 3.00, 0.07, 0.00, 0.00, 69.51942, 0.00 
 
50.00, 50.00, 0.00, 69.519424, 3.00, 0.07, 0.00, 0.00, 69.51942, 0.00 
 
50.00, 50.00, 0.00, 69.519424, 3.00, 0.07, 0.00, 0.00, 69.51942, 0.00 
 
50.00, 50.00, 0.00, 69.519424, 3.00, 0.07, 0.00, 0.00, 69.51942, 0.00 
 
50.00, 50.00, 0.00, 69.519424, 3.00, 0.07, 0.00, 0.00, 69.51942, 0.00 
 
50.00, 50.00, 0.00, 69.519424, 3.00, 0.07, 0.00, 0.00, 69.51942, 0.00 
 
50.00, 50.00, 0.00, 69.519424, 3.00, 0.07, 0.00, 0.00, 69.51942, 0.00 
 
50.00, 50.00, 0.00, 69.519424, 3.00, 0.07, 0.00, 0.00, 69.51942, 0.00 
 
50.00, 50.00, 0.00, 69.519424, 3.00, 0.07, 0.00, 0.00, 69.51942, 0.00 
 
50.00, 50.00, 0.00, 69.519424, 3.00, 0.07, 0.00, 0.00, 69.51942, 0.00 
 
50.00, 50.00, 0.00, 69.519424, 3.00, 0.07, 0.00, 0.00, 69.51942, 0.00 
 
50.00, 50.00, 0.00, 69.519424, 3.00, 0.07, 0.00, 0.00, 69.51942, 0.00 
 
50.00, 50.00, 0.00, 69.519424, 3.00, 0.07, 0.00, 0.00, 69.51942, 0.00 
 
50.00, 50.00, 0.00, 69.519424, 3.00, 0.07, 0.00, 0.00, 69.51942, 0.00 
 
50.00, 50.00, 0.00, 69.519424, 3.00, 0.07, 0.00, 0.00, 69.51942, 0.00 
 
50.00, 50.00, 0.00, 69.519424, 3.00, 0.07, 0.00, 0.00, 69.51942, 0.00 
 
50.00, 50.00, 0.00, 69.519424, 3.00, 0.07, 0.00, 0.00, 69.51942, 0.00 
 
50.00, 50.00, 0.00, 69.519424, 3.00, 0.07, 0.00, 0.00, 69.51942, 0.00 
 
50.00, 50.00, 0.00, 69.519424, 3.00, 0.07, 0.00, 0.00, 69.51942, 0.00 
 
50.00, 50.00, 0.00, 69.519424, 3.00, 0.07, 0.00, 0.00, 69.51942, 0.00 
 
50.00, 50.00, 0.00, 69.519424, 3.00, 0.07, 0.00, 0.00, 69.51942, 0.00 
 
50.00, 50.00, 0.00, 69.519424, 3.00, 0.07, 0.00, 0.00, 69.51942, 0.00 
 
50.00, 50.00, 0.00, 69.519424, 3.00, 0.07, 0.00, 0.00, 69.51942, 0.00 
 
50.00, 50.00, 0.00, 69.519424, 3.00, 0.07, 0.00, 0.00, 69.51942, 0.00 
 
50.00, 50.00, 0.00, 69.519424, 3.00, 0.07, 0.00, 0.00, 69.51942, 0.00 
 
50.00, 50.00, 0.00, 69.519424, 3.00, 0.07, 0.00, 0.00, 69.51942, 0.00 
 
50.00, 50.00, 0.00, 69.519424, 3.00, 0.07, 0.00, 0.00, 69.51942, 0.00 
 
50.00, 50.50, -0.50, 68.008324, 3.00, 0.07, 0.00, -1.50, 69.50832, -0.00 
 
50.00, 50.00, 0.00, 69.508324, 3.00, 0.07, 0.00, 0.00, 69.50832, 0.00 
 
50.00, 50.00, 0.00, 69.508324, 3.00, 0.07, 0.00, 0.00, 69.50832, 0.00 
 
50.00, 50.50, -0.50, 67.997223, 3.00, 0.07, 0.00, -1.50, 69.49722, -0.00 
 
50.00, 50.50, -0.50, 67.986122, 3.00, 0.07, 0.00, -1.50, 69.48612, 0.00 
 
50.00, 50.50, -0.50, 67.975021, 3.00, 0.07, 0.00, -1.50, 69.47502, 0.00 
 
50.00, 50.50, -0.50, 67.963921, 3.00, 0.07, 0.00, -1.50, 69.46392, 0.00 
 
50.00, 50.00, 0.00, 69.463921, 3.00, 0.07, 0.00, 0.00, 69.46392, 0.00 
 
50.00, 50.50, -0.50, 67.952820, 3.00, 0.07, 0.00, -1.50, 69.45282, -0.00 
 
50.00, 50.50, -0.50, 67.941719, 3.00, 0.07, 0.00, -1.50, 69.44172, 0.00 
 
50.00, 50.00, 0.00, 69.441719, 3.00, 0.07, 0.00, 0.00, 69.44172, 0.00 
 
50.00, 50.00, 0.00, 69.441719, 3.00, 0.07, 0.00, 0.00, 69.44172, 0.00 
 
50.00, 50.00, 0.00, 69.441719, 3.00, 0.07, 0.00, 0.00, 69.44172, 0.00 
 
50.00, 50.50, -0.50, 67.930618, 3.00, 0.07, 0.00, -1.50, 69.43062, -0.00 
 
50.00, 50.00, 0.00, 69.430618, 3.00, 0.07, 0.00, 0.00, 69.43062, 0.00 
 
50.00, 50.50, -0.50, 67.919518, 3.00, 0.07, 0.00, -1.50, 69.41952, -0.00 
 
50.00, 50.00, 0.00, 69.419518, 3.00, 0.07, 0.00, 0.00, 69.41952, 0.00 
 
50.00, 50.50, -0.50, 67.908417, 3.00, 0.07, 0.00, -1.50, 69.40842, -0.00 
 
50.00, 50.50, -0.50, 67.897316, 3.00, 0.07, 0.00, -1.50, 69.39732, 0.00 
 
50.00, 50.50, -0.50, 67.886215, 3.00, 0.07, 0.00, -1.50, 69.38622, 0.00 
 
50.00, 50.50, -0.50, 67.875114, 3.00, 0.07, 0.00, -1.50, 69.37511, 0.00 
 
50.00, 50.50, -0.50, 67.864014, 3.00, 0.07, 0.00, -1.50, 69.36401, 0.00 
 
50.00, 50.00, 0.00, 69.364014, 3.00, 0.07, 0.00, 0.00, 69.36401, 0.00 
 
50.00, 50.50, -0.50, 67.852921, 3.00, 0.07, 0.00, -1.50, 69.35292, -0.00 
 
50.00, 50.50, -0.50, 67.841820, 3.00, 0.07, 0.00, -1.50, 69.34182, 0.00 
 
50.00, 50.50, -0.50, 67.830719, 3.00, 0.07, 0.00, -1.50, 69.33072, 0.00 
 
50.00, 50.50, -0.50, 67.819618, 3.00, 0.07, 0.00, -1.50, 69.31962, 0.00 
 
50.00, 50.50, -0.50, 67.808517, 3.00, 0.07, 0.00, -1.50, 69.30852, 0.00 
 
50.00, 50.50, -0.50, 67.797417, 3.00, 0.07, 0.00, -1.50, 69.29742, 0.00 
 
50.00, 50.50, -0.50, 67.786316, 3.00, 0.07, 0.00, -1.50, 69.28632, 0.00 
 
50.00, 50.50, -0.50, 67.775215, 3.00, 0.07, 0.00, -1.50, 69.27522, 0.00 
 
50.00, 50.50, -0.50, 67.764114, 3.00, 0.07, 0.00, -1.50, 69.26411, 0.00 
 
50.00, 50.50, -0.50, 67.753014, 3.00, 0.07, 0.00, -1.50, 69.25301, 0.00 
 
50.00, 50.50, -0.50, 67.741913, 3.00, 0.07, 0.00, -1.50, 69.24191, 0.00 
 
50.00, 50.50, -0.50, 67.730812, 3.00, 0.07, 0.00, -1.50, 69.23081, 0.00 
 
50.00, 50.50, -0.50, 67.719711, 3.00, 0.07, 0.00, -1.50, 69.21971, 0.00 
 
50.00, 50.50, -0.50, 67.708611, 3.00, 0.07, 0.00, -1.50, 69.20861, 0.00 
 
50.00, 50.50, -0.50, 67.697510, 3.00, 0.07, 0.00, -1.50, 69.19751, 0.00 
 
50.00, 50.50, -0.50, 67.686417, 3.00, 0.07, 0.00, -1.50, 69.18642, 0.00 
 
50.00, 50.50, -0.50, 67.675316, 3.00, 0.07, 0.00, -1.50, 69.17532, 0.00 
 
50.00, 50.50, -0.50, 67.664215, 3.00, 0.07, 0.00, -1.50, 69.16422, 0.00 
 
50.00, 50.50, -0.50, 67.653114, 3.00, 0.07, 0.00, -1.50, 69.15311, 0.00 
 
50.00, 50.50, -0.50, 67.642014, 3.00, 0.07, 0.00, -1.50, 69.14201, 0.00 
 
50.00, 50.50, -0.50, 67.630913, 3.00, 0.07, 0.00, -1.50, 69.13091, 0.00 
 
50.00, 50.50, -0.50, 67.619812, 3.00, 0.07, 0.00, -1.50, 69.11981, 0.00 
 
50.00, 50.50, -0.50, 67.608711, 3.00, 0.07, 0.00, -1.50, 69.10871, 0.00 
 
50.00, 50.50, -0.50, 67.597610, 3.00, 0.07, 0.00, -1.50, 69.09761, 0.00 
 
50.00, 50.50, -0.50, 67.586510, 3.00, 0.07, 0.00, -1.50, 69.08651, 0.00 
 
50.00, 50.50, -0.50, 67.575409, 3.00, 0.07, 0.00, -1.50, 69.07541, 0.00 
 
50.00, 50.50, -0.50, 67.564308, 3.00, 0.07, 0.00, -1.50, 69.06431, 0.00 
 
50.00, 50.50, -0.50, 67.553207, 3.00, 0.07, 0.00, -1.50, 69.05321, 0.00 
 
50.00, 50.50, -0.50, 67.542107, 3.00, 0.07, 0.00, -1.50, 69.04211, 0.00 
 
50.00, 50.50, -0.50, 67.531006, 3.00, 0.07, 0.00, -1.50, 69.03101, 0.00 
 
50.00, 50.50, -0.50, 67.519913, 3.00, 0.07, 0.00, -1.50, 69.01991, 0.00 
 
50.00, 50.50, -0.50, 67.508812, 3.00, 0.07, 0.00, -1.50, 69.00881, 0.00 
 
50.00, 50.50, -0.50, 67.497711, 3.00, 0.07, 0.00, -1.50, 68.99771, 0.00 
 
50.00, 50.50, -0.50, 67.486610, 3.00, 0.07, 0.00, -1.50, 68.98661, 0.00 
 
50.00, 50.50, -0.50, 67.475510, 3.00, 0.07, 0.00, -1.50, 68.97551, 0.00 
 
50.00, 50.50, -0.50, 67.464409, 3.00, 0.07, 0.00, -1.50, 68.96441, 0.00 
 
50.00, 50.50, -0.50, 67.453308, 3.00, 0.07, 0.00, -1.50, 68.95331, 0.00 
 
50.00, 50.50, -0.50, 67.442207, 3.00, 0.07, 0.00, -1.50, 68.94221, 0.00 
 
50.00, 50.50, -0.50, 67.431107, 3.00, 0.07, 0.00, -1.50, 68.93111, 0.00 
 
50.00, 50.50, -0.50, 67.420006, 3.00, 0.07, 0.00, -1.50, 68.92001, 0.00 
 
50.00, 50.50, -0.50, 67.408905, 3.00, 0.07, 0.00, -1.50, 68.90891, 0.00 
 
50.00, 50.50, -0.50, 67.397804, 3.00, 0.07, 0.00, -1.50, 68.89780, 0.00 
 
50.00, 50.50, -0.50, 67.386703, 3.00, 0.07, 0.00, -1.50, 68.88670, 0.00 
 
50.00, 50.50, -0.50, 67.375603, 3.00, 0.07, 0.00, -1.50, 68.87560, 0.00 
 
50.00, 50.50, -0.50, 67.364502, 3.00, 0.07, 0.00, -1.50, 68.86450, 0.00 
 
50.00, 50.50, -0.50, 67.353409, 3.00, 0.07, 0.00, -1.50, 68.85341, 0.00 
 
50.00, 50.50, -0.50, 67.342308, 3.00, 0.07, 0.00, -1.50, 68.84231, 0.00 
 
50.00, 50.50, -0.50, 67.331207, 3.00, 0.07, 0.00, -1.50, 68.83121, 0.00 
 
50.00, 50.50, -0.50, 67.320107, 3.00, 0.07, 0.00, -1.50, 68.82011, 0.00 
 
50.00, 50.50, -0.50, 67.309006, 3.00, 0.07, 0.00, -1.50, 68.80901, 0.00 
 
50.00, 50.50, -0.50, 67.297905, 3.00, 0.07, 0.00, -1.50, 68.79790, 0.00 
 
50.00, 50.50, -0.50, 67.286804, 3.00, 0.07, 0.00, -1.50, 68.78680, 0.00 
 
50.00, 50.50, -0.50, 67.275703, 3.00, 0.07, 0.00, -1.50, 68.77570, 0.00 
 
50.00, 50.50, -0.50, 67.264603, 3.00, 0.07, 0.00, -1.50, 68.76460, 0.00 
 
50.00, 50.50, -0.50, 67.253502, 3.00, 0.07, 0.00, -1.50, 68.75350, 0.00 
 
50.00, 50.50, -0.50, 67.242401, 3.00, 0.07, 0.00, -1.50, 68.74240, 0.00 
 
50.00, 50.50, -0.50, 67.231300, 3.00, 0.07, 0.00, -1.50, 68.73130, 0.00 
 
50.00, 50.50, -0.50, 67.220200, 3.00, 0.07, 0.00, -1.50, 68.72020, 0.00 
 
50.00, 50.50, -0.50, 67.209099, 3.00, 0.07, 0.00, -1.50, 68.70910, 0.00 
 
50.00, 50.50, -0.50, 67.197998, 3.00, 0.07, 0.00, -1.50, 68.69800, 0.00 
 
50.00, 50.50, -0.50, 67.186905, 3.00, 0.07, 0.00, -1.50, 68.68690, 0.00 
 
50.00, 50.50, -0.50, 67.175804, 3.00, 0.07, 0.00, -1.50, 68.67580, 0.00 
 
50.00, 50.50, -0.50, 67.164703, 3.00, 0.07, 0.00, -1.50, 68.66470, 0.00 
 
50.00, 50.50, -0.50, 67.153603, 3.00, 0.07, 0.00, -1.50, 68.65360, 0.00 
 
50.00, 50.50, -0.50, 67.142502, 3.00, 0.07, 0.00, -1.50, 68.64250, 0.00 
 
50.00, 50.50, -0.50, 67.131401, 3.00, 0.07, 0.00, -1.50, 68.63140, 0.00 
 
50.00, 50.50, -0.50, 67.120300, 3.00, 0.07, 0.00, -1.50, 68.62030, 0.00 
 
50.00, 50.50, -0.50, 67.109200, 3.00, 0.07, 0.00, -1.50, 68.60920, 0.00 
 
50.00, 50.50, -0.50, 67.098099, 3.00, 0.07, 0.00, -1.50, 68.59810, 0.00 
 
50.00, 50.50, -0.50, 67.086998, 3.00, 0.07, 0.00, -1.50, 68.58700, 0.00 
 
50.00, 50.50, -0.50, 67.075897, 3.00, 0.07, 0.00, -1.50, 68.57590, 0.00 
 
50.00, 50.50, -0.50, 67.064796, 3.00, 0.07, 0.00, -1.50, 68.56480, 0.00 
 
50.00, 50.50, -0.50, 67.053696, 3.00, 0.07, 0.00, -1.50, 68.55370, 0.00 
 
50.00, 50.50, -0.50, 67.042595, 3.00, 0.07, 0.00, -1.50, 68.54259, 0.00 
 
50.00, 50.50, -0.50, 67.031494, 3.00, 0.07, 0.00, -1.50, 68.53149, 0.00 
 
50.00, 50.50, -0.50, 67.020401, 3.00, 0.07, 0.00, -1.50, 68.52040, 0.00 
 
50.00, 50.50, -0.50, 67.009300, 3.00, 0.07, 0.00, -1.50, 68.50930, 0.00 
 
50.00, 50.50, -0.50, 66.998199, 3.00, 0.07, 0.00, -1.50, 68.49820, 0.00 
 
50.00, 50.50, -0.50, 66.987099, 3.00, 0.07, 0.00, -1.50, 68.48710, 0.00 
 
50.00, 50.50, -0.50, 66.975998, 3.00, 0.07, 0.00, -1.50, 68.47600, 0.00 
 
50.00, 50.50, -0.50, 66.964897, 3.00, 0.07, 0.00, -1.50, 68.46490, 0.00 
 
50.00, 50.50, -0.50, 66.953796, 3.00, 0.07, 0.00, -1.50, 68.45380, 0.00 
 
50.00, 50.50, -0.50, 66.942696, 3.00, 0.07, 0.00, -1.50, 68.44270, 0.00 
 
50.00, 50.50, -0.50, 66.931595, 3.00, 0.07, 0.00, -1.50, 68.43159, 0.00 
 
50.00, 50.50, -0.50, 66.920494, 3.00, 0.07, 0.00, -1.50, 68.42049, 0.00 
 
50.00, 50.50, -0.50, 66.909393, 3.00, 0.07, 0.00, -1.50, 68.40939, 0.00 
 
50.00, 50.50, -0.50, 66.898293, 3.00, 0.07, 0.00, -1.50, 68.39829, 0.00 
 
50.00, 50.50, -0.50, 66.887192, 3.00, 0.07, 0.00, -1.50, 68.38719, 0.00 
 
50.00, 50.50, -0.50, 66.876091, 3.00, 0.07, 0.00, -1.50, 68.37609, 0.00 
 
50.00, 50.50, -0.50, 66.864990, 3.00, 0.07, 0.00, -1.50, 68.36499, 0.00 
 
50.00, 50.50, -0.50, 66.853897, 3.00, 0.07, 0.00, -1.50, 68.35390, 0.00 
 
50.00, 50.50, -0.50, 66.842796, 3.00, 0.07, 0.00, -1.50, 68.34280, 0.00 
 
50.00, 50.50, -0.50, 66.831696, 3.00, 0.07, 0.00, -1.50, 68.33170, 0.00 
 
50.00, 50.50, -0.50, 66.820595, 3.00, 0.07, 0.00, -1.50, 68.32059, 0.00 
 
50.00, 50.50, -0.50, 66.809494, 3.00, 0.07, 0.00, -1.50, 68.30949, 0.00 
 
50.00, 50.50, -0.50, 66.798393, 3.00, 0.07, 0.00, -1.50, 68.29839, 0.00 
 
50.00, 50.50, -0.50, 66.787292, 3.00, 0.07, 0.00, -1.50, 68.28729, 0.00 
 
50.00, 50.50, -0.50, 66.776192, 3.00, 0.07, 0.00, -1.50, 68.27619, 0.00 
 
50.00, 50.50, -0.50, 66.765091, 3.00, 0.07, 0.00, -1.50, 68.26509, 0.00 
 
50.00, 50.50, -0.50, 66.753990, 3.00, 0.07, 0.00, -1.50, 68.25399, 0.00 
 
50.00, 50.50, -0.50, 66.742889, 3.00, 0.07, 0.00, -1.50, 68.24289, 0.00 
 
50.00, 50.50, -0.50, 66.731789, 3.00, 0.07, 0.00, -1.50, 68.23179, 0.00 
 
50.00, 50.50, -0.50, 66.720688, 3.00, 0.07, 0.00, -1.50, 68.22069, 0.00 
 
50.00, 50.50, -0.50, 66.709587, 3.00, 0.07, 0.00, -1.50, 68.20959, 0.00 
 
50.00, 50.50, -0.50, 66.698486, 3.00, 0.07, 0.00, -1.50, 68.19849, 0.00 
 
50.00, 50.50, -0.50, 66.687393, 3.00, 0.07, 0.00, -1.50, 68.18739, 0.00 
 
50.00, 50.50, -0.50, 66.676292, 3.00, 0.07, 0.00, -1.50, 68.17629, 0.00 
 
50.00, 50.50, -0.50, 66.665192, 3.00, 0.07, 0.00, -1.50, 68.16519, 0.00 
 
50.00, 50.50, -0.50, 66.654091, 3.00, 0.07, 0.00, -1.50, 68.15409, 0.00 
 
50.00, 50.50, -0.50, 66.642990, 3.00, 0.07, 0.00, -1.50, 68.14299, 0.00 
 
50.00, 50.50, -0.50, 66.631889, 3.00, 0.07, 0.00, -1.50, 68.13189, 0.00 
 
50.00, 50.50, -0.50, 66.620789, 3.00, 0.07, 0.00, -1.50, 68.12079, 0.00 
 
50.00, 50.50, -0.50, 66.609688, 3.00, 0.07, 0.00, -1.50, 68.10969, 0.00 
 
50.00, 50.50, -0.50, 66.598587, 3.00, 0.07, 0.00, -1.50, 68.09859, 0.00 
 
50.00, 50.50, -0.50, 66.587486, 3.00, 0.07, 0.00, -1.50, 68.08749, 0.00 
 
50.00, 50.50, -0.50, 66.576385, 3.00, 0.07, 0.00, -1.50, 68.07639, 0.00 
 
50.00, 50.50, -0.50, 66.565285, 3.00, 0.07, 0.00, -1.50, 68.06528, 0.00 
 
50.00, 50.50, -0.50, 66.554184, 3.00, 0.07, 0.00, -1.50, 68.05418, 0.00 
 
50.00, 50.50, -0.50, 66.543083, 3.00, 0.07, 0.00, -1.50, 68.04308, 0.00 
 
50.00, 50.50, -0.50, 66.531982, 3.00, 0.07, 0.00, -1.50, 68.03198, 0.00 
 
50.00, 50.50, -0.50, 66.520889, 3.00, 0.07, 0.00, -1.50, 68.02089, 0.00 
 
50.00, 50.50, -0.50, 66.509789, 3.00, 0.07, 0.00, -1.50, 68.00979, 0.00 
 
50.00, 50.50, -0.50, 66.498688, 3.00, 0.07, 0.00, -1.50, 67.99869, 0.00 
 
50.00, 50.50, -0.50, 66.487587, 3.00, 0.07, 0.00, -1.50, 67.98759, 0.00 
 
50.00, 50.50, -0.50, 66.476486, 3.00, 0.07, 0.00, -1.50, 67.97649, 0.00 
 
50.00, 50.50, -0.50, 66.465385, 3.00, 0.07, 0.00, -1.50, 67.96539, 0.00 
 
50.00, 50.50, -0.50, 66.454285, 3.00, 0.07, 0.00, -1.50, 67.95428, 0.00 
 
50.00, 50.50, -0.50, 66.443184, 3.00, 0.07, 0.00, -1.50, 67.94318, 0.00 
 
50.00, 50.50, -0.50, 66.432083, 3.00, 0.07, 0.00, -1.50, 67.93208, 0.00 
 
50.00, 50.50, -0.50, 66.420982, 3.00, 0.07, 0.00, -1.50, 67.92098, 0.00 
 
50.00, 50.50, -0.50, 66.409882, 3.00, 0.07, 0.00, -1.50, 67.90988, 0.00 
 
50.00, 50.50, -0.50, 66.398781, 3.00, 0.07, 0.00, -1.50, 67.89878, 0.00 
 
50.00, 50.50, -0.50, 66.387680, 3.00, 0.07, 0.00, -1.50, 67.88768, 0.00 
 
50.00, 50.50, -0.50, 66.376579, 3.00, 0.07, 0.00, -1.50, 67.87658, 0.00 
 
50.00, 50.50, -0.50, 66.365479, 3.00, 0.07, 0.00, -1.50, 67.86548, 0.00 
 
50.00, 50.50, -0.50, 66.354385, 3.00, 0.07, 0.00, -1.50, 67.85439, 0.00 
 
50.00, 50.50, -0.50, 66.343285, 3.00, 0.07, 0.00, -1.50, 67.84328, 0.00 
 
50.00, 50.50, -0.50, 66.332184, 3.00, 0.07, 0.00, -1.50, 67.83218, 0.00 
 
50.00, 50.50, -0.50, 66.321083, 3.00, 0.07, 0.00, -1.50, 67.82108, 0.00 
 
50.00, 50.50, -0.50, 66.309982, 3.00, 0.07, 0.00, -1.50, 67.80998, 0.00 
 
50.00, 50.50, -0.50, 66.298882, 3.00, 0.07, 0.00, -1.50, 67.79888, 0.00 
 
50.00, 50.50, -0.50, 66.287781, 3.00, 0.07, 0.00, -1.50, 67.78778, 0.00 
 
50.00, 50.50, -0.50, 66.276680, 3.00, 0.07, 0.00, -1.50, 67.77668, 0.00 
 
50.00, 50.50, -0.50, 66.265579, 3.00, 0.07, 0.00, -1.50, 67.76558, 0.00 
 
50.00, 50.50, -0.50, 66.254478, 3.00, 0.07, 0.00, -1.50, 67.75448, 0.00 
 
50.00, 50.50, -0.50, 66.243378, 3.00, 0.07, 0.00, -1.50, 67.74338, 0.00 
 
50.00, 50.50, -0.50, 66.232277, 3.00, 0.07, 0.00, -1.50, 67.73228, 0.00 
 
50.00, 50.50, -0.50, 66.221176, 3.00, 0.07, 0.00, -1.50, 67.72118, 0.00 
 
50.00, 50.50, -0.50, 66.210075, 3.00, 0.07, 0.00, -1.50, 67.71008, 0.00 
 
50.00, 50.50, -0.50, 66.198975, 3.00, 0.07, 0.00, -1.50, 67.69897, 0.00 
 
50.00, 50.50, -0.50, 66.187881, 3.00, 0.07, 0.00, -1.50, 67.68788, 0.00 
 
50.00, 50.50, -0.50, 66.176781, 3.00, 0.07, 0.00, -1.50, 67.67678, 0.00 
 
50.00, 50.50, -0.50, 66.165680, 3.00, 0.07, 0.00, -1.50, 67.66568, 0.00 
 
50.00, 50.50, -0.50, 66.154579, 3.00, 0.07, 0.00, -1.50, 67.65458, 0.00 
 
50.00, 50.50, -0.50, 66.143478, 3.00, 0.07, 0.00, -1.50, 67.64348, 0.00 
 
50.00, 50.50, -0.50, 66.132378, 3.00, 0.07, 0.00, -1.50, 67.63238, 0.00 
 
50.00, 50.50, -0.50, 66.121277, 3.00, 0.07, 0.00, -1.50, 67.62128, 0.00 
 
50.00, 50.50, -0.50, 66.110176, 3.00, 0.07, 0.00, -1.50, 67.61018, 0.00 
 
50.00, 50.50, -0.50, 66.099075, 3.00, 0.07, 0.00, -1.50, 67.59908, 0.00 
 
50.00, 50.50, -0.50, 66.087975, 3.00, 0.07, 0.00, -1.50, 67.58797, 0.00 
 
50.00, 50.50, -0.50, 66.076874, 3.00, 0.07, 0.00, -1.50, 67.57687, 0.00 
 
50.00, 50.50, -0.50, 66.065773, 3.00, 0.07, 0.00, -1.50, 67.56577, 0.00 
 
50.00, 50.50, -0.50, 66.054672, 3.00, 0.07, 0.00, -1.50, 67.55467, 0.00 
 
50.00, 50.50, -0.50, 66.043571, 3.00, 0.07, 0.00, -1.50, 67.54357, 0.00 
 
50.00, 50.50, -0.50, 66.032471, 3.00, 0.07, 0.00, -1.50, 67.53247, 0.00 
 
50.00, 50.50, -0.50, 66.021378, 3.00, 0.07, 0.00, -1.50, 67.52138, 0.00 
 
50.00, 50.50, -0.50, 66.010277, 3.00, 0.07, 0.00, -1.50, 67.51028, 0.00 
 
50.00, 50.50, -0.50, 65.999176, 3.00, 0.07, 0.00, -1.50, 67.49918, 0.00 
 
50.00, 50.50, -0.50, 65.988075, 3.00, 0.07, 0.00, -1.50, 67.48808, 0.00 
 
50.00, 50.50, -0.50, 65.976974, 3.00, 0.07, 0.00, -1.50, 67.47697, 0.00 
 
50.00, 50.50, -0.50, 65.965874, 3.00, 0.07, 0.00, -1.50, 67.46587, 0.00 
 
50.00, 50.50, -0.50, 65.954773, 3.00, 0.07, 0.00, -1.50, 67.45477, 0.00 
 
50.00, 50.50, -0.50, 65.943672, 3.00, 0.07, 0.00, -1.50, 67.44367, 0.00 
 
50.00, 50.50, -0.50, 65.932571, 3.00, 0.07, 0.00, -1.50, 67.43257, 0.00 
 
50.00, 50.00, 0.00, 67.432571, 3.00, 0.07, 0.00, 0.00, 67.43257, 0.00 
 
50.00, 51.50, -1.50, 62.899269, 3.00, 0.07, 0.00, -4.50, 67.39927, -0.00 
 
50.00, 50.50, -0.50, 65.888168, 3.00, 0.07, 0.00, -1.50, 67.38817, 0.00 
 
50.00, 50.50, -0.50, 65.877068, 3.00, 0.07, 0.00, -1.50, 67.37707, 0.00 
 
50.00, 50.50, -0.50, 65.865967, 3.00, 0.07, 0.00, -1.50, 67.36597, 0.00 
 
50.00, 50.00, 0.00, 67.365967, 3.00, 0.07, 0.00, 0.00, 67.36597, 0.00 
 
50.00, 51.00, -1.00, 64.343773, 3.00, 0.07, 0.00, -3.00, 67.34377, -0.00 
 
50.00, 51.50, -1.50, 62.810471, 3.00, 0.07, 0.00, -4.50, 67.31047, -0.00 
 
50.00, 50.00, 0.00, 67.310471, 3.00, 0.07, 0.00, 0.00, 67.31047, 0.00 
 
50.00, 51.50, -1.50, 62.777168, 3.00, 0.07, 0.00, -4.50, 67.27717, -0.00 
 
50.00, 50.50, -0.50, 65.766068, 3.00, 0.07, 0.00, -1.50, 67.26607, 0.00 
 
50.00, 50.50, -0.50, 65.754967, 3.00, 0.07, 0.00, -1.50, 67.25497, 0.00 
 
50.00, 50.00, 0.00, 67.254967, 3.00, 0.07, 0.00, 0.00, 67.25497, 0.00 
 
50.00, 51.50, -1.50, 62.721664, 3.00, 0.07, 0.00, -4.50, 67.22166, -0.00 
 
50.00, 50.50, -0.50, 65.710564, 3.00, 0.07, 0.00, -1.50, 67.21056, 0.00 
 
50.00, 50.00, 0.00, 67.210564, 3.00, 0.07, 0.00, 0.00, 67.21056, 0.00 
 
50.00, 51.50, -1.50, 62.677269, 3.00, 0.07, 0.00, -4.50, 67.17727, -0.00 
 
50.00, 50.50, -0.50, 65.666168, 3.00, 0.07, 0.00, -1.50, 67.16617, 0.00 
 
50.00, 50.00, 0.00, 67.166168, 3.00, 0.07, 0.00, 0.00, 67.16617, 0.00 
 
50.00, 51.50, -1.50, 62.632866, 3.00, 0.07, 0.00, -4.50, 67.13287, -0.00 
 
50.00, 50.50, -0.50, 65.621765, 3.00, 0.07, 0.00, -1.50, 67.12177, 0.00 
 
50.00, 50.50, -0.50, 65.610664, 3.00, 0.07, 0.00, -1.50, 67.11066, 0.00 
 
50.00, 50.50, -0.50, 65.599564, 3.00, 0.07, 0.00, -1.50, 67.09956, 0.00 
 
50.00, 50.50, -0.50, 65.588463, 3.00, 0.07, 0.00, -1.50, 67.08846, 0.00 
 
50.00, 50.50, -0.50, 65.577362, 3.00, 0.07, 0.00, -1.50, 67.07736, 0.00 
 
50.00, 50.50, -0.50, 65.566261, 3.00, 0.07, 0.00, -1.50, 67.06626, 0.00 
 
50.00, 50.00, 0.00, 67.066261, 3.00, 0.07, 0.00, 0.00, 67.06626, 0.00 
 
50.00, 51.00, -1.00, 64.044060, 3.00, 0.07, 0.00, -3.00, 67.04406, -0.00 
 
50.00, 51.00, -1.00, 64.021866, 3.00, 0.07, 0.00, -3.00, 67.02187, 0.00 
 
50.00, 51.00, -1.00, 63.999664, 3.00, 0.07, 0.00, -3.00, 66.99966, 0.00 
 
50.00, 51.00, -1.00, 63.977463, 3.00, 0.07, 0.00, -3.00, 66.97746, 0.00 
 
50.00, 51.00, -1.00, 63.955261, 3.00, 0.07, 0.00, -3.00, 66.95526, 0.00 
 
50.00, 51.50, -1.50, 62.421959, 3.00, 0.07, 0.00, -4.50, 66.92196, -0.00 
 
50.00, 50.00, 0.00, 66.921959, 3.00, 0.07, 0.00, 0.00, 66.92196, 0.00 
 
50.00, 51.00, -1.00, 63.899757, 3.00, 0.07, 0.00, -3.00, 66.89976, -0.00 
 
50.00, 51.50, -1.50, 62.366455, 3.00, 0.07, 0.00, -4.50, 66.86646, -0.00 
 
50.00, 50.00, 0.00, 66.866455, 3.00, 0.07, 0.00, 0.00, 66.86646, 0.00 
 
50.00, 51.00, -1.00, 63.844261, 3.00, 0.07, 0.00, -3.00, 66.84426, -0.00 
 
50.00, 51.00, -1.00, 63.822060, 3.00, 0.07, 0.00, -3.00, 66.82206, 0.00 
 
50.00, 51.00, -1.00, 63.799858, 3.00, 0.07, 0.00, -3.00, 66.79986, 0.00 
 
50.00, 51.00, -1.00, 63.777657, 3.00, 0.07, 0.00, -3.00, 66.77766, 0.00 
 
50.00, 51.50, -1.50, 62.244354, 3.00, 0.07, 0.00, -4.50, 66.74435, -0.00 
 
50.00, 50.00, 0.00, 66.744354, 3.00, 0.07, 0.00, 0.00, 66.74435, 0.00 
 
50.00, 51.00, -1.00, 63.722153, 3.00, 0.07, 0.00, -3.00, 66.72215, -0.00 
 
50.00, 51.00, -1.00, 63.699951, 3.00, 0.07, 0.00, -3.00, 66.69995, 0.00 
 
50.00, 51.00, -1.00, 63.677757, 3.00, 0.07, 0.00, -3.00, 66.67776, 0.00 
 
50.00, 51.50, -1.50, 62.144455, 3.00, 0.07, 0.00, -4.50, 66.64445, -0.00 
 
50.00, 50.00, 0.00, 66.644455, 3.00, 0.07, 0.00, 0.00, 66.64445, 0.00 
 
50.00, 51.00, -1.00, 63.622253, 3.00, 0.07, 0.00, -3.00, 66.62225, -0.00 
 
50.00, 51.00, -1.00, 63.600052, 3.00, 0.07, 0.00, -3.00, 66.60005, 0.00 
 
50.00, 51.50, -1.50, 62.066750, 3.00, 0.07, 0.00, -4.50, 66.56675, -0.00 
 
50.00, 50.50, -0.50, 65.055649, 3.00, 0.07, 0.00, -1.50, 66.55565, 0.00 
 
50.00, 50.50, -0.50, 65.044548, 3.00, 0.07, 0.00, -1.50, 66.54455, 0.00 
 
50.00, 50.00, 0.00, 66.544548, 3.00, 0.07, 0.00, 0.00, 66.54455, 0.00 
 
50.00, 51.00, -1.00, 63.522354, 3.00, 0.07, 0.00, -3.00, 66.52235, -0.00 
 
50.00, 51.00, -1.00, 63.500153, 3.00, 0.07, 0.00, -3.00, 66.50015, 0.00 
 
50.00, 51.50, -1.50, 61.966850, 3.00, 0.07, 0.00, -4.50, 66.46685, -0.00 
 
50.00, 50.00, 0.00, 66.466850, 3.00, 0.07, 0.00, 0.00, 66.46685, 0.00 
 
50.00, 51.00, -1.00, 63.444649, 3.00, 0.07, 0.00, -3.00, 66.44465, -0.00 
 
50.00, 51.00, -1.00, 63.422447, 3.00, 0.07, 0.00, -3.00, 66.42245, 0.00 
 
50.00, 51.00, -1.00, 63.400246, 3.00, 0.07, 0.00, -3.00, 66.40025, 0.00 
 
50.00, 51.50, -1.50, 61.866943, 3.00, 0.07, 0.00, -4.50, 66.36694, -0.00 
 
50.00, 50.00, 0.00, 66.366943, 3.00, 0.07, 0.00, 0.00, 66.36694, 0.00 
 
50.00, 51.00, -1.00, 63.344749, 3.00, 0.07, 0.00, -3.00, 66.34475, -0.00 
 
50.00, 51.50, -1.50, 61.811447, 3.00, 0.07, 0.00, -4.50, 66.31145, -0.00 
 
50.00, 50.00, 0.00, 66.311447, 3.00, 0.07, 0.00, 0.00, 66.31145, 0.00 
 
50.00, 51.00, -1.00, 63.289246, 3.00, 0.07, 0.00, -3.00, 66.28925, -0.00 
 
50.00, 51.50, -1.50, 61.755943, 3.00, 0.07, 0.00, -4.50, 66.25594, -0.00 
 
50.00, 50.50, -0.50, 64.744843, 3.00, 0.07, 0.00, -1.50, 66.24484, 0.00 
 
50.00, 50.00, 0.00, 66.244843, 3.00, 0.07, 0.00, 0.00, 66.24484, 0.00 
 
50.00, 51.50, -1.50, 61.711540, 3.00, 0.07, 0.00, -4.50, 66.21154, -0.00 
 
50.00, 50.50, -0.50, 64.700439, 3.00, 0.07, 0.00, -1.50, 66.20044, 0.00 
 
50.00, 50.00, 0.00, 66.200439, 3.00, 0.07, 0.00, 0.00, 66.20044, 0.00 
 
50.00, 51.00, -1.00, 63.178246, 3.00, 0.07, 0.00, -3.00, 66.17825, -0.00 
 
50.00, 51.00, -1.00, 63.156044, 3.00, 0.07, 0.00, -3.00, 66.15604, 0.00 
 
50.00, 51.00, -1.00, 63.133842, 3.00, 0.07, 0.00, -3.00, 66.13384, 0.00 
 
50.00, 51.00, -1.00, 63.111641, 3.00, 0.07, 0.00, -3.00, 66.11164, 0.00 
 
50.00, 51.00, -1.00, 63.089439, 3.00, 0.07, 0.00, -3.00, 66.08944, 0.00 
 
50.00, 51.50, -1.50, 61.556137, 3.00, 0.07, 0.00, -4.50, 66.05614, -0.00 
 
50.00, 50.00, 0.00, 66.056137, 3.00, 0.07, 0.00, 0.00, 66.05614, 0.00 
 
50.00, 51.00, -1.00, 63.033936, 3.00, 0.07, 0.00, -3.00, 66.03394, -0.00 
 
50.00, 51.00, -1.00, 63.011742, 3.00, 0.07, 0.00, -3.00, 66.01174, 0.00 
 
50.00, 51.00, -1.00, 62.989540, 3.00, 0.07, 0.00, -3.00, 65.98954, 0.00 
 
50.00, 51.00, -1.00, 62.967339, 3.00, 0.07, 0.00, -3.00, 65.96734, 0.00 
 
50.00, 51.00, -1.00, 62.945137, 3.00, 0.07, 0.00, -3.00, 65.94514, 0.00 
 
50.00, 51.00, -1.00, 62.922935, 3.00, 0.07, 0.00, -3.00, 65.92294, 0.00 
 
50.00, 51.00, -1.00, 62.900734, 3.00, 0.07, 0.00, -3.00, 65.90073, 0.00 
 
50.00, 51.00, -1.00, 62.878532, 3.00, 0.07, 0.00, -3.00, 65.87853, 0.00 
 
50.00, 51.00, -1.00, 62.856339, 3.00, 0.07, 0.00, -3.00, 65.85634, 0.00 
 
50.00, 51.00, -1.00, 62.834137, 3.00, 0.07, 0.00, -3.00, 65.83414, 0.00 
 
50.00, 51.00, -1.00, 62.811935, 3.00, 0.07, 0.00, -3.00, 65.81194, 0.00 
 
50.00, 51.00, -1.00, 62.789734, 3.00, 0.07, 0.00, -3.00, 65.78973, 0.00 
 
50.00, 51.00, -1.00, 62.767532, 3.00, 0.07, 0.00, -3.00, 65.76753, 0.00 
 
50.00, 51.00, -1.00, 62.745331, 3.00, 0.07, 0.00, -3.00, 65.74533, 0.00 
 
50.00, 51.00, -1.00, 62.723129, 3.00, 0.07, 0.00, -3.00, 65.72313, 0.00 
 
50.00, 51.00, -1.00, 62.700928, 3.00, 0.07, 0.00, -3.00, 65.70093, 0.00 
 
50.00, 51.50, -1.50, 61.167633, 3.00, 0.07, 0.00, -4.50, 65.66763, -0.00 
 
50.00, 50.50, -0.50, 64.156532, 3.00, 0.07, 0.00, -1.50, 65.65653, 0.00 
 
50.00, 50.00, 0.00, 65.656532, 3.00, 0.07, 0.00, 0.00, 65.65653, 0.00 
 
50.00, 51.00, -1.00, 62.634331, 3.00, 0.07, 0.00, -3.00, 65.63433, -0.00 
 
50.00, 51.00, -1.00, 62.612129, 3.00, 0.07, 0.00, -3.00, 65.61213, 0.00 
 
50.00, 51.00, -1.00, 62.589928, 3.00, 0.07, 0.00, -3.00, 65.58993, 0.00 
 
50.00, 51.50, -1.50, 61.056625, 3.00, 0.07, 0.00, -4.50, 65.55663, -0.00 
 
50.00, 50.00, 0.00, 65.556625, 3.00, 0.07, 0.00, 0.00, 65.55663, 0.00 
 
50.00, 51.00, -1.00, 62.534424, 3.00, 0.07, 0.00, -3.00, 65.53442, -0.00 
 
50.00, 51.50, -1.50, 61.001129, 3.00, 0.07, 0.00, -4.50, 65.50113, -0.00 
 
50.00, 50.50, -0.50, 63.990028, 3.00, 0.07, 0.00, -1.50, 65.49003, 0.00 
 
50.00, 50.00, 0.00, 65.490028, 3.00, 0.07, 0.00, 0.00, 65.49003, 0.00 
 
50.00, 51.50, -1.50, 60.956726, 3.00, 0.07, 0.00, -4.50, 65.45673, -0.00 
 
50.00, 50.00, 0.00, 65.456726, 3.00, 0.07, 0.00, 0.00, 65.45673, 0.00 
 
50.00, 51.00, -1.00, 62.434525, 3.00, 0.07, 0.00, -3.00, 65.43452, -0.00 
 
50.00, 51.00, -1.00, 62.412323, 3.00, 0.07, 0.00, -3.00, 65.41232, 0.00 
 
50.00, 51.50, -1.50, 60.879021, 3.00, 0.07, 0.00, -4.50, 65.37902, -0.00 
 
50.00, 50.00, 0.00, 65.379021, 3.00, 0.07, 0.00, 0.00, 65.37902, 0.00 
 
50.00, 51.50, -1.50, 60.845726, 3.00, 0.07, 0.00, -4.50, 65.34573, -0.00 
 
50.00, 50.00, 0.00, 65.345726, 3.00, 0.07, 0.00, 0.00, 65.34573, 0.00 
 
50.00, 51.00, -1.00, 62.323524, 3.00, 0.07, 0.00, -3.00, 65.32352, -0.00 
 
50.00, 51.00, -1.00, 62.301323, 3.00, 0.07, 0.00, -3.00, 65.30132, 0.00 
 
50.00, 51.00, -1.00, 62.279121, 3.00, 0.07, 0.00, -3.00, 65.27912, 0.00 
 
50.00, 51.50, -1.50, 60.745819, 3.00, 0.07, 0.00, -4.50, 65.24582, -0.00 
 
50.00, 50.00, 0.00, 65.245819, 3.00, 0.07, 0.00, 0.00, 65.24582, 0.00 
 
50.00, 51.50, -1.50, 60.712517, 3.00, 0.07, 0.00, -4.50, 65.21252, -0.00 
 
50.00, 50.00, 0.00, 65.212517, 3.00, 0.07, 0.00, 0.00, 65.21252, 0.00 
 
50.00, 51.00, -1.00, 62.190323, 3.00, 0.07, 0.00, -3.00, 65.19032, -0.00 
 
50.00, 51.00, -1.00, 62.168121, 3.00, 0.07, 0.00, -3.00, 65.16812, 0.00 
 
50.00, 51.00, -1.00, 62.145920, 3.00, 0.07, 0.00, -3.00, 65.14592, 0.00 
 
50.00, 51.00, -1.00, 62.123718, 3.00, 0.07, 0.00, -3.00, 65.12372, 0.00 
 
50.00, 51.50, -1.50, 60.590416, 3.00, 0.07, 0.00, -4.50, 65.09042, -0.00 
 
50.00, 50.50, -0.50, 63.579315, 3.00, 0.07, 0.00, -1.50, 65.07932, 0.00 
 
50.00, 50.50, -0.50, 63.568214, 3.00, 0.07, 0.00, -1.50, 65.06821, 0.00 
 
50.00, 50.50, -0.50, 63.557114, 3.00, 0.07, 0.00, -1.50, 65.05711, 0.00 
 
50.00, 50.50, -0.50, 63.546013, 3.00, 0.07, 0.00, -1.50, 65.04601, 0.00 
 
50.00, 50.00, 0.00, 65.046013, 3.00, 0.07, 0.00, 0.00, 65.04601, 0.00 
 
50.00, 51.50, -1.50, 60.512718, 3.00, 0.07, 0.00, -4.50, 65.01272, -0.00 
 
50.00, 50.00, 0.00, 65.012718, 3.00, 0.07, 0.00, 0.00, 65.01272, 0.00 
 
50.00, 51.50, -1.50, 60.479416, 3.00, 0.07, 0.00, -4.50, 64.97942, -0.00 
 
50.00, 50.00, 0.00, 64.979416, 3.00, 0.07, 0.00, 0.00, 64.97942, 0.00 
 
50.00, 51.00, -1.00, 61.957214, 3.00, 0.07, 0.00, -3.00, 64.95721, -0.00 
 
50.00, 51.00, -1.00, 61.935013, 3.00, 0.07, 0.00, -3.00, 64.93501, 0.00 
 
50.00, 51.00, -1.00, 61.912811, 3.00, 0.07, 0.00, -3.00, 64.91281, 0.00 
 
50.00, 51.50, -1.50, 60.379509, 3.00, 0.07, 0.00, -4.50, 64.87951, -0.00 
 
50.00, 50.00, 0.00, 64.879509, 3.00, 0.07, 0.00, 0.00, 64.87951, 0.00 
 
50.00, 51.00, -1.00, 61.857315, 3.00, 0.07, 0.00, -3.00, 64.85732, -0.00 
 
50.00, 51.00, -1.00, 61.835114, 3.00, 0.07, 0.00, -3.00, 64.83511, 0.00 
 
50.00, 51.00, -1.00, 61.812912, 3.00, 0.07, 0.00, -3.00, 64.81291, 0.00 
 
50.00, 51.00, -1.00, 61.790710, 3.00, 0.07, 0.00, -3.00, 64.79071, 0.00 
 
50.00, 51.00, -1.00, 61.768509, 3.00, 0.07, 0.00, -3.00, 64.76851, 0.00 
 
50.00, 51.00, -1.00, 61.746307, 3.00, 0.07, 0.00, -3.00, 64.74631, 0.00 
 
50.00, 51.00, -1.00, 61.724106, 3.00, 0.07, 0.00, -3.00, 64.72411, 0.00 
 
50.00, 51.00, -1.00, 61.701904, 3.00, 0.07, 0.00, -3.00, 64.70190, 0.00 
 
50.00, 51.00, -1.00, 61.679710, 3.00, 0.07, 0.00, -3.00, 64.67971, 0.00 
 
50.00, 51.00, -1.00, 61.657509, 3.00, 0.07, 0.00, -3.00, 64.65751, 0.00 
 
50.00, 51.00, -1.00, 61.635307, 3.00, 0.07, 0.00, -3.00, 64.63531, 0.00 
 
50.00, 51.00, -1.00, 61.613106, 3.00, 0.07, 0.00, -3.00, 64.61311, 0.00 
 
50.00, 51.00, -1.00, 61.590904, 3.00, 0.07, 0.00, -3.00, 64.59090, 0.00 
 
50.00, 51.50, -1.50, 60.057602, 3.00, 0.07, 0.00, -4.50, 64.55760, -0.00 
 
50.00, 50.00, 0.00, 64.557602, 3.00, 0.07, 0.00, 0.00, 64.55760, 0.00 
 
50.00, 51.00, -1.00, 61.535400, 3.00, 0.07, 0.00, -3.00, 64.53540, -0.00 
 
50.00, 51.00, -1.00, 61.513206, 3.00, 0.07, 0.00, -3.00, 64.51321, 0.00 
 
50.00, 51.00, -1.00, 61.491005, 3.00, 0.07, 0.00, -3.00, 64.49100, 0.00 
 
50.00, 51.50, -1.50, 59.957703, 3.00, 0.07, 0.00, -4.50, 64.45770, -0.00 
 
50.00, 50.00, 0.00, 64.457703, 3.00, 0.07, 0.00, 0.00, 64.45770, 0.00 
 
50.00, 51.00, -1.00, 61.435501, 3.00, 0.07, 0.00, -3.00, 64.43550, -0.00 
 
50.00, 51.50, -1.50, 59.902199, 3.00, 0.07, 0.00, -4.50, 64.40220, -0.00 
 
50.00, 50.50, -0.50, 62.891098, 3.00, 0.07, 0.00, -1.50, 64.39110, 0.00 
 
50.00, 50.00, 0.00, 64.391098, 3.00, 0.07, 0.00, 0.00, 64.39110, 0.00 
 
50.00, 51.00, -1.00, 61.368896, 3.00, 0.07, 0.00, -3.00, 64.36890, -0.00 
 
50.00, 51.00, -1.00, 61.346703, 3.00, 0.07, 0.00, -3.00, 64.34670, 0.00 
 
50.00, 51.00, -1.00, 61.324501, 3.00, 0.07, 0.00, -3.00, 64.32450, 0.00 
 
50.00, 51.50, -1.50, 59.791199, 3.00, 0.07, 0.00, -4.50, 64.29120, -0.00 
 
50.00, 50.00, 0.00, 64.291199, 3.00, 0.07, 0.00, 0.00, 64.29120, 0.00 
 
50.00, 51.50, -1.50, 59.757896, 3.00, 0.07, 0.00, -4.50, 64.25790, -0.00 
 
50.00, 50.50, -0.50, 62.746796, 3.00, 0.07, 0.00, -1.50, 64.24680, 0.00 
 
50.00, 50.00, 0.00, 64.246796, 3.00, 0.07, 0.00, 0.00, 64.24680, 0.00 
 
50.00, 51.50, -1.50, 59.713493, 3.00, 0.07, 0.00, -4.50, 64.21349, -0.00 
 
50.00, 50.00, 0.00, 64.213493, 3.00, 0.07, 0.00, 0.00, 64.21349, 0.00 
 
50.00, 51.00, -1.00, 61.191299, 3.00, 0.07, 0.00, -3.00, 64.19130, -0.00 
 
50.00, 51.00, -1.00, 61.169098, 3.00, 0.07, 0.00, -3.00, 64.16910, 0.00 
 
50.00, 51.50, -1.50, 59.635796, 3.00, 0.07, 0.00, -4.50, 64.13580, -0.00 
 
50.00, 50.50, -0.50, 62.624695, 3.00, 0.07, 0.00, -1.50, 64.12469, 0.00 
 
50.00, 50.50, -0.50, 62.613594, 3.00, 0.07, 0.00, -1.50, 64.11359, 0.00 
 
50.00, 50.50, -0.50, 62.602493, 3.00, 0.07, 0.00, -1.50, 64.10249, 0.00 
 
50.00, 50.00, 0.00, 64.102493, 3.00, 0.07, 0.00, 0.00, 64.10249, 0.00 
 
50.00, 51.00, -1.00, 61.080292, 3.00, 0.07, 0.00, -3.00, 64.08029, -0.00 
 
50.00, 51.00, -1.00, 61.058090, 3.00, 0.07, 0.00, -3.00, 64.05809, 0.00 
 
50.00, 51.50, -1.50, 59.524796, 3.00, 0.07, 0.00, -4.50, 64.02480, -0.00 
 
50.00, 50.50, -0.50, 62.513695, 3.00, 0.07, 0.00, -1.50, 64.01369, 0.00 
 
50.00, 50.00, 0.00, 64.013695, 3.00, 0.07, 0.00, 0.00, 64.01369, 0.00 
 
50.00, 51.50, -1.50, 59.480392, 3.00, 0.07, 0.00, -4.50, 63.98039, -0.00 
 
50.00, 50.00, 0.00, 63.980392, 3.00, 0.07, 0.00, 0.00, 63.98039, 0.00 
 
50.00, 51.00, -1.00, 60.958191, 3.00, 0.07, 0.00, -3.00, 63.95819, -0.00 
 
50.00, 51.00, -1.00, 60.935989, 3.00, 0.07, 0.00, -3.00, 63.93599, 0.00 
 
50.00, 51.00, -1.00, 60.913788, 3.00, 0.07, 0.00, -3.00, 63.91379, 0.00 
 
50.00, 51.00, -1.00, 60.891590, 3.00, 0.07, 0.00, -3.00, 63.89159, 0.00 
 
50.00, 51.00, -1.00, 60.869389, 3.00, 0.07, 0.00, -3.00, 63.86939, 0.00 
 
50.00, 51.00, -1.00, 60.847187, 3.00, 0.07, 0.00, -3.00, 63.84719, 0.00 
 
50.00, 51.50, -1.50, 59.313889, 3.00, 0.07, 0.00, -4.50, 63.81389, -0.00 
 
50.00, 50.00, 0.00, 63.813889, 3.00, 0.07, 0.00, 0.00, 63.81389, 0.00 
 
50.00, 51.00, -1.00, 60.791687, 3.00, 0.07, 0.00, -3.00, 63.79169, -0.00 
 
50.00, 51.00, -1.00, 60.769485, 3.00, 0.07, 0.00, -3.00, 63.76949, 0.00 
 
50.00, 51.00, -1.00, 60.747284, 3.00, 0.07, 0.00, -3.00, 63.74728, 0.00 
 
50.00, 51.00, -1.00, 60.725086, 3.00, 0.07, 0.00, -3.00, 63.72509, 0.00 
 
50.00, 51.00, -1.00, 60.702885, 3.00, 0.07, 0.00, -3.00, 63.70288, 0.00 
 
50.00, 51.00, -1.00, 60.680683, 3.00, 0.07, 0.00, -3.00, 63.68068, 0.00 
 
50.00, 51.50, -1.50, 59.147385, 3.00, 0.07, 0.00, -4.50, 63.64738, -0.00 
 
50.00, 50.50, -0.50, 62.136284, 3.00, 0.07, 0.00, -1.50, 63.63628, 0.00 
 
50.00, 50.00, 0.00, 63.636284, 3.00, 0.07, 0.00, 0.00, 63.63628, 0.00 
 
50.00, 51.00, -1.00, 60.614082, 3.00, 0.07, 0.00, -3.00, 63.61408, -0.00 
 
50.00, 51.00, -1.00, 60.591881, 3.00, 0.07, 0.00, -3.00, 63.59188, 0.00 
 
50.00, 51.00, -1.00, 60.569679, 3.00, 0.07, 0.00, -3.00, 63.56968, 0.00 
 
50.00, 51.50, -1.50, 59.036381, 3.00, 0.07, 0.00, -4.50, 63.53638, -0.00 
 
50.00, 50.50, -0.50, 62.025280, 3.00, 0.07, 0.00, -1.50, 63.52528, 0.00 
 
50.00, 50.00, 0.00, 63.525280, 3.00, 0.07, 0.00, 0.00, 63.52528, 0.00 
 
50.00, 51.50, -1.50, 58.991978, 3.00, 0.07, 0.00, -4.50, 63.49198, -0.00 
 
50.00, 50.00, 0.00, 63.491978, 3.00, 0.07, 0.00, 0.00, 63.49198, 0.00 
 
50.00, 51.50, -1.50, 58.958679, 3.00, 0.07, 0.00, -4.50, 63.45868, -0.00 
 
50.00, 50.50, -0.50, 61.947578, 3.00, 0.07, 0.00, -1.50, 63.44758, 0.00 
 
50.00, 50.50, -0.50, 61.936478, 3.00, 0.07, 0.00, -1.50, 63.43648, 0.00 
 
50.00, 50.50, -0.50, 61.925377, 3.00, 0.07, 0.00, -1.50, 63.42538, 0.00 
 
50.00, 50.50, -0.50, 61.914276, 3.00, 0.07, 0.00, -1.50, 63.41428, 0.00 
 
50.00, 50.50, -0.50, 61.903175, 3.00, 0.07, 0.00, -1.50, 63.40318, 0.00 
 
50.00, 50.00, 0.00, 63.403175, 3.00, 0.07, 0.00, 0.00, 63.40318, 0.00 
 
50.00, 51.00, -1.00, 60.380978, 3.00, 0.07, 0.00, -3.00, 63.38098, -0.00 
 
50.00, 51.50, -1.50, 58.847675, 3.00, 0.07, 0.00, -4.50, 63.34768, -0.00 
 
50.00, 50.50, -0.50, 61.836575, 3.00, 0.07, 0.00, -1.50, 63.33657, 0.00 
 
50.00, 50.50, -0.50, 61.825474, 3.00, 0.07, 0.00, -1.50, 63.32547, 0.00 
 
50.00, 50.00, 0.00, 63.325474, 3.00, 0.07, 0.00, 0.00, 63.32547, 0.00 
 
50.00, 51.50, -1.50, 58.792175, 3.00, 0.07, 0.00, -4.50, 63.29218, -0.00 
 
50.00, 50.50, -0.50, 61.781075, 3.00, 0.07, 0.00, -1.50, 63.28107, 0.00 
 
50.00, 50.00, 0.00, 63.281075, 3.00, 0.07, 0.00, 0.00, 63.28107, 0.00 
 
50.00, 51.50, -1.50, 58.747772, 3.00, 0.07, 0.00, -4.50, 63.24777, -0.00 
 
50.00, 50.50, -0.50, 61.736671, 3.00, 0.07, 0.00, -1.50, 63.23667, 0.00 
 
50.00, 50.50, -0.50, 61.725574, 3.00, 0.07, 0.00, -1.50, 63.22557, 0.00 
 
50.00, 50.50, -0.50, 61.714474, 3.00, 0.07, 0.00, -1.50, 63.21447, 0.00 
 
50.00, 50.50, -0.50, 61.703373, 3.00, 0.07, 0.00, -1.50, 63.20337, 0.00 
 
50.00, 50.50, -0.50, 61.692272, 3.00, 0.07, 0.00, -1.50, 63.19227, 0.00 
 
50.00, 50.50, -0.50, 61.681171, 3.00, 0.07, 0.00, -1.50, 63.18117, 0.00 
 
50.00, 50.50, -0.50, 61.670071, 3.00, 0.07, 0.00, -1.50, 63.17007, 0.00 
 
50.00, 50.00, 0.00, 63.170071, 3.00, 0.07, 0.00, 0.00, 63.17007, 0.00 
 
50.00, 51.00, -1.00, 60.147873, 3.00, 0.07, 0.00, -3.00, 63.14787, -0.00 
 
50.00, 51.50, -1.50, 58.614571, 3.00, 0.07, 0.00, -4.50, 63.11457, -0.00 
 
50.00, 50.00, 0.00, 63.114571, 3.00, 0.07, 0.00, 0.00, 63.11457, 0.00 
 
50.00, 51.50, -1.50, 58.581268, 3.00, 0.07, 0.00, -4.50, 63.08127, -0.00 
 
50.00, 50.50, -0.50, 61.570168, 3.00, 0.07, 0.00, -1.50, 63.07017, 0.00 
 
50.00, 50.50, -0.50, 61.559071, 3.00, 0.07, 0.00, -1.50, 63.05907, 0.00 
 
50.00, 50.50, -0.50, 61.547970, 3.00, 0.07, 0.00, -1.50, 63.04797, 0.00 
 
50.00, 50.50, -0.50, 61.536869, 3.00, 0.07, 0.00, -1.50, 63.03687, 0.00 
 
50.00, 50.50, -0.50, 61.525768, 3.00, 0.07, 0.00, -1.50, 63.02577, 0.00 
 
50.00, 50.50, -0.50, 61.514668, 3.00, 0.07, 0.00, -1.50, 63.01467, 0.00 
 
50.00, 50.00, 0.00, 63.014668, 3.00, 0.07, 0.00, 0.00, 63.01467, 0.00 
 
50.00, 51.00, -1.00, 59.992466, 3.00, 0.07, 0.00, -3.00, 62.99247, -0.00 
 
50.00, 51.50, -1.50, 58.459167, 3.00, 0.07, 0.00, -4.50, 62.95917, -0.00 
 
50.00, 50.00, 0.00, 62.959167, 3.00, 0.07, 0.00, 0.00, 62.95917, 0.00 
 
50.00, 51.50, -1.50, 58.425865, 3.00, 0.07, 0.00, -4.50, 62.92587, -0.00 
 
50.00, 50.00, 0.00, 62.925865, 3.00, 0.07, 0.00, 0.00, 62.92587, 0.00 
 
50.00, 51.00, -1.00, 59.903664, 3.00, 0.07, 0.00, -3.00, 62.90366, -0.00 
 
50.00, 51.50, -1.50, 58.370365, 3.00, 0.07, 0.00, -4.50, 62.87037, -0.00 
 
50.00, 50.50, -0.50, 61.359264, 3.00, 0.07, 0.00, -1.50, 62.85926, 0.00 
 
50.00, 50.00, 0.00, 62.859264, 3.00, 0.07, 0.00, 0.00, 62.85926, 0.00 
 
50.00, 51.00, -1.00, 59.837063, 3.00, 0.07, 0.00, -3.00, 62.83706, -0.00 
 
50.00, 51.50, -1.50, 58.303764, 3.00, 0.07, 0.00, -4.50, 62.80376, -0.00 
 
50.00, 50.00, 0.00, 62.803764, 3.00, 0.07, 0.00, 0.00, 62.80376, 0.00 
 
50.00, 51.00, -1.00, 59.781563, 3.00, 0.07, 0.00, -3.00, 62.78156, -0.00 
 
50.00, 51.50, -1.50, 58.248260, 3.00, 0.07, 0.00, -4.50, 62.74826, -0.00 
 
50.00, 50.50, -0.50, 61.237160, 3.00, 0.07, 0.00, -1.50, 62.73716, 0.00 
 
50.00, 50.50, -0.50, 61.226063, 3.00, 0.07, 0.00, -1.50, 62.72606, 0.00 
 
50.00, 50.00, 0.00, 62.726063, 3.00, 0.07, 0.00, 0.00, 62.72606, 0.00 
 
50.00, 51.50, -1.50, 58.192760, 3.00, 0.07, 0.00, -4.50, 62.69276, -0.00 
 
50.00, 50.00, 0.00, 62.692760, 3.00, 0.07, 0.00, 0.00, 62.69276, 0.00 
 
50.00, 51.50, -1.50, 58.159458, 3.00, 0.07, 0.00, -4.50, 62.65946, -0.00 
 
50.00, 50.00, 0.00, 62.659458, 3.00, 0.07, 0.00, 0.00, 62.65946, 0.00 
 
50.00, 51.00, -1.00, 59.637260, 3.00, 0.07, 0.00, -3.00, 62.63726, -0.00 
 
50.00, 51.50, -1.50, 58.103958, 3.00, 0.07, 0.00, -4.50, 62.60396, -0.00 
 
50.00, 50.00, 0.00, 62.603958, 3.00, 0.07, 0.00, 0.00, 62.60396, 0.00 
 
50.00, 51.50, -1.50, 58.070656, 3.00, 0.07, 0.00, -4.50, 62.57066, -0.00 
 
50.00, 50.50, -0.50, 61.059559, 3.00, 0.07, 0.00, -1.50, 62.55956, 0.00 
 
50.00, 50.50, -0.50, 61.048458, 3.00, 0.07, 0.00, -1.50, 62.54846, 0.00 
 
50.00, 50.50, -0.50, 61.037357, 3.00, 0.07, 0.00, -1.50, 62.53736, 0.00 
 
50.00, 50.00, 0.00, 62.537357, 3.00, 0.07, 0.00, 0.00, 62.53736, 0.00 
 
50.00, 51.50, -1.50, 58.004055, 3.00, 0.07, 0.00, -4.50, 62.50406, -0.00 
 
50.00, 50.50, -0.50, 60.992954, 3.00, 0.07, 0.00, -1.50, 62.49295, 0.00 
 
50.00, 50.00, 0.00, 62.492954, 3.00, 0.07, 0.00, 0.00, 62.49295, 0.00 
 
50.00, 51.50, -1.50, 57.959656, 3.00, 0.07, 0.00, -4.50, 62.45966, -0.00 
 
50.00, 50.50, -0.50, 60.948555, 3.00, 0.07, 0.00, -1.50, 62.44855, 0.00 
 
50.00, 50.50, -0.50, 60.937454, 3.00, 0.07, 0.00, -1.50, 62.43745, 0.00 
 
50.00, 50.50, -0.50, 60.926353, 3.00, 0.07, 0.00, -1.50, 62.42635, 0.00 
 
50.00, 50.50, -0.50, 60.915253, 3.00, 0.07, 0.00, -1.50, 62.41525, 0.00 
 
50.00, 50.50, -0.50, 60.904152, 3.00, 0.07, 0.00, -1.50, 62.40415, 0.00 
 
50.00, 50.50, -0.50, 60.893055, 3.00, 0.07, 0.00, -1.50, 62.39305, 0.00 
 
50.00, 50.50, -0.50, 60.881954, 3.00, 0.07, 0.00, -1.50, 62.38195, 0.00 
 
50.00, 50.50, -0.50, 60.870853, 3.00, 0.07, 0.00, -1.50, 62.37085, 0.00 
 
50.00, 50.50, -0.50, 60.859753, 3.00, 0.07, 0.00, -1.50, 62.35975, 0.00 
 
50.00, 50.50, -0.50, 60.848652, 3.00, 0.07, 0.00, -1.50, 62.34865, 0.00 
 
50.00, 50.50, -0.50, 60.837551, 3.00, 0.07, 0.00, -1.50, 62.33755, 0.00 
 
50.00, 50.50, -0.50, 60.826450, 3.00, 0.07, 0.00, -1.50, 62.32645, 0.00 
 
50.00, 50.50, -0.50, 60.815353, 3.00, 0.07, 0.00, -1.50, 62.31535, 0.00 
 
50.00, 50.50, -0.50, 60.804253, 3.00, 0.07, 0.00, -1.50, 62.30425, 0.00 
 
50.00, 50.50, -0.50, 60.793152, 3.00, 0.07, 0.00, -1.50, 62.29315, 0.00 
 
50.00, 50.00, 0.00, 62.293152, 3.00, 0.07, 0.00, 0.00, 62.29315, 0.00 
 
50.00, 51.50, -1.50, 57.759850, 3.00, 0.07, 0.00, -4.50, 62.25985, -0.00 
 
50.00, 50.50, -0.50, 60.748749, 3.00, 0.07, 0.00, -1.50, 62.24875, 0.00 
 
50.00, 50.50, -0.50, 60.737648, 3.00, 0.07, 0.00, -1.50, 62.23765, 0.00 
 
50.00, 50.50, -0.50, 60.726551, 3.00, 0.07, 0.00, -1.50, 62.22655, 0.00 
 
50.00, 50.50, -0.50, 60.715450, 3.00, 0.07, 0.00, -1.50, 62.21545, 0.00 
 
50.00, 50.50, -0.50, 60.704350, 3.00, 0.07, 0.00, -1.50, 62.20435, 0.00 
 
50.00, 50.50, -0.50, 60.693249, 3.00, 0.07, 0.00, -1.50, 62.19325, 0.00 
 
50.00, 50.50, -0.50, 60.682148, 3.00, 0.07, 0.00, -1.50, 62.18215, 0.00 
 
50.00, 50.50, -0.50, 60.671047, 3.00, 0.07, 0.00, -1.50, 62.17105, 0.00 
 
50.00, 50.50, -0.50, 60.659946, 3.00, 0.07, 0.00, -1.50, 62.15995, 0.00 
 
50.00, 50.50, -0.50, 60.648849, 3.00, 0.07, 0.00, -1.50, 62.14885, 0.00 
 
50.00, 50.50, -0.50, 60.637749, 3.00, 0.07, 0.00, -1.50, 62.13775, 0.00 
 
50.00, 50.50, -0.50, 60.626648, 3.00, 0.07, 0.00, -1.50, 62.12665, 0.00 
 
50.00, 50.50, -0.50, 60.615547, 3.00, 0.07, 0.00, -1.50, 62.11555, 0.00 
 
50.00, 50.50, -0.50, 60.604446, 3.00, 0.07, 0.00, -1.50, 62.10445, 0.00 
 
50.00, 50.50, -0.50, 60.593346, 3.00, 0.07, 0.00, -1.50, 62.09335, 0.00 
 
50.00, 50.00, 0.00, 62.093346, 3.00, 0.07, 0.00, 0.00, 62.09335, 0.00 
 
50.00, 51.50, -1.50, 57.560047, 3.00, 0.07, 0.00, -4.50, 62.06005, -0.00 
 
50.00, 50.50, -0.50, 60.548946, 3.00, 0.07, 0.00, -1.50, 62.04895, 0.00 
 
50.00, 50.50, -0.50, 60.537846, 3.00, 0.07, 0.00, -1.50, 62.03785, 0.00 
 
50.00, 50.50, -0.50, 60.526745, 3.00, 0.07, 0.00, -1.50, 62.02674, 0.00 
 
50.00, 50.50, -0.50, 60.515644, 3.00, 0.07, 0.00, -1.50, 62.01564, 0.00 
 
50.00, 50.50, -0.50, 60.504543, 3.00, 0.07, 0.00, -1.50, 62.00454, 0.00 
 
50.00, 50.50, -0.50, 60.493443, 3.00, 0.07, 0.00, -1.50, 61.99344, 0.00 
 
50.00, 50.50, -0.50, 60.482346, 3.00, 0.07, 0.00, -1.50, 61.98235, 0.00 
 
50.00, 50.50, -0.50, 60.471245, 3.00, 0.07, 0.00, -1.50, 61.97124, 0.00 
 
50.00, 50.00, 0.00, 61.971245, 3.00, 0.07, 0.00, 0.00, 61.97124, 0.00 
 
50.00, 51.50, -1.50, 57.437943, 3.00, 0.07, 0.00, -4.50, 61.93794, -0.00 
 
50.00, 50.50, -0.50, 60.426842, 3.00, 0.07, 0.00, -1.50, 61.92684, 0.00 
 
50.00, 50.50, -0.50, 60.415741, 3.00, 0.07, 0.00, -1.50, 61.91574, 0.00 
 
50.00, 50.50, -0.50, 60.404640, 3.00, 0.07, 0.00, -1.50, 61.90464, 0.00 
 
50.00, 50.50, -0.50, 60.393543, 3.00, 0.07, 0.00, -1.50, 61.89354, 0.00 
 
50.00, 50.50, -0.50, 60.382442, 3.00, 0.07, 0.00, -1.50, 61.88244, 0.00 
 
50.00, 50.50, -0.50, 60.371342, 3.00, 0.07, 0.00, -1.50, 61.87134, 0.00 
 
50.00, 50.50, -0.50, 60.360241, 3.00, 0.07, 0.00, -1.50, 61.86024, 0.00 
 
50.00, 50.50, -0.50, 60.349140, 3.00, 0.07, 0.00, -1.50, 61.84914, 0.00 
 
50.00, 50.50, -0.50, 60.338039, 3.00, 0.07, 0.00, -1.50, 61.83804, 0.00 
 
50.00, 50.50, -0.50, 60.326939, 3.00, 0.07, 0.00, -1.50, 61.82694, 0.00 
 
50.00, 50.50, -0.50, 60.315842, 3.00, 0.07, 0.00, -1.50, 61.81584, 0.00 
 
50.00, 50.50, -0.50, 60.304741, 3.00, 0.07, 0.00, -1.50, 61.80474, 0.00 
 
50.00, 50.50, -0.50, 60.293640, 3.00, 0.07, 0.00, -1.50, 61.79364, 0.00 
 
50.00, 50.50, -0.50, 60.282539, 3.00, 0.07, 0.00, -1.50, 61.78254, 0.00 
 
50.00, 50.50, -0.50, 60.271439, 3.00, 0.07, 0.00, -1.50, 61.77144, 0.00 
 
50.00, 50.50, -0.50, 60.260338, 3.00, 0.07, 0.00, -1.50, 61.76034, 0.00 
 
50.00, 50.50, -0.50, 60.249237, 3.00, 0.07, 0.00, -1.50, 61.74924, 0.00 
 
50.00, 50.50, -0.50, 60.238136, 3.00, 0.07, 0.00, -1.50, 61.73814, 0.00 
 
