30.00, 29.50, 0.50, 4.735146, 2.00, 0.03, 0.00, 1.00, 3.73515, 0.00 
 
30.00, 29.00, 1.00, 5.746246, 2.00, 0.03, 0.00, 2.00, 3.74625, 0.00 
 
30.00, 29.00, 1.00, 5.757346, 2.00, 0.03, 0.00, 2.00, 3.75735, 0.00 
 
30.00, 29.50, 0.50, 4.762896, 2.00, 0.03, 0.00, 1.00, 3.76290, -0.00 
 
30.00, 29.50, 0.50, 4.768445, 2.00, 0.03, 0.00, 1.00, 3.76845, 0.00 
 
30.00, 29.00, 1.00, 5.779546, 2.00, 0.03, 0.00, 2.00, 3.77955, 0.00 
 
30.00, 29.00, 1.00, 5.790646, 2.00, 0.03, 0.00, 2.00, 3.79065, 0.00 
 
30.00, 29.00, 1.00, 5.801745, 2.00, 0.03, 0.00, 2.00, 3.80175, 0.00 
 
30.00, 29.00, 1.00, 5.812845, 2.00, 0.03, 0.00, 2.00, 3.81285, 0.00 
 
30.00, 29.50, 0.50, 4.818396, 2.00, 0.03, 0.00, 1.00, 3.81840, -0.00 
 
30.00, 29.00, 1.00, 5.829495, 2.00, 0.03, 0.00, 2.00, 3.82950, 0.00 
 
30.00, 29.50, 0.50, 4.835045, 2.00, 0.03, 0.00, 1.00, 3.83505, -0.00 
 
30.00, 29.50, 0.50, 4.840595, 2.00, 0.03, 0.00, 1.00, 3.84060, 0.00 
 
30.00, 29.50, 0.50, 4.846145, 2.00, 0.03, 0.00, 1.00, 3.84615, 0.00 
 
30.00, 29.00, 1.00, 5.857245, 2.00, 0.03, 0.00, 2.00, 3.85724, 0.00 
 
30.00, 29.00, 1.00, 5.868345, 2.00, 0.03, 0.00, 2.00, 3.86835, 0.00 
 
30.00, 29.50, 0.50, 4.873895, 2.00, 0.03, 0.00, 1.00, 3.87389, -0.00 
 
30.00, 29.00, 1.00, 5.884995, 2.00, 0.03, 0.00, 2.00, 3.88499, 0.00 
 
30.00, 29.50, 0.50, 4.890545, 2.00, 0.03, 0.00, 1.00, 3.89054, -0.00 
 
30.00, 29.00, 1.00, 5.901645, 2.00, 0.03, 0.00, 2.00, 3.90164, 0.00 
 
30.00, 29.00, 1.00, 5.912745, 2.00, 0.03, 0.00, 2.00, 3.91274, 0.00 
 
50.00, 29.00, 21.00, 46.145844, 2.00, 0.03, 0.00, 42.00, 4.14584, 0.00 
 
50.00, 29.50, 20.50, 45.373394, 2.00, 0.03, 0.00, 41.00, 4.37339, -0.00 
 
50.00, 29.00, 21.00, 46.606495, 2.00, 0.03, 0.00, 42.00, 4.60649, 0.00 
 
50.00, 29.50, 20.50, 45.834045, 2.00, 0.03, 0.00, 41.00, 4.83404, -0.00 
 
50.00, 29.50, 20.50, 46.061596, 2.00, 0.03, 0.00, 41.00, 5.06159, 0.00 
 
50.00, 29.50, 20.50, 46.289146, 2.00, 0.03, 0.00, 41.00, 5.28914, 0.00 
 
50.00, 29.00, 21.00, 47.522243, 2.00, 0.03, 0.00, 42.00, 5.52224, 0.00 
 
50.00, 30.50, 19.50, 44.738693, 2.00, 0.03, 0.00, 39.00, 5.73870, -0.00 
 
50.00, 29.00, 21.00, 47.971794, 2.00, 0.03, 0.00, 42.00, 5.97180, 0.00 
 
50.00, 30.00, 20.00, 46.193794, 2.00, 0.03, 0.00, 40.00, 6.19380, -0.00 
 
50.00, 30.00, 20.00, 46.415794, 2.00, 0.03, 0.00, 40.00, 6.41580, 0.00 
 
50.00, 30.50, 19.50, 45.632244, 2.00, 0.03, 0.00, 39.00, 6.63225, -0.00 
 
50.00, 30.50, 19.50, 45.848694, 2.00, 0.03, 0.00, 39.00, 6.84870, 0.00 
 
50.00, 30.50, 19.50, 46.065144, 2.00, 0.03, 0.00, 39.00, 7.06515, 0.00 
 
50.00, 30.50, 19.50, 46.281593, 2.00, 0.03, 0.00, 39.00, 7.28160, 0.00 
 
50.00, 30.50, 19.50, 46.498047, 2.00, 0.03, 0.00, 39.00, 7.49805, 0.00 
 
50.00, 30.50, 19.50, 46.714497, 2.00, 0.03, 0.00, 39.00, 7.71450, 0.00 
 
50.00, 30.00, 20.00, 47.936497, 2.00, 0.03, 0.00, 40.00, 7.93650, 0.00 
 
50.00, 31.00, 19.00, 46.147396, 2.00, 0.03, 0.00, 38.00, 8.14740, -0.00 
 
50.00, 31.00, 19.00, 46.358295, 2.00, 0.03, 0.00, 38.00, 8.35830, 0.00 
 
50.00, 31.00, 19.00, 46.569195, 2.00, 0.03, 0.00, 38.00, 8.56919, 0.00 
 
50.00, 31.00, 19.00, 46.780094, 2.00, 0.03, 0.00, 38.00, 8.78010, 0.00 
 
50.00, 31.50, 18.50, 45.985443, 2.00, 0.03, 0.00, 37.00, 8.98545, -0.00 
 
50.00, 31.50, 18.50, 46.190796, 2.00, 0.03, 0.00, 37.00, 9.19079, 0.00 
 
50.00, 31.50, 18.50, 46.396145, 2.00, 0.03, 0.00, 37.00, 9.39614, 0.00 
 
50.00, 31.50, 18.50, 46.601494, 2.00, 0.03, 0.00, 37.00, 9.60149, 0.00 
 
50.00, 31.50, 18.50, 46.806843, 2.00, 0.03, 0.00, 37.00, 9.80684, 0.00 
 
50.00, 31.00, 19.00, 48.017742, 2.00, 0.03, 0.00, 38.00, 10.01774, 0.00 
 
50.00, 32.00, 18.00, 46.217545, 2.00, 0.03, 0.00, 36.00, 10.21754, -0.00 
 
50.00, 32.00, 18.00, 46.417343, 2.00, 0.03, 0.00, 36.00, 10.41734, 0.00 
 
50.00, 32.00, 18.00, 46.617142, 2.00, 0.03, 0.00, 36.00, 10.61714, 0.00 
 
50.00, 32.50, 17.50, 45.811394, 2.00, 0.03, 0.00, 35.00, 10.81139, -0.00 
 
50.00, 32.50, 17.50, 46.005642, 2.00, 0.03, 0.00, 35.00, 11.00564, 0.00 
 
50.00, 32.50, 17.50, 46.199894, 2.00, 0.03, 0.00, 35.00, 11.19989, 0.00 
 
50.00, 32.50, 17.50, 46.394142, 2.00, 0.03, 0.00, 35.00, 11.39414, 0.00 
 
50.00, 32.50, 17.50, 46.588394, 2.00, 0.03, 0.00, 35.00, 11.58840, 0.00 
 
50.00, 32.50, 17.50, 46.782646, 2.00, 0.03, 0.00, 35.00, 11.78265, 0.00 
 
50.00, 32.00, 18.00, 47.982445, 2.00, 0.03, 0.00, 36.00, 11.98244, 0.00 
 
50.00, 33.00, 17.00, 46.171146, 2.00, 0.03, 0.00, 34.00, 12.17115, -0.00 
 
50.00, 33.00, 17.00, 46.359844, 2.00, 0.03, 0.00, 34.00, 12.35985, 0.00 
 
50.00, 33.00, 17.00, 46.548546, 2.00, 0.03, 0.00, 34.00, 12.54855, 0.00 
 
50.00, 33.50, 16.50, 45.731697, 2.00, 0.03, 0.00, 33.00, 12.73170, -0.00 
 
50.00, 33.50, 16.50, 45.914848, 2.00, 0.03, 0.00, 33.00, 12.91485, 0.00 
 
50.00, 33.00, 17.00, 47.103546, 2.00, 0.03, 0.00, 34.00, 13.10355, 0.00 
 
50.00, 33.50, 16.50, 46.286697, 2.00, 0.03, 0.00, 33.00, 13.28670, -0.00 
 
50.00, 33.50, 16.50, 46.469849, 2.00, 0.03, 0.00, 33.00, 13.46985, 0.00 
 
50.00, 33.50, 16.50, 46.653000, 2.00, 0.03, 0.00, 33.00, 13.65300, 0.00 
 
50.00, 33.50, 16.50, 46.836147, 2.00, 0.03, 0.00, 33.00, 13.83615, 0.00 
 
50.00, 33.00, 17.00, 48.024849, 2.00, 0.03, 0.00, 34.00, 14.02485, 0.00 
 
50.00, 34.00, 16.00, 46.202446, 2.00, 0.03, 0.00, 32.00, 14.20245, -0.00 
 
50.00, 34.00, 16.00, 46.380051, 2.00, 0.03, 0.00, 32.00, 14.38005, 0.00 
 
50.00, 34.00, 16.00, 46.557648, 2.00, 0.03, 0.00, 32.00, 14.55765, 0.00 
 
50.00, 34.00, 16.00, 46.735249, 2.00, 0.03, 0.00, 32.00, 14.73525, 0.00 
 
50.00, 34.00, 16.00, 46.912849, 2.00, 0.03, 0.00, 32.00, 14.91285, 0.00 
 
50.00, 34.00, 16.00, 47.090446, 2.00, 0.03, 0.00, 32.00, 15.09045, 0.00 
 
50.00, 34.00, 16.00, 47.268051, 2.00, 0.03, 0.00, 32.00, 15.26805, 0.00 
 
50.00, 34.50, 15.50, 46.440098, 2.00, 0.03, 0.00, 31.00, 15.44010, -0.00 
 
50.00, 34.50, 15.50, 46.612148, 2.00, 0.03, 0.00, 31.00, 15.61215, 0.00 
 
50.00, 34.50, 15.50, 46.784199, 2.00, 0.03, 0.00, 31.00, 15.78420, 0.00 
 
50.00, 34.50, 15.50, 46.956249, 2.00, 0.03, 0.00, 31.00, 15.95625, 0.00 
 
50.00, 34.50, 15.50, 47.128300, 2.00, 0.03, 0.00, 31.00, 16.12830, 0.00 
 
50.00, 34.50, 15.50, 47.300346, 2.00, 0.03, 0.00, 31.00, 16.30035, 0.00 
 
50.00, 34.00, 16.00, 48.477951, 2.00, 0.03, 0.00, 32.00, 16.47795, 0.00 
 
50.00, 35.00, 15.00, 46.644447, 2.00, 0.03, 0.00, 30.00, 16.64445, -0.00 
 
50.00, 35.00, 15.00, 46.810951, 2.00, 0.03, 0.00, 30.00, 16.81095, 0.00 
 
50.00, 35.00, 15.00, 46.977448, 2.00, 0.03, 0.00, 30.00, 16.97745, 0.00 
 
50.00, 35.00, 15.00, 47.143948, 2.00, 0.03, 0.00, 30.00, 17.14395, 0.00 
 
50.00, 35.00, 15.00, 47.310448, 2.00, 0.03, 0.00, 30.00, 17.31045, 0.00 
 
50.00, 35.50, 14.50, 46.471397, 2.00, 0.03, 0.00, 29.00, 17.47140, -0.00 
 
50.00, 35.50, 14.50, 46.632347, 2.00, 0.03, 0.00, 29.00, 17.63235, 0.00 
 
50.00, 35.50, 14.50, 46.793297, 2.00, 0.03, 0.00, 29.00, 17.79330, 0.00 
 
50.00, 35.50, 14.50, 46.954247, 2.00, 0.03, 0.00, 29.00, 17.95425, 0.00 
 
50.00, 35.50, 14.50, 47.115196, 2.00, 0.03, 0.00, 29.00, 18.11520, 0.00 
 
50.00, 35.50, 14.50, 47.276146, 2.00, 0.03, 0.00, 29.00, 18.27615, 0.00 
 
50.00, 35.50, 14.50, 47.437096, 2.00, 0.03, 0.00, 29.00, 18.43710, 0.00 
 
50.00, 35.50, 14.50, 47.598045, 2.00, 0.03, 0.00, 29.00, 18.59805, 0.00 
 
50.00, 35.00, 15.00, 48.764545, 2.00, 0.03, 0.00, 30.00, 18.76455, 0.00 
 
50.00, 36.00, 14.00, 46.919945, 2.00, 0.03, 0.00, 28.00, 18.91994, -0.00 
 
50.00, 36.00, 14.00, 47.075344, 2.00, 0.03, 0.00, 28.00, 19.07534, 0.00 
 
50.00, 36.00, 14.00, 47.230743, 2.00, 0.03, 0.00, 28.00, 19.23075, 0.00 
 
50.00, 36.00, 14.00, 47.386147, 2.00, 0.03, 0.00, 28.00, 19.38614, 0.00 
 
50.00, 36.00, 14.00, 47.541542, 2.00, 0.03, 0.00, 28.00, 19.54154, 0.00 
 
50.00, 36.00, 14.00, 47.696945, 2.00, 0.03, 0.00, 28.00, 19.69694, 0.00 
 
50.00, 36.50, 13.50, 46.846794, 2.00, 0.03, 0.00, 27.00, 19.84679, -0.00 
 
50.00, 36.50, 13.50, 46.996643, 2.00, 0.03, 0.00, 27.00, 19.99664, 0.00 
 
50.00, 36.50, 13.50, 47.146492, 2.00, 0.03, 0.00, 27.00, 20.14649, 0.00 
 
50.00, 36.50, 13.50, 47.296341, 2.00, 0.03, 0.00, 27.00, 20.29634, 0.00 
 
50.00, 36.50, 13.50, 47.446190, 2.00, 0.03, 0.00, 27.00, 20.44619, 0.00 
 
50.00, 36.50, 13.50, 47.596039, 2.00, 0.03, 0.00, 27.00, 20.59604, 0.00 
 
50.00, 36.50, 13.50, 47.745888, 2.00, 0.03, 0.00, 27.00, 20.74589, 0.00 
 
50.00, 36.50, 13.50, 47.895737, 2.00, 0.03, 0.00, 27.00, 20.89574, 0.00 
 
50.00, 36.50, 13.50, 48.045586, 2.00, 0.03, 0.00, 27.00, 21.04559, 0.00 
 
50.00, 36.50, 13.50, 48.195438, 2.00, 0.03, 0.00, 27.00, 21.19544, 0.00 
 
50.00, 36.00, 14.00, 49.350838, 2.00, 0.03, 0.00, 28.00, 21.35084, 0.00 
 
50.00, 37.00, 13.00, 47.495136, 2.00, 0.03, 0.00, 26.00, 21.49514, -0.00 
 
50.00, 37.00, 13.00, 47.639435, 2.00, 0.03, 0.00, 26.00, 21.63944, 0.00 
 
50.00, 37.00, 13.00, 47.783737, 2.00, 0.03, 0.00, 26.00, 21.78374, 0.00 
 
50.00, 37.00, 13.00, 47.928032, 2.00, 0.03, 0.00, 26.00, 21.92803, 0.00 
 
50.00, 37.00, 13.00, 48.072334, 2.00, 0.03, 0.00, 26.00, 22.07233, 0.00 
 
50.00, 37.00, 13.00, 48.216633, 2.00, 0.03, 0.00, 26.00, 22.21663, 0.00 
 
50.00, 37.00, 13.00, 48.360931, 2.00, 0.03, 0.00, 26.00, 22.36093, 0.00 
 
50.00, 37.50, 12.50, 47.499680, 2.00, 0.03, 0.00, 25.00, 22.49968, -0.00 
 
50.00, 37.00, 13.00, 48.643982, 2.00, 0.03, 0.00, 26.00, 22.64398, 0.00 
 
50.00, 37.50, 12.50, 47.782730, 2.00, 0.03, 0.00, 25.00, 22.78273, -0.00 
 
50.00, 37.50, 12.50, 47.921478, 2.00, 0.03, 0.00, 25.00, 22.92148, 0.00 
 
50.00, 37.50, 12.50, 48.060226, 2.00, 0.03, 0.00, 25.00, 23.06023, 0.00 
 
50.00, 37.50, 12.50, 48.198978, 2.00, 0.03, 0.00, 25.00, 23.19898, 0.00 
 
50.00, 37.50, 12.50, 48.337727, 2.00, 0.03, 0.00, 25.00, 23.33773, 0.00 
 
50.00, 37.00, 13.00, 49.482025, 2.00, 0.03, 0.00, 26.00, 23.48203, 0.00 
 
50.00, 38.00, 12.00, 47.615227, 2.00, 0.03, 0.00, 24.00, 23.61522, -0.00 
 
50.00, 38.00, 12.00, 47.748425, 2.00, 0.03, 0.00, 24.00, 23.74842, 0.00 
 
50.00, 38.00, 12.00, 47.881622, 2.00, 0.03, 0.00, 24.00, 23.88162, 0.00 
 
50.00, 38.00, 12.00, 48.014824, 2.00, 0.03, 0.00, 24.00, 24.01482, 0.00 
 
50.00, 38.00, 12.00, 48.148022, 2.00, 0.03, 0.00, 24.00, 24.14802, 0.00 
 
50.00, 38.00, 12.00, 48.281219, 2.00, 0.03, 0.00, 24.00, 24.28122, 0.00 
 
50.00, 38.00, 12.00, 48.414421, 2.00, 0.03, 0.00, 24.00, 24.41442, 0.00 
 
50.00, 38.00, 12.00, 48.547619, 2.00, 0.03, 0.00, 24.00, 24.54762, 0.00 
 
50.00, 38.00, 12.00, 48.680817, 2.00, 0.03, 0.00, 24.00, 24.68082, 0.00 
 
50.00, 38.50, 11.50, 47.808472, 2.00, 0.03, 0.00, 23.00, 24.80847, -0.00 
 
50.00, 38.50, 11.50, 47.936119, 2.00, 0.03, 0.00, 23.00, 24.93612, 0.00 
 
50.00, 38.00, 12.00, 49.069321, 2.00, 0.03, 0.00, 24.00, 25.06932, 0.00 
 
50.00, 38.50, 11.50, 48.196968, 2.00, 0.03, 0.00, 23.00, 25.19697, -0.00 
 
50.00, 38.50, 11.50, 48.324623, 2.00, 0.03, 0.00, 23.00, 25.32462, 0.00 
 
50.00, 38.50, 11.50, 48.452271, 2.00, 0.03, 0.00, 23.00, 25.45227, 0.00 
 
50.00, 38.50, 11.50, 48.579926, 2.00, 0.03, 0.00, 23.00, 25.57992, 0.00 
 
50.00, 38.50, 11.50, 48.707573, 2.00, 0.03, 0.00, 23.00, 25.70757, 0.00 
 
50.00, 38.50, 11.50, 48.835224, 2.00, 0.03, 0.00, 23.00, 25.83522, 0.00 
 
50.00, 38.50, 11.50, 48.962875, 2.00, 0.03, 0.00, 23.00, 25.96288, 0.00 
 
50.00, 38.50, 11.50, 49.090527, 2.00, 0.03, 0.00, 23.00, 26.09053, 0.00 
 
50.00, 38.50, 11.50, 49.218178, 2.00, 0.03, 0.00, 23.00, 26.21818, 0.00 
 
50.00, 38.50, 11.50, 49.345829, 2.00, 0.03, 0.00, 23.00, 26.34583, 0.00 
 
50.00, 38.00, 12.00, 50.479027, 2.00, 0.03, 0.00, 24.00, 26.47903, 0.00 
 
50.00, 39.00, 11.00, 48.601128, 2.00, 0.03, 0.00, 22.00, 26.60113, -0.00 
 
50.00, 39.00, 11.00, 48.723228, 2.00, 0.03, 0.00, 22.00, 26.72323, 0.00 
 
50.00, 39.00, 11.00, 48.845329, 2.00, 0.03, 0.00, 22.00, 26.84533, 0.00 
 
50.00, 39.00, 11.00, 48.967430, 2.00, 0.03, 0.00, 22.00, 26.96743, 0.00 
 
50.00, 39.00, 11.00, 49.089531, 2.00, 0.03, 0.00, 22.00, 27.08953, 0.00 
 
50.00, 39.00, 11.00, 49.211632, 2.00, 0.03, 0.00, 22.00, 27.21163, 0.00 
 
50.00, 39.00, 11.00, 49.333733, 2.00, 0.03, 0.00, 22.00, 27.33373, 0.00 
 
50.00, 39.00, 11.00, 49.455833, 2.00, 0.03, 0.00, 22.00, 27.45583, 0.00 
 
50.00, 39.00, 11.00, 49.577934, 2.00, 0.03, 0.00, 22.00, 27.57793, 0.00 
 
50.00, 39.00, 11.00, 49.700035, 2.00, 0.03, 0.00, 22.00, 27.70004, 0.00 
 
50.00, 39.00, 11.00, 49.822136, 2.00, 0.03, 0.00, 22.00, 27.82214, 0.00 
 
50.00, 39.00, 11.00, 49.944237, 2.00, 0.03, 0.00, 22.00, 27.94424, 0.00 
 
50.00, 39.50, 10.50, 49.060791, 2.00, 0.03, 0.00, 21.00, 28.06079, -0.00 
 
50.00, 39.50, 10.50, 49.177338, 2.00, 0.03, 0.00, 21.00, 28.17734, 0.00 
 
50.00, 39.50, 10.50, 49.293892, 2.00, 0.03, 0.00, 21.00, 28.29389, 0.00 
 
50.00, 39.50, 10.50, 49.410439, 2.00, 0.03, 0.00, 21.00, 28.41044, 0.00 
 
50.00, 39.50, 10.50, 49.526993, 2.00, 0.03, 0.00, 21.00, 28.52699, 0.00 
 
50.00, 39.50, 10.50, 49.643539, 2.00, 0.03, 0.00, 21.00, 28.64354, 0.00 
 
50.00, 39.50, 10.50, 49.760094, 2.00, 0.03, 0.00, 21.00, 28.76009, 0.00 
 
50.00, 39.50, 10.50, 49.876644, 2.00, 0.03, 0.00, 21.00, 28.87664, 0.00 
 
50.00, 39.50, 10.50, 49.993195, 2.00, 0.03, 0.00, 21.00, 28.99319, 0.00 
 
50.00, 39.50, 10.50, 50.109745, 2.00, 0.03, 0.00, 21.00, 29.10975, 0.00 
 
50.00, 39.50, 10.50, 50.226295, 2.00, 0.03, 0.00, 21.00, 29.22630, 0.00 
 
50.00, 39.50, 10.50, 50.342846, 2.00, 0.03, 0.00, 21.00, 29.34285, 0.00 
 
50.00, 39.00, 11.00, 51.464947, 2.00, 0.03, 0.00, 22.00, 29.46495, 0.00 
 
50.00, 40.50, 9.50, 48.570396, 2.00, 0.03, 0.00, 19.00, 29.57040, -0.00 
 
50.00, 39.00, 11.00, 51.692497, 2.00, 0.03, 0.00, 22.00, 29.69250, 0.00 
 
50.00, 40.00, 10.00, 49.803497, 2.00, 0.03, 0.00, 20.00, 29.80350, -0.00 
 
50.00, 40.00, 10.00, 49.914497, 2.00, 0.03, 0.00, 20.00, 29.91450, 0.00 
 
50.00, 40.00, 10.00, 50.025497, 2.00, 0.03, 0.00, 20.00, 30.02550, 0.00 
 
50.00, 40.00, 10.00, 50.136501, 2.00, 0.03, 0.00, 20.00, 30.13650, 0.00 
 
50.00, 40.00, 10.00, 50.247501, 2.00, 0.03, 0.00, 20.00, 30.24750, 0.00 
 
50.00, 40.00, 10.00, 50.358501, 2.00, 0.03, 0.00, 20.00, 30.35850, 0.00 
 
50.00, 40.50, 9.50, 49.463951, 2.00, 0.03, 0.00, 19.00, 30.46395, -0.00 
 
50.00, 40.50, 9.50, 49.569405, 2.00, 0.03, 0.00, 19.00, 30.56940, 0.00 
 
50.00, 40.50, 9.50, 49.674850, 2.00, 0.03, 0.00, 19.00, 30.67485, 0.00 
 
50.00, 40.50, 9.50, 49.780304, 2.00, 0.03, 0.00, 19.00, 30.78030, 0.00 
 
50.00, 40.50, 9.50, 49.885754, 2.00, 0.03, 0.00, 19.00, 30.88575, 0.00 
 
50.00, 40.50, 9.50, 49.991203, 2.00, 0.03, 0.00, 19.00, 30.99121, 0.00 
 
50.00, 40.50, 9.50, 50.096657, 2.00, 0.03, 0.00, 19.00, 31.09665, 0.00 
 
50.00, 40.50, 9.50, 50.202103, 2.00, 0.03, 0.00, 19.00, 31.20210, 0.00 
 
50.00, 40.50, 9.50, 50.307556, 2.00, 0.03, 0.00, 19.00, 31.30756, 0.00 
 
50.00, 40.50, 9.50, 50.413006, 2.00, 0.03, 0.00, 19.00, 31.41301, 0.00 
 
50.00, 40.50, 9.50, 50.518456, 2.00, 0.03, 0.00, 19.00, 31.51846, 0.00 
 
50.00, 40.50, 9.50, 50.623909, 2.00, 0.03, 0.00, 19.00, 31.62391, 0.00 
 
50.00, 40.50, 9.50, 50.729355, 2.00, 0.03, 0.00, 19.00, 31.72936, 0.00 
 
50.00, 40.50, 9.50, 50.834808, 2.00, 0.03, 0.00, 19.00, 31.83481, 0.00 
 
50.00, 40.00, 10.00, 51.945808, 2.00, 0.03, 0.00, 20.00, 31.94581, 0.00 
 
50.00, 41.50, 8.50, 49.040157, 2.00, 0.03, 0.00, 17.00, 32.04016, -0.00 
 
50.00, 40.00, 10.00, 52.151161, 2.00, 0.03, 0.00, 20.00, 32.15116, 0.00 
 
50.00, 41.00, 9.00, 50.251060, 2.00, 0.03, 0.00, 18.00, 32.25106, -0.00 
 
50.00, 41.00, 9.00, 50.350960, 2.00, 0.03, 0.00, 18.00, 32.35096, 0.00 
 
50.00, 41.00, 9.00, 50.450859, 2.00, 0.03, 0.00, 18.00, 32.45086, 0.00 
 
50.00, 41.00, 9.00, 50.550762, 2.00, 0.03, 0.00, 18.00, 32.55076, 0.00 
 
50.00, 41.00, 9.00, 50.650661, 2.00, 0.03, 0.00, 18.00, 32.65066, 0.00 
 
50.00, 41.00, 9.00, 50.750561, 2.00, 0.03, 0.00, 18.00, 32.75056, 0.00 
 
50.00, 41.00, 9.00, 50.850460, 2.00, 0.03, 0.00, 18.00, 32.85046, 0.00 
 
50.00, 41.00, 9.00, 50.950363, 2.00, 0.03, 0.00, 18.00, 32.95036, 0.00 
 
50.00, 41.00, 9.00, 51.050262, 2.00, 0.03, 0.00, 18.00, 33.05026, 0.00 
 
50.00, 41.00, 9.00, 51.150162, 2.00, 0.03, 0.00, 18.00, 33.15016, 0.00 
 
50.00, 41.00, 9.00, 51.250061, 2.00, 0.03, 0.00, 18.00, 33.25006, 0.00 
 
50.00, 41.00, 9.00, 51.349964, 2.00, 0.03, 0.00, 18.00, 33.34996, 0.00 
 
50.00, 41.00, 9.00, 51.449863, 2.00, 0.03, 0.00, 18.00, 33.44986, 0.00 
 
50.00, 41.00, 9.00, 51.549763, 2.00, 0.03, 0.00, 18.00, 33.54976, 0.00 
 
50.00, 41.00, 9.00, 51.649666, 2.00, 0.03, 0.00, 18.00, 33.64967, 0.00 
 
50.00, 41.00, 9.00, 51.749565, 2.00, 0.03, 0.00, 18.00, 33.74957, 0.00 
 
50.00, 41.50, 8.50, 50.843914, 2.00, 0.03, 0.00, 17.00, 33.84391, -0.00 
 
50.00, 41.50, 8.50, 50.938263, 2.00, 0.03, 0.00, 17.00, 33.93826, 0.00 
 
50.00, 41.50, 8.50, 51.032616, 2.00, 0.03, 0.00, 17.00, 34.03262, 0.00 
 
50.00, 41.50, 8.50, 51.126965, 2.00, 0.03, 0.00, 17.00, 34.12696, 0.00 
 
50.00, 41.50, 8.50, 51.221313, 2.00, 0.03, 0.00, 17.00, 34.22131, 0.00 
 
50.00, 41.50, 8.50, 51.315662, 2.00, 0.03, 0.00, 17.00, 34.31566, 0.00 
 
50.00, 41.50, 8.50, 51.410011, 2.00, 0.03, 0.00, 17.00, 34.41001, 0.00 
 
50.00, 41.50, 8.50, 51.504360, 2.00, 0.03, 0.00, 17.00, 34.50436, 0.00 
 
50.00, 41.50, 8.50, 51.598709, 2.00, 0.03, 0.00, 17.00, 34.59871, 0.00 
 
50.00, 41.50, 8.50, 51.693054, 2.00, 0.03, 0.00, 17.00, 34.69305, 0.00 
 
50.00, 41.50, 8.50, 51.787403, 2.00, 0.03, 0.00, 17.00, 34.78740, 0.00 
 
50.00, 41.50, 8.50, 51.881752, 2.00, 0.03, 0.00, 17.00, 34.88175, 0.00 
 
50.00, 41.50, 8.50, 51.976101, 2.00, 0.03, 0.00, 17.00, 34.97610, 0.00 
 
50.00, 41.50, 8.50, 52.070450, 2.00, 0.03, 0.00, 17.00, 35.07045, 0.00 
 
50.00, 41.50, 8.50, 52.164795, 2.00, 0.03, 0.00, 17.00, 35.16479, 0.00 
 
50.00, 41.50, 8.50, 52.259144, 2.00, 0.03, 0.00, 17.00, 35.25914, 0.00 
 
50.00, 41.00, 9.00, 53.359043, 2.00, 0.03, 0.00, 18.00, 35.35904, 0.00 
 
50.00, 42.50, 7.50, 50.442295, 2.00, 0.03, 0.00, 15.00, 35.44230, -0.00 
 
50.00, 41.50, 8.50, 52.536644, 2.00, 0.03, 0.00, 17.00, 35.53664, 0.00 
 
50.00, 41.00, 9.00, 53.636543, 2.00, 0.03, 0.00, 18.00, 35.63654, 0.00 
 
50.00, 42.00, 8.00, 51.725338, 2.00, 0.03, 0.00, 16.00, 35.72534, -0.00 
 
50.00, 42.00, 8.00, 51.814137, 2.00, 0.03, 0.00, 16.00, 35.81414, 0.00 
 
50.00, 42.00, 8.00, 51.902935, 2.00, 0.03, 0.00, 16.00, 35.90294, 0.00 
 
50.00, 42.00, 8.00, 51.991734, 2.00, 0.03, 0.00, 16.00, 35.99173, 0.00 
 
50.00, 42.00, 8.00, 52.080532, 2.00, 0.03, 0.00, 16.00, 36.08053, 0.00 
 
50.00, 42.00, 8.00, 52.169331, 2.00, 0.03, 0.00, 16.00, 36.16933, 0.00 
 
50.00, 42.00, 8.00, 52.258129, 2.00, 0.03, 0.00, 16.00, 36.25813, 0.00 
 
50.00, 42.00, 8.00, 52.346924, 2.00, 0.03, 0.00, 16.00, 36.34692, 0.00 
 
50.00, 42.00, 8.00, 52.435722, 2.00, 0.03, 0.00, 16.00, 36.43572, 0.00 
 
50.00, 42.50, 7.50, 51.518974, 2.00, 0.03, 0.00, 15.00, 36.51897, -0.00 
 
50.00, 42.00, 8.00, 52.607773, 2.00, 0.03, 0.00, 16.00, 36.60777, 0.00 
 
50.00, 42.00, 8.00, 52.696571, 2.00, 0.03, 0.00, 16.00, 36.69657, 0.00 
 
50.00, 42.50, 7.50, 51.779823, 2.00, 0.03, 0.00, 15.00, 36.77982, -0.00 
 
50.00, 42.00, 8.00, 52.868622, 2.00, 0.03, 0.00, 16.00, 36.86862, 0.00 
 
50.00, 42.50, 7.50, 51.951874, 2.00, 0.03, 0.00, 15.00, 36.95187, -0.00 
 
50.00, 42.50, 7.50, 52.035126, 2.00, 0.03, 0.00, 15.00, 37.03513, 0.00 
 
50.00, 42.50, 7.50, 52.118378, 2.00, 0.03, 0.00, 15.00, 37.11838, 0.00 
 
50.00, 42.50, 7.50, 52.201630, 2.00, 0.03, 0.00, 15.00, 37.20163, 0.00 
 
50.00, 42.50, 7.50, 52.284882, 2.00, 0.03, 0.00, 15.00, 37.28488, 0.00 
 
50.00, 42.50, 7.50, 52.368134, 2.00, 0.03, 0.00, 15.00, 37.36813, 0.00 
 
50.00, 42.50, 7.50, 52.451385, 2.00, 0.03, 0.00, 15.00, 37.45139, 0.00 
 
50.00, 42.50, 7.50, 52.534637, 2.00, 0.03, 0.00, 15.00, 37.53464, 0.00 
 
50.00, 42.50, 7.50, 52.617889, 2.00, 0.03, 0.00, 15.00, 37.61789, 0.00 
 
50.00, 42.50, 7.50, 52.701141, 2.00, 0.03, 0.00, 15.00, 37.70114, 0.00 
 
50.00, 42.00, 8.00, 53.789940, 2.00, 0.03, 0.00, 16.00, 37.78994, 0.00 
 
50.00, 43.50, 6.50, 50.862091, 2.00, 0.03, 0.00, 13.00, 37.86209, -0.00 
 
50.00, 42.00, 8.00, 53.950890, 2.00, 0.03, 0.00, 16.00, 37.95089, 0.00 
 
50.00, 43.50, 6.50, 51.023041, 2.00, 0.03, 0.00, 13.00, 38.02304, -0.00 
 
50.00, 42.50, 7.50, 53.106293, 2.00, 0.03, 0.00, 15.00, 38.10629, 0.00 
 
50.00, 42.00, 8.00, 54.195091, 2.00, 0.03, 0.00, 16.00, 38.19509, 0.00 
 
50.00, 43.00, 7.00, 52.272793, 2.00, 0.03, 0.00, 14.00, 38.27279, -0.00 
 
50.00, 43.00, 7.00, 52.350494, 2.00, 0.03, 0.00, 14.00, 38.35049, 0.00 
 
50.00, 43.00, 7.00, 52.428196, 2.00, 0.03, 0.00, 14.00, 38.42820, 0.00 
 
50.00, 43.00, 7.00, 52.505898, 2.00, 0.03, 0.00, 14.00, 38.50590, 0.00 
 
50.00, 43.00, 7.00, 52.583599, 2.00, 0.03, 0.00, 14.00, 38.58360, 0.00 
 
50.00, 43.00, 7.00, 52.661301, 2.00, 0.03, 0.00, 14.00, 38.66130, 0.00 
 
50.00, 43.00, 7.00, 52.739002, 2.00, 0.03, 0.00, 14.00, 38.73900, 0.00 
 
50.00, 43.00, 7.00, 52.816704, 2.00, 0.03, 0.00, 14.00, 38.81670, 0.00 
 
50.00, 43.00, 7.00, 52.894405, 2.00, 0.03, 0.00, 14.00, 38.89441, 0.00 
 
50.00, 43.00, 7.00, 52.972111, 2.00, 0.03, 0.00, 14.00, 38.97211, 0.00 
 
50.00, 43.00, 7.00, 53.049812, 2.00, 0.03, 0.00, 14.00, 39.04981, 0.00 
 
50.00, 43.00, 7.00, 53.127514, 2.00, 0.03, 0.00, 14.00, 39.12751, 0.00 
 
50.00, 43.00, 7.00, 53.205215, 2.00, 0.03, 0.00, 14.00, 39.20522, 0.00 
 
50.00, 43.00, 7.00, 53.282917, 2.00, 0.03, 0.00, 14.00, 39.28292, 0.00 
 
50.00, 43.00, 7.00, 53.360619, 2.00, 0.03, 0.00, 14.00, 39.36062, 0.00 
 
50.00, 43.00, 7.00, 53.438320, 2.00, 0.03, 0.00, 14.00, 39.43832, 0.00 
 
50.00, 43.50, 6.50, 52.510471, 2.00, 0.03, 0.00, 13.00, 39.51047, -0.00 
 
50.00, 43.00, 7.00, 53.588173, 2.00, 0.03, 0.00, 14.00, 39.58817, 0.00 
 
50.00, 43.50, 6.50, 52.660324, 2.00, 0.03, 0.00, 13.00, 39.66032, -0.00 
 
50.00, 43.50, 6.50, 52.732475, 2.00, 0.03, 0.00, 13.00, 39.73248, 0.00 
 
50.00, 43.50, 6.50, 52.804630, 2.00, 0.03, 0.00, 13.00, 39.80463, 0.00 
 
50.00, 43.50, 6.50, 52.876781, 2.00, 0.03, 0.00, 13.00, 39.87678, 0.00 
 
50.00, 43.50, 6.50, 52.948933, 2.00, 0.03, 0.00, 13.00, 39.94893, 0.00 
 
50.00, 43.50, 6.50, 53.021084, 2.00, 0.03, 0.00, 13.00, 40.02108, 0.00 
 
50.00, 43.50, 6.50, 53.093235, 2.00, 0.03, 0.00, 13.00, 40.09324, 0.00 
 
50.00, 43.50, 6.50, 53.165386, 2.00, 0.03, 0.00, 13.00, 40.16539, 0.00 
 
50.00, 43.50, 6.50, 53.237537, 2.00, 0.03, 0.00, 13.00, 40.23754, 0.00 
 
50.00, 43.50, 6.50, 53.309689, 2.00, 0.03, 0.00, 13.00, 40.30969, 0.00 
 
50.00, 43.50, 6.50, 53.381844, 2.00, 0.03, 0.00, 13.00, 40.38184, 0.00 
 
50.00, 43.50, 6.50, 53.453995, 2.00, 0.03, 0.00, 13.00, 40.45399, 0.00 
 
50.00, 43.50, 6.50, 53.526146, 2.00, 0.03, 0.00, 13.00, 40.52615, 0.00 
 
50.00, 43.50, 6.50, 53.598297, 2.00, 0.03, 0.00, 13.00, 40.59830, 0.00 
 
50.00, 43.50, 6.50, 53.670448, 2.00, 0.03, 0.00, 13.00, 40.67045, 0.00 
 
50.00, 43.50, 6.50, 53.742599, 2.00, 0.03, 0.00, 13.00, 40.74260, 0.00 
 
50.00, 43.50, 6.50, 53.814751, 2.00, 0.03, 0.00, 13.00, 40.81475, 0.00 
 
50.00, 43.50, 6.50, 53.886906, 2.00, 0.03, 0.00, 13.00, 40.88691, 0.00 
 
50.00, 43.50, 6.50, 53.959057, 2.00, 0.03, 0.00, 13.00, 40.95906, 0.00 
 
50.00, 43.00, 7.00, 55.036758, 2.00, 0.03, 0.00, 14.00, 41.03676, 0.00 
 
50.00, 44.50, 5.50, 52.097809, 2.00, 0.03, 0.00, 11.00, 41.09781, -0.00 
 
50.00, 43.00, 7.00, 55.175510, 2.00, 0.03, 0.00, 14.00, 41.17551, 0.00 
 
50.00, 44.00, 6.00, 53.242111, 2.00, 0.03, 0.00, 12.00, 41.24211, -0.00 
 
50.00, 44.00, 6.00, 53.308712, 2.00, 0.03, 0.00, 12.00, 41.30871, 0.00 
 
50.00, 44.00, 6.00, 53.375317, 2.00, 0.03, 0.00, 12.00, 41.37532, 0.00 
 
50.00, 44.00, 6.00, 53.441917, 2.00, 0.03, 0.00, 12.00, 41.44192, 0.00 
 
50.00, 44.00, 6.00, 53.508518, 2.00, 0.03, 0.00, 12.00, 41.50852, 0.00 
 
50.00, 44.00, 6.00, 53.575119, 2.00, 0.03, 0.00, 12.00, 41.57512, 0.00 
 
50.00, 44.00, 6.00, 53.641724, 2.00, 0.03, 0.00, 12.00, 41.64172, 0.00 
 
50.00, 44.00, 6.00, 53.708324, 2.00, 0.03, 0.00, 12.00, 41.70832, 0.00 
 
50.00, 44.00, 6.00, 53.774925, 2.00, 0.03, 0.00, 12.00, 41.77493, 0.00 
 
50.00, 44.00, 6.00, 53.841526, 2.00, 0.03, 0.00, 12.00, 41.84153, 0.00 
 
50.00, 44.00, 6.00, 53.908127, 2.00, 0.03, 0.00, 12.00, 41.90813, 0.00 
 
50.00, 44.00, 6.00, 53.974731, 2.00, 0.03, 0.00, 12.00, 41.97473, 0.00 
 
50.00, 44.00, 6.00, 54.041332, 2.00, 0.03, 0.00, 12.00, 42.04133, 0.00 
 
50.00, 44.00, 6.00, 54.107933, 2.00, 0.03, 0.00, 12.00, 42.10793, 0.00 
 
50.00, 44.00, 6.00, 54.174534, 2.00, 0.03, 0.00, 12.00, 42.17453, 0.00 
 
50.00, 44.00, 6.00, 54.241135, 2.00, 0.03, 0.00, 12.00, 42.24113, 0.00 
 
50.00, 44.00, 6.00, 54.307739, 2.00, 0.03, 0.00, 12.00, 42.30774, 0.00 
 
50.00, 44.00, 6.00, 54.374340, 2.00, 0.03, 0.00, 12.00, 42.37434, 0.00 
 
50.00, 44.00, 6.00, 54.440941, 2.00, 0.03, 0.00, 12.00, 42.44094, 0.00 
 
50.00, 44.00, 6.00, 54.507542, 2.00, 0.03, 0.00, 12.00, 42.50754, 0.00 
 
50.00, 44.50, 5.50, 53.568592, 2.00, 0.03, 0.00, 11.00, 42.56859, -0.00 
 
50.00, 44.50, 5.50, 53.629646, 2.00, 0.03, 0.00, 11.00, 42.62965, 0.00 
 
50.00, 44.50, 5.50, 53.690697, 2.00, 0.03, 0.00, 11.00, 42.69070, 0.00 
 
50.00, 44.50, 5.50, 53.751747, 2.00, 0.03, 0.00, 11.00, 42.75175, 0.00 
 
50.00, 44.50, 5.50, 53.812798, 2.00, 0.03, 0.00, 11.00, 42.81280, 0.00 
 
50.00, 44.50, 5.50, 53.873852, 2.00, 0.03, 0.00, 11.00, 42.87385, 0.00 
 
50.00, 44.50, 5.50, 53.934902, 2.00, 0.03, 0.00, 11.00, 42.93490, 0.00 
 
50.00, 44.50, 5.50, 53.995953, 2.00, 0.03, 0.00, 11.00, 42.99595, 0.00 
 
50.00, 44.50, 5.50, 54.057007, 2.00, 0.03, 0.00, 11.00, 43.05701, 0.00 
 
50.00, 44.50, 5.50, 54.118057, 2.00, 0.03, 0.00, 11.00, 43.11806, 0.00 
 
50.00, 44.50, 5.50, 54.179108, 2.00, 0.03, 0.00, 11.00, 43.17911, 0.00 
 
50.00, 44.50, 5.50, 54.240158, 2.00, 0.03, 0.00, 11.00, 43.24016, 0.00 
 
50.00, 44.50, 5.50, 54.301212, 2.00, 0.03, 0.00, 11.00, 43.30121, 0.00 
 
50.00, 44.50, 5.50, 54.362263, 2.00, 0.03, 0.00, 11.00, 43.36226, 0.00 
 
50.00, 44.50, 5.50, 54.423313, 2.00, 0.03, 0.00, 11.00, 43.42331, 0.00 
 
50.00, 44.50, 5.50, 54.484364, 2.00, 0.03, 0.00, 11.00, 43.48436, 0.00 
 
50.00, 44.50, 5.50, 54.545418, 2.00, 0.03, 0.00, 11.00, 43.54542, 0.00 
 
50.00, 44.50, 5.50, 54.606468, 2.00, 0.03, 0.00, 11.00, 43.60647, 0.00 
 
50.00, 44.50, 5.50, 54.667519, 2.00, 0.03, 0.00, 11.00, 43.66752, 0.00 
 
50.00, 44.50, 5.50, 54.728569, 2.00, 0.03, 0.00, 11.00, 43.72857, 0.00 
 
50.00, 44.50, 5.50, 54.789623, 2.00, 0.03, 0.00, 11.00, 43.78962, 0.00 
 
50.00, 44.00, 6.00, 55.856224, 2.00, 0.03, 0.00, 12.00, 43.85622, 0.00 
 
50.00, 45.00, 5.00, 53.911724, 2.00, 0.03, 0.00, 10.00, 43.91172, -0.00 
 
50.00, 45.50, 4.50, 52.961678, 2.00, 0.03, 0.00, 9.00, 43.96168, -0.00 
 
50.00, 44.00, 6.00, 56.028278, 2.00, 0.03, 0.00, 12.00, 44.02828, 0.00 
 
50.00, 45.00, 5.00, 54.083778, 2.00, 0.03, 0.00, 10.00, 44.08378, -0.00 
 
50.00, 45.00, 5.00, 54.139282, 2.00, 0.03, 0.00, 10.00, 44.13928, 0.00 
 
50.00, 45.00, 5.00, 54.194782, 2.00, 0.03, 0.00, 10.00, 44.19478, 0.00 
 
50.00, 45.00, 5.00, 54.250282, 2.00, 0.03, 0.00, 10.00, 44.25028, 0.00 
 
50.00, 45.00, 5.00, 54.305786, 2.00, 0.03, 0.00, 10.00, 44.30579, 0.00 
 
50.00, 45.00, 5.00, 54.361286, 2.00, 0.03, 0.00, 10.00, 44.36129, 0.00 
 
50.00, 45.00, 5.00, 54.416786, 2.00, 0.03, 0.00, 10.00, 44.41679, 0.00 
 
50.00, 45.00, 5.00, 54.472290, 2.00, 0.03, 0.00, 10.00, 44.47229, 0.00 
 
50.00, 45.00, 5.00, 54.527790, 2.00, 0.03, 0.00, 10.00, 44.52779, 0.00 
 
50.00, 45.00, 5.00, 54.583290, 2.00, 0.03, 0.00, 10.00, 44.58329, 0.00 
 
50.00, 45.00, 5.00, 54.638794, 2.00, 0.03, 0.00, 10.00, 44.63879, 0.00 
 
50.00, 45.00, 5.00, 54.694294, 2.00, 0.03, 0.00, 10.00, 44.69429, 0.00 
 
50.00, 45.00, 5.00, 54.749794, 2.00, 0.03, 0.00, 10.00, 44.74979, 0.00 
 
50.00, 45.00, 5.00, 54.805298, 2.00, 0.03, 0.00, 10.00, 44.80530, 0.00 
 
50.00, 45.00, 5.00, 54.860798, 2.00, 0.03, 0.00, 10.00, 44.86080, 0.00 
 
50.00, 45.00, 5.00, 54.916298, 2.00, 0.03, 0.00, 10.00, 44.91630, 0.00 
 
50.00, 45.00, 5.00, 54.971802, 2.00, 0.03, 0.00, 10.00, 44.97180, 0.00 
 
50.00, 45.00, 5.00, 55.027302, 2.00, 0.03, 0.00, 10.00, 45.02730, 0.00 
 
50.00, 45.00, 5.00, 55.082802, 2.00, 0.03, 0.00, 10.00, 45.08280, 0.00 
 
50.00, 45.00, 5.00, 55.138306, 2.00, 0.03, 0.00, 10.00, 45.13831, 0.00 
 
50.00, 45.00, 5.00, 55.193806, 2.00, 0.03, 0.00, 10.00, 45.19381, 0.00 
 
50.00, 45.00, 5.00, 55.249306, 2.00, 0.03, 0.00, 10.00, 45.24931, 0.00 
 
50.00, 45.00, 5.00, 55.304810, 2.00, 0.03, 0.00, 10.00, 45.30481, 0.00 
 
50.00, 45.50, 4.50, 54.354759, 2.00, 0.03, 0.00, 9.00, 45.35476, -0.00 
 
50.00, 45.00, 5.00, 55.410259, 2.00, 0.03, 0.00, 10.00, 45.41026, 0.00 
 
50.00, 45.50, 4.50, 54.460213, 2.00, 0.03, 0.00, 9.00, 45.46021, -0.00 
 
50.00, 45.50, 4.50, 54.510162, 2.00, 0.03, 0.00, 9.00, 45.51016, 0.00 
 
50.00, 45.50, 4.50, 54.560112, 2.00, 0.03, 0.00, 9.00, 45.56011, 0.00 
 
50.00, 45.50, 4.50, 54.610065, 2.00, 0.03, 0.00, 9.00, 45.61007, 0.00 
 
50.00, 45.50, 4.50, 54.660015, 2.00, 0.03, 0.00, 9.00, 45.66002, 0.00 
 
50.00, 45.50, 4.50, 54.709969, 2.00, 0.03, 0.00, 9.00, 45.70997, 0.00 
 
50.00, 45.50, 4.50, 54.759918, 2.00, 0.03, 0.00, 9.00, 45.75992, 0.00 
 
50.00, 45.50, 4.50, 54.809868, 2.00, 0.03, 0.00, 9.00, 45.80987, 0.00 
 
50.00, 45.50, 4.50, 54.859821, 2.00, 0.03, 0.00, 9.00, 45.85982, 0.00 
 
50.00, 45.50, 4.50, 54.909771, 2.00, 0.03, 0.00, 9.00, 45.90977, 0.00 
 
50.00, 45.50, 4.50, 54.959724, 2.00, 0.03, 0.00, 9.00, 45.95972, 0.00 
 
50.00, 45.50, 4.50, 55.009674, 2.00, 0.03, 0.00, 9.00, 46.00967, 0.00 
 
50.00, 45.50, 4.50, 55.059624, 2.00, 0.03, 0.00, 9.00, 46.05962, 0.00 
 
50.00, 45.50, 4.50, 55.109577, 2.00, 0.03, 0.00, 9.00, 46.10958, 0.00 
 
50.00, 45.50, 4.50, 55.159527, 2.00, 0.03, 0.00, 9.00, 46.15953, 0.00 
 
50.00, 45.50, 4.50, 55.209480, 2.00, 0.03, 0.00, 9.00, 46.20948, 0.00 
 
50.00, 45.50, 4.50, 55.259430, 2.00, 0.03, 0.00, 9.00, 46.25943, 0.00 
 
50.00, 45.50, 4.50, 55.309380, 2.00, 0.03, 0.00, 9.00, 46.30938, 0.00 
 
50.00, 45.50, 4.50, 55.359333, 2.00, 0.03, 0.00, 9.00, 46.35933, 0.00 
 
50.00, 45.50, 4.50, 55.409283, 2.00, 0.03, 0.00, 9.00, 46.40928, 0.00 
 
50.00, 45.50, 4.50, 55.459236, 2.00, 0.03, 0.00, 9.00, 46.45924, 0.00 
 
50.00, 45.50, 4.50, 55.509186, 2.00, 0.03, 0.00, 9.00, 46.50919, 0.00 
 
50.00, 45.50, 4.50, 55.559139, 2.00, 0.03, 0.00, 9.00, 46.55914, 0.00 
 
50.00, 45.50, 4.50, 55.609089, 2.00, 0.03, 0.00, 9.00, 46.60909, 0.00 
 
50.00, 45.50, 4.50, 55.659039, 2.00, 0.03, 0.00, 9.00, 46.65904, 0.00 
 
50.00, 45.50, 4.50, 55.708992, 2.00, 0.03, 0.00, 9.00, 46.70899, 0.00 
 
50.00, 45.50, 4.50, 55.758942, 2.00, 0.03, 0.00, 9.00, 46.75894, 0.00 
 
50.00, 45.00, 5.00, 56.814442, 2.00, 0.03, 0.00, 10.00, 46.81444, 0.00 
 
50.00, 46.00, 4.00, 54.858845, 2.00, 0.03, 0.00, 8.00, 46.85884, -0.00 
 
50.00, 46.50, 3.50, 53.897694, 2.00, 0.03, 0.00, 7.00, 46.89769, -0.00 
 
50.00, 45.50, 4.50, 55.947647, 2.00, 0.03, 0.00, 9.00, 46.94765, 0.00 
 
50.00, 45.00, 5.00, 57.003147, 2.00, 0.03, 0.00, 10.00, 47.00315, 0.00 
 
50.00, 46.00, 4.00, 55.047550, 2.00, 0.03, 0.00, 8.00, 47.04755, -0.00 
 
50.00, 46.00, 4.00, 55.091949, 2.00, 0.03, 0.00, 8.00, 47.09195, 0.00 
 
50.00, 46.00, 4.00, 55.136353, 2.00, 0.03, 0.00, 8.00, 47.13635, 0.00 
 
50.00, 46.00, 4.00, 55.180752, 2.00, 0.03, 0.00, 8.00, 47.18075, 0.00 
 
50.00, 46.00, 4.00, 55.225155, 2.00, 0.03, 0.00, 8.00, 47.22515, 0.00 
 
50.00, 46.00, 4.00, 55.269554, 2.00, 0.03, 0.00, 8.00, 47.26955, 0.00 
 
50.00, 46.00, 4.00, 55.313953, 2.00, 0.03, 0.00, 8.00, 47.31395, 0.00 
 
50.00, 46.00, 4.00, 55.358356, 2.00, 0.03, 0.00, 8.00, 47.35836, 0.00 
 
50.00, 46.00, 4.00, 55.402756, 2.00, 0.03, 0.00, 8.00, 47.40276, 0.00 
 
50.00, 46.00, 4.00, 55.447159, 2.00, 0.03, 0.00, 8.00, 47.44716, 0.00 
 
50.00, 46.00, 4.00, 55.491558, 2.00, 0.03, 0.00, 8.00, 47.49156, 0.00 
 
50.00, 46.00, 4.00, 55.535961, 2.00, 0.03, 0.00, 8.00, 47.53596, 0.00 
 
50.00, 46.00, 4.00, 55.580360, 2.00, 0.03, 0.00, 8.00, 47.58036, 0.00 
 
50.00, 46.00, 4.00, 55.624763, 2.00, 0.03, 0.00, 8.00, 47.62476, 0.00 
 
50.00, 46.00, 4.00, 55.669163, 2.00, 0.03, 0.00, 8.00, 47.66916, 0.00 
 
50.00, 46.00, 4.00, 55.713566, 2.00, 0.03, 0.00, 8.00, 47.71357, 0.00 
 
50.00, 46.00, 4.00, 55.757965, 2.00, 0.03, 0.00, 8.00, 47.75797, 0.00 
 
50.00, 46.00, 4.00, 55.802368, 2.00, 0.03, 0.00, 8.00, 47.80237, 0.00 
 
50.00, 46.00, 4.00, 55.846767, 2.00, 0.03, 0.00, 8.00, 47.84677, 0.00 
 
50.00, 46.00, 4.00, 55.891171, 2.00, 0.03, 0.00, 8.00, 47.89117, 0.00 
 
50.00, 46.00, 4.00, 55.935570, 2.00, 0.03, 0.00, 8.00, 47.93557, 0.00 
 
50.00, 46.50, 3.50, 54.974422, 2.00, 0.03, 0.00, 7.00, 47.97442, -0.00 
 
50.00, 46.50, 3.50, 55.013271, 2.00, 0.03, 0.00, 7.00, 48.01327, 0.00 
 
50.00, 46.50, 3.50, 55.052124, 2.00, 0.03, 0.00, 7.00, 48.05212, 0.00 
 
50.00, 46.00, 4.00, 56.096523, 2.00, 0.03, 0.00, 8.00, 48.09652, 0.00 
 
50.00, 46.00, 4.00, 56.140926, 2.00, 0.03, 0.00, 8.00, 48.14093, 0.00 
 
50.00, 46.50, 3.50, 55.179775, 2.00, 0.03, 0.00, 7.00, 48.17978, -0.00 
 
50.00, 46.50, 3.50, 55.218628, 2.00, 0.03, 0.00, 7.00, 48.21863, 0.00 
 
50.00, 46.50, 3.50, 55.257477, 2.00, 0.03, 0.00, 7.00, 48.25748, 0.00 
 
50.00, 46.50, 3.50, 55.296329, 2.00, 0.03, 0.00, 7.00, 48.29633, 0.00 
 
50.00, 46.50, 3.50, 55.335178, 2.00, 0.03, 0.00, 7.00, 48.33518, 0.00 
 
50.00, 46.50, 3.50, 55.374031, 2.00, 0.03, 0.00, 7.00, 48.37403, 0.00 
 
50.00, 46.50, 3.50, 55.412880, 2.00, 0.03, 0.00, 7.00, 48.41288, 0.00 
 
50.00, 46.50, 3.50, 55.451733, 2.00, 0.03, 0.00, 7.00, 48.45173, 0.00 
 
50.00, 46.50, 3.50, 55.490582, 2.00, 0.03, 0.00, 7.00, 48.49058, 0.00 
 
50.00, 46.50, 3.50, 55.529434, 2.00, 0.03, 0.00, 7.00, 48.52943, 0.00 
 
50.00, 46.50, 3.50, 55.568283, 2.00, 0.03, 0.00, 7.00, 48.56828, 0.00 
 
50.00, 46.50, 3.50, 55.607136, 2.00, 0.03, 0.00, 7.00, 48.60714, 0.00 
 
50.00, 46.50, 3.50, 55.645985, 2.00, 0.03, 0.00, 7.00, 48.64598, 0.00 
 
50.00, 46.50, 3.50, 55.684837, 2.00, 0.03, 0.00, 7.00, 48.68484, 0.00 
 
50.00, 46.50, 3.50, 55.723690, 2.00, 0.03, 0.00, 7.00, 48.72369, 0.00 
 
50.00, 46.50, 3.50, 55.762539, 2.00, 0.03, 0.00, 7.00, 48.76254, 0.00 
 
50.00, 46.50, 3.50, 55.801392, 2.00, 0.03, 0.00, 7.00, 48.80139, 0.00 
 
50.00, 46.50, 3.50, 55.840240, 2.00, 0.03, 0.00, 7.00, 48.84024, 0.00 
 
50.00, 46.50, 3.50, 55.879093, 2.00, 0.03, 0.00, 7.00, 48.87909, 0.00 
 
50.00, 46.50, 3.50, 55.917942, 2.00, 0.03, 0.00, 7.00, 48.91794, 0.00 
 
50.00, 46.50, 3.50, 55.956795, 2.00, 0.03, 0.00, 7.00, 48.95679, 0.00 
 
50.00, 46.50, 3.50, 55.995644, 2.00, 0.03, 0.00, 7.00, 48.99564, 0.00 
 
50.00, 46.50, 3.50, 56.034496, 2.00, 0.03, 0.00, 7.00, 49.03450, 0.00 
 
50.00, 46.50, 3.50, 56.073345, 2.00, 0.03, 0.00, 7.00, 49.07335, 0.00 
 
50.00, 46.50, 3.50, 56.112198, 2.00, 0.03, 0.00, 7.00, 49.11220, 0.00 
 
50.00, 46.50, 3.50, 56.151047, 2.00, 0.03, 0.00, 7.00, 49.15105, 0.00 
 
50.00, 46.50, 3.50, 56.189899, 2.00, 0.03, 0.00, 7.00, 49.18990, 0.00 
 
50.00, 46.50, 3.50, 56.228748, 2.00, 0.03, 0.00, 7.00, 49.22875, 0.00 
 
50.00, 46.50, 3.50, 56.267601, 2.00, 0.03, 0.00, 7.00, 49.26760, 0.00 
 
50.00, 46.50, 3.50, 56.306454, 2.00, 0.03, 0.00, 7.00, 49.30645, 0.00 
 
50.00, 46.50, 3.50, 56.345303, 2.00, 0.03, 0.00, 7.00, 49.34530, 0.00 
 
50.00, 46.50, 3.50, 56.384155, 2.00, 0.03, 0.00, 7.00, 49.38416, 0.00 
 
50.00, 46.00, 4.00, 57.428555, 2.00, 0.03, 0.00, 8.00, 49.42855, 0.00 
 
50.00, 47.50, 2.50, 54.456306, 2.00, 0.03, 0.00, 5.00, 49.45631, -0.00 
 
50.00, 46.50, 3.50, 56.495155, 2.00, 0.03, 0.00, 7.00, 49.49516, 0.00 
 
50.00, 46.50, 3.50, 56.534008, 2.00, 0.03, 0.00, 7.00, 49.53401, 0.00 
 
50.00, 46.50, 3.50, 56.572857, 2.00, 0.03, 0.00, 7.00, 49.57286, 0.00 
 
50.00, 46.50, 3.50, 56.611710, 2.00, 0.03, 0.00, 7.00, 49.61171, 0.00 
 
50.00, 46.50, 3.50, 56.650558, 2.00, 0.03, 0.00, 7.00, 49.65056, 0.00 
 
50.00, 46.00, 4.00, 57.694962, 2.00, 0.03, 0.00, 8.00, 49.69496, 0.00 
 
50.00, 47.00, 3.00, 55.728260, 2.00, 0.03, 0.00, 6.00, 49.72826, -0.00 
 
50.00, 47.00, 3.00, 55.761562, 2.00, 0.03, 0.00, 6.00, 49.76156, 0.00 
 
50.00, 47.00, 3.00, 55.794865, 2.00, 0.03, 0.00, 6.00, 49.79486, 0.00 
 
50.00, 47.00, 3.00, 55.828163, 2.00, 0.03, 0.00, 6.00, 49.82816, 0.00 
 
50.00, 47.00, 3.00, 55.861465, 2.00, 0.03, 0.00, 6.00, 49.86147, 0.00 
 
50.00, 47.00, 3.00, 55.894764, 2.00, 0.03, 0.00, 6.00, 49.89476, 0.00 
 
50.00, 47.00, 3.00, 55.928066, 2.00, 0.03, 0.00, 6.00, 49.92807, 0.00 
 
50.00, 47.00, 3.00, 55.961369, 2.00, 0.03, 0.00, 6.00, 49.96137, 0.00 
 
50.00, 47.00, 3.00, 55.994667, 2.00, 0.03, 0.00, 6.00, 49.99467, 0.00 
 
50.00, 47.00, 3.00, 56.027969, 2.00, 0.03, 0.00, 6.00, 50.02797, 0.00 
 
50.00, 47.00, 3.00, 56.061268, 2.00, 0.03, 0.00, 6.00, 50.06127, 0.00 
 
50.00, 47.00, 3.00, 56.094570, 2.00, 0.03, 0.00, 6.00, 50.09457, 0.00 
 
50.00, 47.00, 3.00, 56.127872, 2.00, 0.03, 0.00, 6.00, 50.12787, 0.00 
 
50.00, 47.00, 3.00, 56.161171, 2.00, 0.03, 0.00, 6.00, 50.16117, 0.00 
 
50.00, 47.00, 3.00, 56.194473, 2.00, 0.03, 0.00, 6.00, 50.19447, 0.00 
 
50.00, 47.00, 3.00, 56.227772, 2.00, 0.03, 0.00, 6.00, 50.22777, 0.00 
 
50.00, 47.00, 3.00, 56.261074, 2.00, 0.03, 0.00, 6.00, 50.26107, 0.00 
 
50.00, 47.00, 3.00, 56.294376, 2.00, 0.03, 0.00, 6.00, 50.29438, 0.00 
 
50.00, 47.00, 3.00, 56.327675, 2.00, 0.03, 0.00, 6.00, 50.32767, 0.00 
 
50.00, 47.00, 3.00, 56.360977, 2.00, 0.03, 0.00, 6.00, 50.36098, 0.00 
 
50.00, 47.00, 3.00, 56.394276, 2.00, 0.03, 0.00, 6.00, 50.39428, 0.00 
 
50.00, 47.00, 3.00, 56.427578, 2.00, 0.03, 0.00, 6.00, 50.42758, 0.00 
 
50.00, 47.00, 3.00, 56.460880, 2.00, 0.03, 0.00, 6.00, 50.46088, 0.00 
 
50.00, 47.00, 3.00, 56.494179, 2.00, 0.03, 0.00, 6.00, 50.49418, 0.00 
 
50.00, 47.00, 3.00, 56.527481, 2.00, 0.03, 0.00, 6.00, 50.52748, 0.00 
 
50.00, 47.50, 2.50, 55.555233, 2.00, 0.03, 0.00, 5.00, 50.55523, -0.00 
 
50.00, 47.00, 3.00, 56.588531, 2.00, 0.03, 0.00, 6.00, 50.58853, 0.00 
 
50.00, 47.00, 3.00, 56.621834, 2.00, 0.03, 0.00, 6.00, 50.62183, 0.00 
 
50.00, 47.00, 3.00, 56.655132, 2.00, 0.03, 0.00, 6.00, 50.65513, 0.00 
 
50.00, 47.50, 2.50, 55.682884, 2.00, 0.03, 0.00, 5.00, 50.68288, -0.00 
 
50.00, 47.50, 2.50, 55.710636, 2.00, 0.03, 0.00, 5.00, 50.71064, 0.00 
 
50.00, 47.50, 2.50, 55.738384, 2.00, 0.03, 0.00, 5.00, 50.73838, 0.00 
 
50.00, 47.00, 3.00, 56.771687, 2.00, 0.03, 0.00, 6.00, 50.77169, 0.00 
 
50.00, 47.50, 2.50, 55.799438, 2.00, 0.03, 0.00, 5.00, 50.79944, -0.00 
 
50.00, 47.50, 2.50, 55.827187, 2.00, 0.03, 0.00, 5.00, 50.82719, 0.00 
 
50.00, 47.50, 2.50, 55.854939, 2.00, 0.03, 0.00, 5.00, 50.85494, 0.00 
 
50.00, 47.50, 2.50, 55.882690, 2.00, 0.03, 0.00, 5.00, 50.88269, 0.00 
 
50.00, 47.50, 2.50, 55.910439, 2.00, 0.03, 0.00, 5.00, 50.91044, 0.00 
 
50.00, 47.50, 2.50, 55.938190, 2.00, 0.03, 0.00, 5.00, 50.93819, 0.00 
 
50.00, 47.50, 2.50, 55.965942, 2.00, 0.03, 0.00, 5.00, 50.96594, 0.00 
 
50.00, 47.50, 2.50, 55.993690, 2.00, 0.03, 0.00, 5.00, 50.99369, 0.00 
 
50.00, 47.50, 2.50, 56.021442, 2.00, 0.03, 0.00, 5.00, 51.02144, 0.00 
 
50.00, 47.50, 2.50, 56.049194, 2.00, 0.03, 0.00, 5.00, 51.04919, 0.00 
 
50.00, 47.50, 2.50, 56.076942, 2.00, 0.03, 0.00, 5.00, 51.07694, 0.00 
 
50.00, 47.50, 2.50, 56.104694, 2.00, 0.03, 0.00, 5.00, 51.10469, 0.00 
 
50.00, 47.50, 2.50, 56.132446, 2.00, 0.03, 0.00, 5.00, 51.13245, 0.00 
 
50.00, 47.50, 2.50, 56.160194, 2.00, 0.03, 0.00, 5.00, 51.16019, 0.00 
 
50.00, 47.50, 2.50, 56.187946, 2.00, 0.03, 0.00, 5.00, 51.18795, 0.00 
 
50.00, 47.50, 2.50, 56.215698, 2.00, 0.03, 0.00, 5.00, 51.21570, 0.00 
 
50.00, 47.50, 2.50, 56.243446, 2.00, 0.03, 0.00, 5.00, 51.24345, 0.00 
 
50.00, 47.50, 2.50, 56.271198, 2.00, 0.03, 0.00, 5.00, 51.27120, 0.00 
 
50.00, 47.50, 2.50, 56.298950, 2.00, 0.03, 0.00, 5.00, 51.29895, 0.00 
 
50.00, 47.50, 2.50, 56.326698, 2.00, 0.03, 0.00, 5.00, 51.32670, 0.00 
 
50.00, 47.50, 2.50, 56.354450, 2.00, 0.03, 0.00, 5.00, 51.35445, 0.00 
 
50.00, 47.50, 2.50, 56.382202, 2.00, 0.03, 0.00, 5.00, 51.38220, 0.00 
 
50.00, 47.50, 2.50, 56.409950, 2.00, 0.03, 0.00, 5.00, 51.40995, 0.00 
 
50.00, 47.00, 3.00, 57.443253, 2.00, 0.03, 0.00, 6.00, 51.44325, 0.00 
 
50.00, 48.50, 1.50, 54.459904, 2.00, 0.03, 0.00, 3.00, 51.45990, -0.00 
 
50.00, 47.50, 2.50, 56.487652, 2.00, 0.03, 0.00, 5.00, 51.48765, 0.00 
 
50.00, 47.50, 2.50, 56.515404, 2.00, 0.03, 0.00, 5.00, 51.51540, 0.00 
 
50.00, 47.50, 2.50, 56.543156, 2.00, 0.03, 0.00, 5.00, 51.54316, 0.00 
 
50.00, 47.50, 2.50, 56.570904, 2.00, 0.03, 0.00, 5.00, 51.57090, 0.00 
 
50.00, 47.50, 2.50, 56.598656, 2.00, 0.03, 0.00, 5.00, 51.59866, 0.00 
 
50.00, 47.50, 2.50, 56.626408, 2.00, 0.03, 0.00, 5.00, 51.62641, 0.00 
 
50.00, 47.50, 2.50, 56.654156, 2.00, 0.03, 0.00, 5.00, 51.65416, 0.00 
 
50.00, 47.50, 2.50, 56.681908, 2.00, 0.03, 0.00, 5.00, 51.68191, 0.00 
 
50.00, 47.50, 2.50, 56.709660, 2.00, 0.03, 0.00, 5.00, 51.70966, 0.00 
 
50.00, 47.50, 2.50, 56.737408, 2.00, 0.03, 0.00, 5.00, 51.73741, 0.00 
 
50.00, 47.50, 2.50, 56.765160, 2.00, 0.03, 0.00, 5.00, 51.76516, 0.00 
 
50.00, 47.00, 3.00, 57.798462, 2.00, 0.03, 0.00, 6.00, 51.79846, 0.00 
 
50.00, 48.00, 2.00, 55.820660, 2.00, 0.03, 0.00, 4.00, 51.82066, -0.00 
 
50.00, 48.50, 1.50, 54.837311, 2.00, 0.03, 0.00, 3.00, 51.83731, -0.00 
 
50.00, 47.00, 3.00, 57.870613, 2.00, 0.03, 0.00, 6.00, 51.87061, 0.00 
 
50.00, 48.00, 2.00, 55.892815, 2.00, 0.03, 0.00, 4.00, 51.89281, -0.00 
 
50.00, 48.00, 2.00, 55.915012, 2.00, 0.03, 0.00, 4.00, 51.91501, 0.00 
 
50.00, 48.50, 1.50, 54.931664, 2.00, 0.03, 0.00, 3.00, 51.93166, -0.00 
 
50.00, 47.50, 2.50, 56.959415, 2.00, 0.03, 0.00, 5.00, 51.95942, 0.00 
 
50.00, 47.00, 3.00, 57.992714, 2.00, 0.03, 0.00, 6.00, 51.99271, 0.00 
 
50.00, 48.00, 2.00, 56.014915, 2.00, 0.03, 0.00, 4.00, 52.01492, -0.00 
 
50.00, 48.00, 2.00, 56.037117, 2.00, 0.03, 0.00, 4.00, 52.03712, 0.00 
 
50.00, 48.00, 2.00, 56.059319, 2.00, 0.03, 0.00, 4.00, 52.05932, 0.00 
 
50.00, 48.00, 2.00, 56.081516, 2.00, 0.03, 0.00, 4.00, 52.08152, 0.00 
 
50.00, 48.00, 2.00, 56.103718, 2.00, 0.03, 0.00, 4.00, 52.10372, 0.00 
 
50.00, 48.00, 2.00, 56.125919, 2.00, 0.03, 0.00, 4.00, 52.12592, 0.00 
 
50.00, 48.00, 2.00, 56.148117, 2.00, 0.03, 0.00, 4.00, 52.14812, 0.00 
 
50.00, 48.00, 2.00, 56.170319, 2.00, 0.03, 0.00, 4.00, 52.17032, 0.00 
 
50.00, 48.00, 2.00, 56.192520, 2.00, 0.03, 0.00, 4.00, 52.19252, 0.00 
 
50.00, 48.00, 2.00, 56.214722, 2.00, 0.03, 0.00, 4.00, 52.21472, 0.00 
 
50.00, 48.00, 2.00, 56.236919, 2.00, 0.03, 0.00, 4.00, 52.23692, 0.00 
 
50.00, 48.00, 2.00, 56.259121, 2.00, 0.03, 0.00, 4.00, 52.25912, 0.00 
 
50.00, 48.00, 2.00, 56.281322, 2.00, 0.03, 0.00, 4.00, 52.28132, 0.00 
 
50.00, 48.00, 2.00, 56.303524, 2.00, 0.03, 0.00, 4.00, 52.30352, 0.00 
 
50.00, 48.00, 2.00, 56.325722, 2.00, 0.03, 0.00, 4.00, 52.32572, 0.00 
 
50.00, 48.00, 2.00, 56.347923, 2.00, 0.03, 0.00, 4.00, 52.34792, 0.00 
 
50.00, 48.00, 2.00, 56.370125, 2.00, 0.03, 0.00, 4.00, 52.37012, 0.00 
 
50.00, 48.00, 2.00, 56.392326, 2.00, 0.03, 0.00, 4.00, 52.39233, 0.00 
 
50.00, 48.00, 2.00, 56.414524, 2.00, 0.03, 0.00, 4.00, 52.41452, 0.00 
 
50.00, 48.00, 2.00, 56.436726, 2.00, 0.03, 0.00, 4.00, 52.43673, 0.00 
 
50.00, 48.00, 2.00, 56.458927, 2.00, 0.03, 0.00, 4.00, 52.45893, 0.00 
 
50.00, 48.00, 2.00, 56.481125, 2.00, 0.03, 0.00, 4.00, 52.48112, 0.00 
 
50.00, 48.00, 2.00, 56.503326, 2.00, 0.03, 0.00, 4.00, 52.50333, 0.00 
 
50.00, 48.00, 2.00, 56.525528, 2.00, 0.03, 0.00, 4.00, 52.52553, 0.00 
 
50.00, 48.00, 2.00, 56.547729, 2.00, 0.03, 0.00, 4.00, 52.54773, 0.00 
 
50.00, 48.00, 2.00, 56.569927, 2.00, 0.03, 0.00, 4.00, 52.56993, 0.00 
 
50.00, 48.00, 2.00, 56.592129, 2.00, 0.03, 0.00, 4.00, 52.59213, 0.00 
 
50.00, 48.00, 2.00, 56.614330, 2.00, 0.03, 0.00, 4.00, 52.61433, 0.00 
 
50.00, 48.00, 2.00, 56.636532, 2.00, 0.03, 0.00, 4.00, 52.63653, 0.00 
 
50.00, 48.00, 2.00, 56.658730, 2.00, 0.03, 0.00, 4.00, 52.65873, 0.00 
 
50.00, 48.00, 2.00, 56.680931, 2.00, 0.03, 0.00, 4.00, 52.68093, 0.00 
 
50.00, 48.00, 2.00, 56.703133, 2.00, 0.03, 0.00, 4.00, 52.70313, 0.00 
 
50.00, 48.00, 2.00, 56.725334, 2.00, 0.03, 0.00, 4.00, 52.72533, 0.00 
 
50.00, 48.50, 1.50, 55.741982, 2.00, 0.03, 0.00, 3.00, 52.74198, -0.00 
 
50.00, 48.00, 2.00, 56.764183, 2.00, 0.03, 0.00, 4.00, 52.76418, 0.00 
 
50.00, 48.00, 2.00, 56.786385, 2.00, 0.03, 0.00, 4.00, 52.78638, 0.00 
 
50.00, 48.00, 2.00, 56.808586, 2.00, 0.03, 0.00, 4.00, 52.80859, 0.00 
 
50.00, 48.00, 2.00, 56.830784, 2.00, 0.03, 0.00, 4.00, 52.83078, 0.00 
 
50.00, 48.00, 2.00, 56.852985, 2.00, 0.03, 0.00, 4.00, 52.85299, 0.00 
 
50.00, 48.00, 2.00, 56.875187, 2.00, 0.03, 0.00, 4.00, 52.87519, 0.00 
 
50.00, 48.50, 1.50, 55.891838, 2.00, 0.03, 0.00, 3.00, 52.89184, -0.00 
 
50.00, 48.50, 1.50, 55.908485, 2.00, 0.03, 0.00, 3.00, 52.90849, 0.00 
 
50.00, 48.00, 2.00, 56.930687, 2.00, 0.03, 0.00, 4.00, 52.93069, 0.00 
 
50.00, 48.00, 2.00, 56.952888, 2.00, 0.03, 0.00, 4.00, 52.95289, 0.00 
 
50.00, 48.00, 2.00, 56.975090, 2.00, 0.03, 0.00, 4.00, 52.97509, 0.00 
 
50.00, 48.50, 1.50, 55.991737, 2.00, 0.03, 0.00, 3.00, 52.99174, -0.00 
 
50.00, 48.00, 2.00, 57.013939, 2.00, 0.03, 0.00, 4.00, 53.01394, 0.00 
 
50.00, 48.50, 1.50, 56.030590, 2.00, 0.03, 0.00, 3.00, 53.03059, -0.00 
 
50.00, 48.50, 1.50, 56.047241, 2.00, 0.03, 0.00, 3.00, 53.04724, 0.00 
 
50.00, 48.50, 1.50, 56.063889, 2.00, 0.03, 0.00, 3.00, 53.06389, 0.00 
 
50.00, 48.50, 1.50, 56.080540, 2.00, 0.03, 0.00, 3.00, 53.08054, 0.00 
 
50.00, 48.50, 1.50, 56.097191, 2.00, 0.03, 0.00, 3.00, 53.09719, 0.00 
 
50.00, 48.50, 1.50, 56.113842, 2.00, 0.03, 0.00, 3.00, 53.11384, 0.00 
 
50.00, 48.50, 1.50, 56.130493, 2.00, 0.03, 0.00, 3.00, 53.13049, 0.00 
 
50.00, 48.50, 1.50, 56.147141, 2.00, 0.03, 0.00, 3.00, 53.14714, 0.00 
 
50.00, 48.50, 1.50, 56.163792, 2.00, 0.03, 0.00, 3.00, 53.16379, 0.00 
 
50.00, 48.50, 1.50, 56.180443, 2.00, 0.03, 0.00, 3.00, 53.18044, 0.00 
 
50.00, 48.50, 1.50, 56.197094, 2.00, 0.03, 0.00, 3.00, 53.19709, 0.00 
 
50.00, 48.50, 1.50, 56.213745, 2.00, 0.03, 0.00, 3.00, 53.21375, 0.00 
 
50.00, 48.50, 1.50, 56.230392, 2.00, 0.03, 0.00, 3.00, 53.23039, 0.00 
 
50.00, 48.50, 1.50, 56.247044, 2.00, 0.03, 0.00, 3.00, 53.24704, 0.00 
 
50.00, 48.50, 1.50, 56.263695, 2.00, 0.03, 0.00, 3.00, 53.26369, 0.00 
 
50.00, 48.50, 1.50, 56.280346, 2.00, 0.03, 0.00, 3.00, 53.28035, 0.00 
 
50.00, 48.50, 1.50, 56.296997, 2.00, 0.03, 0.00, 3.00, 53.29700, 0.00 
 
50.00, 48.50, 1.50, 56.313644, 2.00, 0.03, 0.00, 3.00, 53.31364, 0.00 
 
50.00, 48.50, 1.50, 56.330296, 2.00, 0.03, 0.00, 3.00, 53.33030, 0.00 
 
50.00, 48.50, 1.50, 56.346947, 2.00, 0.03, 0.00, 3.00, 53.34695, 0.00 
 
50.00, 48.50, 1.50, 56.363598, 2.00, 0.03, 0.00, 3.00, 53.36360, 0.00 
 
50.00, 48.50, 1.50, 56.380249, 2.00, 0.03, 0.00, 3.00, 53.38025, 0.00 
 
50.00, 48.50, 1.50, 56.396896, 2.00, 0.03, 0.00, 3.00, 53.39690, 0.00 
 
50.00, 48.50, 1.50, 56.413548, 2.00, 0.03, 0.00, 3.00, 53.41355, 0.00 
 
50.00, 48.50, 1.50, 56.430199, 2.00, 0.03, 0.00, 3.00, 53.43020, 0.00 
 
50.00, 48.50, 1.50, 56.446850, 2.00, 0.03, 0.00, 3.00, 53.44685, 0.00 
 
50.00, 48.50, 1.50, 56.463501, 2.00, 0.03, 0.00, 3.00, 53.46350, 0.00 
 
50.00, 48.50, 1.50, 56.480148, 2.00, 0.03, 0.00, 3.00, 53.48015, 0.00 
 
50.00, 48.50, 1.50, 56.496799, 2.00, 0.03, 0.00, 3.00, 53.49680, 0.00 
 
50.00, 48.50, 1.50, 56.513451, 2.00, 0.03, 0.00, 3.00, 53.51345, 0.00 
 
50.00, 48.50, 1.50, 56.530102, 2.00, 0.03, 0.00, 3.00, 53.53010, 0.00 
 
50.00, 48.50, 1.50, 56.546753, 2.00, 0.03, 0.00, 3.00, 53.54675, 0.00 
 
50.00, 48.50, 1.50, 56.563400, 2.00, 0.03, 0.00, 3.00, 53.56340, 0.00 
 
50.00, 48.50, 1.50, 56.580051, 2.00, 0.03, 0.00, 3.00, 53.58005, 0.00 
 
50.00, 48.50, 1.50, 56.596703, 2.00, 0.03, 0.00, 3.00, 53.59670, 0.00 
 
50.00, 48.50, 1.50, 56.613354, 2.00, 0.03, 0.00, 3.00, 53.61335, 0.00 
 
50.00, 48.50, 1.50, 56.630005, 2.00, 0.03, 0.00, 3.00, 53.63000, 0.00 
 
50.00, 48.50, 1.50, 56.646652, 2.00, 0.03, 0.00, 3.00, 53.64665, 0.00 
 
50.00, 48.50, 1.50, 56.663303, 2.00, 0.03, 0.00, 3.00, 53.66330, 0.00 
 
50.00, 48.50, 1.50, 56.679955, 2.00, 0.03, 0.00, 3.00, 53.67995, 0.00 
 
50.00, 48.50, 1.50, 56.696606, 2.00, 0.03, 0.00, 3.00, 53.69661, 0.00 
 
50.00, 48.50, 1.50, 56.713257, 2.00, 0.03, 0.00, 3.00, 53.71326, 0.00 
 
50.00, 48.50, 1.50, 56.729904, 2.00, 0.03, 0.00, 3.00, 53.72990, 0.00 
 
50.00, 48.50, 1.50, 56.746555, 2.00, 0.03, 0.00, 3.00, 53.74656, 0.00 
 
50.00, 48.50, 1.50, 56.763206, 2.00, 0.03, 0.00, 3.00, 53.76321, 0.00 
 
50.00, 48.00, 2.00, 57.785408, 2.00, 0.03, 0.00, 4.00, 53.78541, 0.00 
 
50.00, 49.00, 1.00, 55.796509, 2.00, 0.03, 0.00, 2.00, 53.79651, -0.00 
 
50.00, 49.00, 1.00, 55.807610, 2.00, 0.03, 0.00, 2.00, 53.80761, 0.00 
 
50.00, 49.00, 1.00, 55.818707, 2.00, 0.03, 0.00, 2.00, 53.81871, 0.00 
 
50.00, 49.00, 1.00, 55.829807, 2.00, 0.03, 0.00, 2.00, 53.82981, 0.00 
 
50.00, 49.50, 0.50, 54.835358, 2.00, 0.03, 0.00, 1.00, 53.83536, -0.00 
 
50.00, 48.00, 2.00, 57.857559, 2.00, 0.03, 0.00, 4.00, 53.85756, 0.00 
 
50.00, 49.00, 1.00, 55.868660, 2.00, 0.03, 0.00, 2.00, 53.86866, -0.00 
 
50.00, 49.00, 1.00, 55.879761, 2.00, 0.03, 0.00, 2.00, 53.87976, 0.00 
 
50.00, 49.50, 0.50, 54.885311, 2.00, 0.03, 0.00, 1.00, 53.88531, -0.00 
 
50.00, 48.00, 2.00, 57.907509, 2.00, 0.03, 0.00, 4.00, 53.90751, 0.00 
 
50.00, 49.00, 1.00, 55.918610, 2.00, 0.03, 0.00, 2.00, 53.91861, -0.00 
 
50.00, 49.00, 1.00, 55.929710, 2.00, 0.03, 0.00, 2.00, 53.92971, 0.00 
 
50.00, 49.00, 1.00, 55.940811, 2.00, 0.03, 0.00, 2.00, 53.94081, 0.00 
 
50.00, 49.00, 1.00, 55.951912, 2.00, 0.03, 0.00, 2.00, 53.95191, 0.00 
 
50.00, 49.00, 1.00, 55.963013, 2.00, 0.03, 0.00, 2.00, 53.96301, 0.00 
 
50.00, 49.00, 1.00, 55.974113, 2.00, 0.03, 0.00, 2.00, 53.97411, 0.00 
 
50.00, 49.00, 1.00, 55.985210, 2.00, 0.03, 0.00, 2.00, 53.98521, 0.00 
 
50.00, 49.00, 1.00, 55.996311, 2.00, 0.03, 0.00, 2.00, 53.99631, 0.00 
 
50.00, 49.00, 1.00, 56.007412, 2.00, 0.03, 0.00, 2.00, 54.00741, 0.00 
 
50.00, 49.00, 1.00, 56.018513, 2.00, 0.03, 0.00, 2.00, 54.01851, 0.00 
 
50.00, 49.00, 1.00, 56.029613, 2.00, 0.03, 0.00, 2.00, 54.02961, 0.00 
 
50.00, 49.00, 1.00, 56.040714, 2.00, 0.03, 0.00, 2.00, 54.04071, 0.00 
 
50.00, 49.00, 1.00, 56.051815, 2.00, 0.03, 0.00, 2.00, 54.05182, 0.00 
 
50.00, 49.00, 1.00, 56.062912, 2.00, 0.03, 0.00, 2.00, 54.06291, 0.00 
 
50.00, 49.00, 1.00, 56.074013, 2.00, 0.03, 0.00, 2.00, 54.07401, 0.00 
 
50.00, 49.00, 1.00, 56.085114, 2.00, 0.03, 0.00, 2.00, 54.08511, 0.00 
 
50.00, 49.00, 1.00, 56.096214, 2.00, 0.03, 0.00, 2.00, 54.09621, 0.00 
 
50.00, 49.00, 1.00, 56.107315, 2.00, 0.03, 0.00, 2.00, 54.10732, 0.00 
 
50.00, 49.00, 1.00, 56.118416, 2.00, 0.03, 0.00, 2.00, 54.11842, 0.00 
 
50.00, 49.00, 1.00, 56.129517, 2.00, 0.03, 0.00, 2.00, 54.12952, 0.00 
 
50.00, 49.00, 1.00, 56.140617, 2.00, 0.03, 0.00, 2.00, 54.14062, 0.00 
 
50.00, 49.00, 1.00, 56.151714, 2.00, 0.03, 0.00, 2.00, 54.15171, 0.00 
 
50.00, 49.00, 1.00, 56.162815, 2.00, 0.03, 0.00, 2.00, 54.16282, 0.00 
 
50.00, 49.00, 1.00, 56.173916, 2.00, 0.03, 0.00, 2.00, 54.17392, 0.00 
 
50.00, 49.00, 1.00, 56.185017, 2.00, 0.03, 0.00, 2.00, 54.18502, 0.00 
 
50.00, 49.00, 1.00, 56.196117, 2.00, 0.03, 0.00, 2.00, 54.19612, 0.00 
 
50.00, 49.00, 1.00, 56.207218, 2.00, 0.03, 0.00, 2.00, 54.20722, 0.00 
 
50.00, 49.00, 1.00, 56.218319, 2.00, 0.03, 0.00, 2.00, 54.21832, 0.00 
 
50.00, 49.00, 1.00, 56.229416, 2.00, 0.03, 0.00, 2.00, 54.22942, 0.00 
 
50.00, 49.00, 1.00, 56.240517, 2.00, 0.03, 0.00, 2.00, 54.24052, 0.00 
 
50.00, 49.00, 1.00, 56.251617, 2.00, 0.03, 0.00, 2.00, 54.25162, 0.00 
 
50.00, 49.00, 1.00, 56.262718, 2.00, 0.03, 0.00, 2.00, 54.26272, 0.00 
 
50.00, 49.00, 1.00, 56.273819, 2.00, 0.03, 0.00, 2.00, 54.27382, 0.00 
 
50.00, 49.00, 1.00, 56.284920, 2.00, 0.03, 0.00, 2.00, 54.28492, 0.00 
 
50.00, 49.00, 1.00, 56.296021, 2.00, 0.03, 0.00, 2.00, 54.29602, 0.00 
 
50.00, 49.00, 1.00, 56.307121, 2.00, 0.03, 0.00, 2.00, 54.30712, 0.00 
 
50.00, 49.00, 1.00, 56.318218, 2.00, 0.03, 0.00, 2.00, 54.31822, 0.00 
 
50.00, 49.00, 1.00, 56.329319, 2.00, 0.03, 0.00, 2.00, 54.32932, 0.00 
 
50.00, 49.00, 1.00, 56.340420, 2.00, 0.03, 0.00, 2.00, 54.34042, 0.00 
 
50.00, 49.00, 1.00, 56.351521, 2.00, 0.03, 0.00, 2.00, 54.35152, 0.00 
 
50.00, 49.00, 1.00, 56.362621, 2.00, 0.03, 0.00, 2.00, 54.36262, 0.00 
 
50.00, 49.00, 1.00, 56.373722, 2.00, 0.03, 0.00, 2.00, 54.37372, 0.00 
 
50.00, 49.00, 1.00, 56.384823, 2.00, 0.03, 0.00, 2.00, 54.38482, 0.00 
 
50.00, 49.00, 1.00, 56.395920, 2.00, 0.03, 0.00, 2.00, 54.39592, 0.00 
 
50.00, 49.00, 1.00, 56.407021, 2.00, 0.03, 0.00, 2.00, 54.40702, 0.00 
 
50.00, 49.00, 1.00, 56.418121, 2.00, 0.03, 0.00, 2.00, 54.41812, 0.00 
 
50.00, 49.00, 1.00, 56.429222, 2.00, 0.03, 0.00, 2.00, 54.42922, 0.00 
 
50.00, 49.00, 1.00, 56.440323, 2.00, 0.03, 0.00, 2.00, 54.44032, 0.00 
 
50.00, 49.00, 1.00, 56.451424, 2.00, 0.03, 0.00, 2.00, 54.45142, 0.00 
 
50.00, 49.00, 1.00, 56.462524, 2.00, 0.03, 0.00, 2.00, 54.46252, 0.00 
 
50.00, 49.00, 1.00, 56.473625, 2.00, 0.03, 0.00, 2.00, 54.47363, 0.00 
 
50.00, 49.00, 1.00, 56.484722, 2.00, 0.03, 0.00, 2.00, 54.48472, 0.00 
 
50.00, 49.00, 1.00, 56.495823, 2.00, 0.03, 0.00, 2.00, 54.49582, 0.00 
 
50.00, 49.00, 1.00, 56.506924, 2.00, 0.03, 0.00, 2.00, 54.50692, 0.00 
 
50.00, 49.50, 0.50, 55.512474, 2.00, 0.03, 0.00, 1.00, 54.51247, -0.00 
 
50.00, 49.50, 0.50, 55.518024, 2.00, 0.03, 0.00, 1.00, 54.51802, 0.00 
 
50.00, 49.00, 1.00, 56.529125, 2.00, 0.03, 0.00, 2.00, 54.52913, 0.00 
 
50.00, 49.50, 0.50, 55.534676, 2.00, 0.03, 0.00, 1.00, 54.53468, -0.00 
 
50.00, 49.50, 0.50, 55.540226, 2.00, 0.03, 0.00, 1.00, 54.54023, 0.00 
 
50.00, 49.50, 0.50, 55.545776, 2.00, 0.03, 0.00, 1.00, 54.54578, 0.00 
 
50.00, 49.50, 0.50, 55.551327, 2.00, 0.03, 0.00, 1.00, 54.55133, 0.00 
 
50.00, 49.50, 0.50, 55.556877, 2.00, 0.03, 0.00, 1.00, 54.55688, 0.00 
 
50.00, 49.50, 0.50, 55.562424, 2.00, 0.03, 0.00, 1.00, 54.56242, 0.00 
 
50.00, 49.50, 0.50, 55.567974, 2.00, 0.03, 0.00, 1.00, 54.56797, 0.00 
 
50.00, 49.50, 0.50, 55.573524, 2.00, 0.03, 0.00, 1.00, 54.57352, 0.00 
 
50.00, 49.50, 0.50, 55.579075, 2.00, 0.03, 0.00, 1.00, 54.57907, 0.00 
 
50.00, 49.50, 0.50, 55.584625, 2.00, 0.03, 0.00, 1.00, 54.58463, 0.00 
 
50.00, 49.50, 0.50, 55.590176, 2.00, 0.03, 0.00, 1.00, 54.59018, 0.00 
 
50.00, 49.50, 0.50, 55.595726, 2.00, 0.03, 0.00, 1.00, 54.59573, 0.00 
 
50.00, 49.50, 0.50, 55.601276, 2.00, 0.03, 0.00, 1.00, 54.60128, 0.00 
 
50.00, 49.50, 0.50, 55.606827, 2.00, 0.03, 0.00, 1.00, 54.60683, 0.00 
 
50.00, 49.50, 0.50, 55.612377, 2.00, 0.03, 0.00, 1.00, 54.61238, 0.00 
 
50.00, 49.50, 0.50, 55.617928, 2.00, 0.03, 0.00, 1.00, 54.61793, 0.00 
 
50.00, 49.50, 0.50, 55.623478, 2.00, 0.03, 0.00, 1.00, 54.62348, 0.00 
 
50.00, 49.50, 0.50, 55.629028, 2.00, 0.03, 0.00, 1.00, 54.62903, 0.00 
 
50.00, 49.50, 0.50, 55.634579, 2.00, 0.03, 0.00, 1.00, 54.63458, 0.00 
 
50.00, 49.50, 0.50, 55.640129, 2.00, 0.03, 0.00, 1.00, 54.64013, 0.00 
 
50.00, 49.50, 0.50, 55.645676, 2.00, 0.03, 0.00, 1.00, 54.64568, 0.00 
 
50.00, 49.50, 0.50, 55.651226, 2.00, 0.03, 0.00, 1.00, 54.65123, 0.00 
 
50.00, 49.50, 0.50, 55.656776, 2.00, 0.03, 0.00, 1.00, 54.65678, 0.00 
 
50.00, 49.50, 0.50, 55.662327, 2.00, 0.03, 0.00, 1.00, 54.66233, 0.00 
 
50.00, 49.50, 0.50, 55.667877, 2.00, 0.03, 0.00, 1.00, 54.66788, 0.00 
 
50.00, 49.50, 0.50, 55.673428, 2.00, 0.03, 0.00, 1.00, 54.67343, 0.00 
 
50.00, 49.50, 0.50, 55.678978, 2.00, 0.03, 0.00, 1.00, 54.67898, 0.00 
 
50.00, 49.50, 0.50, 55.684528, 2.00, 0.03, 0.00, 1.00, 54.68453, 0.00 
 
50.00, 49.50, 0.50, 55.690079, 2.00, 0.03, 0.00, 1.00, 54.69008, 0.00 
 
50.00, 49.50, 0.50, 55.695629, 2.00, 0.03, 0.00, 1.00, 54.69563, 0.00 
 
50.00, 49.50, 0.50, 55.701180, 2.00, 0.03, 0.00, 1.00, 54.70118, 0.00 
 
50.00, 49.50, 0.50, 55.706730, 2.00, 0.03, 0.00, 1.00, 54.70673, 0.00 
 
50.00, 49.50, 0.50, 55.712280, 2.00, 0.03, 0.00, 1.00, 54.71228, 0.00 
 
50.00, 49.50, 0.50, 55.717831, 2.00, 0.03, 0.00, 1.00, 54.71783, 0.00 
 
50.00, 49.50, 0.50, 55.723381, 2.00, 0.03, 0.00, 1.00, 54.72338, 0.00 
 
50.00, 49.50, 0.50, 55.728928, 2.00, 0.03, 0.00, 1.00, 54.72893, 0.00 
 
50.00, 49.50, 0.50, 55.734478, 2.00, 0.03, 0.00, 1.00, 54.73448, 0.00 
 
50.00, 49.50, 0.50, 55.740028, 2.00, 0.03, 0.00, 1.00, 54.74003, 0.00 
 
50.00, 49.50, 0.50, 55.745579, 2.00, 0.03, 0.00, 1.00, 54.74558, 0.00 
 
50.00, 49.50, 0.50, 55.751129, 2.00, 0.03, 0.00, 1.00, 54.75113, 0.00 
 
50.00, 49.50, 0.50, 55.756680, 2.00, 0.03, 0.00, 1.00, 54.75668, 0.00 
 
50.00, 49.50, 0.50, 55.762230, 2.00, 0.03, 0.00, 1.00, 54.76223, 0.00 
 
50.00, 49.50, 0.50, 55.767780, 2.00, 0.03, 0.00, 1.00, 54.76778, 0.00 
 
50.00, 49.50, 0.50, 55.773331, 2.00, 0.03, 0.00, 1.00, 54.77333, 0.00 
 
50.00, 49.50, 0.50, 55.778881, 2.00, 0.03, 0.00, 1.00, 54.77888, 0.00 
 
50.00, 49.50, 0.50, 55.784431, 2.00, 0.03, 0.00, 1.00, 54.78443, 0.00 
 
50.00, 49.50, 0.50, 55.789982, 2.00, 0.03, 0.00, 1.00, 54.78998, 0.00 
 
50.00, 49.50, 0.50, 55.795532, 2.00, 0.03, 0.00, 1.00, 54.79553, 0.00 
 
50.00, 49.50, 0.50, 55.801083, 2.00, 0.03, 0.00, 1.00, 54.80108, 0.00 
 
50.00, 49.50, 0.50, 55.806633, 2.00, 0.03, 0.00, 1.00, 54.80663, 0.00 
 
50.00, 49.50, 0.50, 55.812180, 2.00, 0.03, 0.00, 1.00, 54.81218, 0.00 
 
50.00, 49.50, 0.50, 55.817730, 2.00, 0.03, 0.00, 1.00, 54.81773, 0.00 
 
50.00, 49.50, 0.50, 55.823280, 2.00, 0.03, 0.00, 1.00, 54.82328, 0.00 
 
50.00, 49.50, 0.50, 55.828831, 2.00, 0.03, 0.00, 1.00, 54.82883, 0.00 
 
50.00, 49.50, 0.50, 55.834381, 2.00, 0.03, 0.00, 1.00, 54.83438, 0.00 
 
50.00, 49.50, 0.50, 55.839931, 2.00, 0.03, 0.00, 1.00, 54.83993, 0.00 
 
50.00, 49.50, 0.50, 55.845482, 2.00, 0.03, 0.00, 1.00, 54.84548, 0.00 
 
50.00, 49.50, 0.50, 55.851032, 2.00, 0.03, 0.00, 1.00, 54.85103, 0.00 
 
50.00, 49.50, 0.50, 55.856583, 2.00, 0.03, 0.00, 1.00, 54.85658, 0.00 
 
50.00, 49.50, 0.50, 55.862133, 2.00, 0.03, 0.00, 1.00, 54.86213, 0.00 
 
50.00, 49.50, 0.50, 55.867683, 2.00, 0.03, 0.00, 1.00, 54.86768, 0.00 
 
50.00, 49.50, 0.50, 55.873234, 2.00, 0.03, 0.00, 1.00, 54.87323, 0.00 
 
50.00, 49.50, 0.50, 55.878784, 2.00, 0.03, 0.00, 1.00, 54.87878, 0.00 
 
50.00, 49.50, 0.50, 55.884335, 2.00, 0.03, 0.00, 1.00, 54.88433, 0.00 
 
50.00, 49.50, 0.50, 55.889885, 2.00, 0.03, 0.00, 1.00, 54.88988, 0.00 
 
50.00, 49.50, 0.50, 55.895432, 2.00, 0.03, 0.00, 1.00, 54.89543, 0.00 
 
50.00, 49.50, 0.50, 55.900982, 2.00, 0.03, 0.00, 1.00, 54.90098, 0.00 
 
50.00, 49.50, 0.50, 55.906532, 2.00, 0.03, 0.00, 1.00, 54.90653, 0.00 
 
50.00, 49.50, 0.50, 55.912083, 2.00, 0.03, 0.00, 1.00, 54.91208, 0.00 
 
50.00, 49.50, 0.50, 55.917633, 2.00, 0.03, 0.00, 1.00, 54.91763, 0.00 
 
50.00, 49.50, 0.50, 55.923183, 2.00, 0.03, 0.00, 1.00, 54.92318, 0.00 
 
50.00, 49.50, 0.50, 55.928734, 2.00, 0.03, 0.00, 1.00, 54.92873, 0.00 
 
50.00, 49.50, 0.50, 55.934284, 2.00, 0.03, 0.00, 1.00, 54.93428, 0.00 
 
50.00, 49.50, 0.50, 55.939835, 2.00, 0.03, 0.00, 1.00, 54.93983, 0.00 
 
50.00, 49.50, 0.50, 55.945385, 2.00, 0.03, 0.00, 1.00, 54.94538, 0.00 
 
50.00, 49.50, 0.50, 55.950935, 2.00, 0.03, 0.00, 1.00, 54.95094, 0.00 
 
50.00, 49.50, 0.50, 55.956486, 2.00, 0.03, 0.00, 1.00, 54.95649, 0.00 
 
50.00, 49.50, 0.50, 55.962036, 2.00, 0.03, 0.00, 1.00, 54.96204, 0.00 
 
50.00, 49.50, 0.50, 55.967587, 2.00, 0.03, 0.00, 1.00, 54.96759, 0.00 
 
50.00, 49.50, 0.50, 55.973137, 2.00, 0.03, 0.00, 1.00, 54.97314, 0.00 
 
50.00, 49.50, 0.50, 55.978683, 2.00, 0.03, 0.00, 1.00, 54.97868, 0.00 
 
50.00, 49.50, 0.50, 55.984234, 2.00, 0.03, 0.00, 1.00, 54.98423, 0.00 
 
50.00, 49.50, 0.50, 55.989784, 2.00, 0.03, 0.00, 1.00, 54.98978, 0.00 
 
50.00, 49.50, 0.50, 55.995335, 2.00, 0.03, 0.00, 1.00, 54.99533, 0.00 
 
50.00, 49.50, 0.50, 56.000885, 2.00, 0.03, 0.00, 1.00, 55.00089, 0.00 
 
50.00, 49.50, 0.50, 56.006435, 2.00, 0.03, 0.00, 1.00, 55.00644, 0.00 
 
50.00, 49.50, 0.50, 56.011986, 2.00, 0.03, 0.00, 1.00, 55.01199, 0.00 
 
50.00, 49.50, 0.50, 56.017536, 2.00, 0.03, 0.00, 1.00, 55.01754, 0.00 
 
50.00, 49.50, 0.50, 56.023087, 2.00, 0.03, 0.00, 1.00, 55.02309, 0.00 
 
50.00, 49.50, 0.50, 56.028637, 2.00, 0.03, 0.00, 1.00, 55.02864, 0.00 
 
50.00, 49.50, 0.50, 56.034187, 2.00, 0.03, 0.00, 1.00, 55.03419, 0.00 
 
50.00, 49.50, 0.50, 56.039738, 2.00, 0.03, 0.00, 1.00, 55.03974, 0.00 
 
50.00, 49.50, 0.50, 56.045288, 2.00, 0.03, 0.00, 1.00, 55.04529, 0.00 
 
50.00, 49.50, 0.50, 56.050838, 2.00, 0.03, 0.00, 1.00, 55.05084, 0.00 
 
50.00, 49.50, 0.50, 56.056389, 2.00, 0.03, 0.00, 1.00, 55.05639, 0.00 
 
50.00, 49.50, 0.50, 56.061935, 2.00, 0.03, 0.00, 1.00, 55.06194, 0.00 
 
50.00, 49.50, 0.50, 56.067486, 2.00, 0.03, 0.00, 1.00, 55.06749, 0.00 
 
50.00, 49.50, 0.50, 56.073036, 2.00, 0.03, 0.00, 1.00, 55.07304, 0.00 
 
50.00, 49.50, 0.50, 56.078587, 2.00, 0.03, 0.00, 1.00, 55.07859, 0.00 
 
50.00, 49.50, 0.50, 56.084137, 2.00, 0.03, 0.00, 1.00, 55.08414, 0.00 
 
50.00, 49.00, 1.00, 57.095238, 2.00, 0.03, 0.00, 2.00, 55.09524, 0.00 
 
50.00, 50.00, 0.00, 55.095238, 2.00, 0.03, 0.00, 0.00, 55.09524, -0.00 
 
50.00, 50.00, 0.00, 55.095238, 2.00, 0.03, 0.00, 0.00, 55.09524, 0.00 
 
50.00, 50.50, -0.50, 54.089687, 2.00, 0.03, 0.00, -1.00, 55.08969, -0.00 
 
50.00, 49.50, 0.50, 56.095238, 2.00, 0.03, 0.00, 1.00, 55.09524, 0.00 
 
50.00, 49.50, 0.50, 56.100788, 2.00, 0.03, 0.00, 1.00, 55.10079, 0.00 
 
50.00, 49.50, 0.50, 56.106339, 2.00, 0.03, 0.00, 1.00, 55.10634, 0.00 
 
50.00, 49.50, 0.50, 56.111889, 2.00, 0.03, 0.00, 1.00, 55.11189, 0.00 
 
50.00, 49.50, 0.50, 56.117439, 2.00, 0.03, 0.00, 1.00, 55.11744, 0.00 
 
50.00, 49.50, 0.50, 56.122990, 2.00, 0.03, 0.00, 1.00, 55.12299, 0.00 
 
50.00, 49.50, 0.50, 56.128540, 2.00, 0.03, 0.00, 1.00, 55.12854, 0.00 
 
50.00, 49.00, 1.00, 57.139641, 2.00, 0.03, 0.00, 2.00, 55.13964, 0.00 
 
50.00, 50.50, -0.50, 54.134090, 2.00, 0.03, 0.00, -1.00, 55.13409, -0.00 
 
50.00, 49.00, 1.00, 57.145187, 2.00, 0.03, 0.00, 2.00, 55.14519, 0.00 
 
50.00, 50.00, 0.00, 55.145187, 2.00, 0.03, 0.00, 0.00, 55.14519, -0.00 
 
50.00, 50.50, -0.50, 54.139641, 2.00, 0.03, 0.00, -1.00, 55.13964, -0.00 
 
50.00, 49.00, 1.00, 57.150738, 2.00, 0.03, 0.00, 2.00, 55.15074, 0.00 
 
50.00, 50.00, 0.00, 55.150738, 2.00, 0.03, 0.00, 0.00, 55.15074, -0.00 
 
50.00, 50.50, -0.50, 54.145187, 2.00, 0.03, 0.00, -1.00, 55.14519, -0.00 
 
50.00, 49.00, 1.00, 57.156288, 2.00, 0.03, 0.00, 2.00, 55.15629, 0.00 
 
50.00, 50.00, 0.00, 55.156288, 2.00, 0.03, 0.00, 0.00, 55.15629, -0.00 
 
50.00, 50.50, -0.50, 54.150738, 2.00, 0.03, 0.00, -1.00, 55.15074, -0.00 
 
50.00, 49.50, 0.50, 56.156288, 2.00, 0.03, 0.00, 1.00, 55.15629, 0.00 
 
50.00, 49.00, 1.00, 57.167389, 2.00, 0.03, 0.00, 2.00, 55.16739, 0.00 
 
50.00, 50.00, 0.00, 55.167389, 2.00, 0.03, 0.00, 0.00, 55.16739, -0.00 
 
50.00, 50.00, 0.00, 55.167389, 2.00, 0.03, 0.00, 0.00, 55.16739, 0.00 
 
50.00, 50.50, -0.50, 54.161839, 2.00, 0.03, 0.00, -1.00, 55.16184, -0.00 
 
50.00, 49.00, 1.00, 57.172939, 2.00, 0.03, 0.00, 2.00, 55.17294, 0.00 
 
50.00, 50.00, 0.00, 55.172939, 2.00, 0.03, 0.00, 0.00, 55.17294, -0.00 
 
50.00, 50.00, 0.00, 55.172939, 2.00, 0.03, 0.00, 0.00, 55.17294, 0.00 
 
50.00, 50.00, 0.00, 55.172939, 2.00, 0.03, 0.00, 0.00, 55.17294, 0.00 
 
50.00, 50.00, 0.00, 55.172939, 2.00, 0.03, 0.00, 0.00, 55.17294, 0.00 
 
50.00, 50.00, 0.00, 55.172939, 2.00, 0.03, 0.00, 0.00, 55.17294, 0.00 
 
50.00, 50.00, 0.00, 55.172939, 2.00, 0.03, 0.00, 0.00, 55.17294, 0.00 
 
50.00, 50.00, 0.00, 55.172939, 2.00, 0.03, 0.00, 0.00, 55.17294, 0.00 
 
50.00, 50.00, 0.00, 55.172939, 2.00, 0.03, 0.00, 0.00, 55.17294, 0.00 
 
50.00, 50.00, 0.00, 55.172939, 2.00, 0.03, 0.00, 0.00, 55.17294, 0.00 
 
50.00, 50.00, 0.00, 55.172939, 2.00, 0.03, 0.00, 0.00, 55.17294, 0.00 
 
50.00, 50.00, 0.00, 55.172939, 2.00, 0.03, 0.00, 0.00, 55.17294, 0.00 
 
50.00, 50.00, 0.00, 55.172939, 2.00, 0.03, 0.00, 0.00, 55.17294, 0.00 
 
50.00, 50.00, 0.00, 55.172939, 2.00, 0.03, 0.00, 0.00, 55.17294, 0.00 
 
50.00, 50.00, 0.00, 55.172939, 2.00, 0.03, 0.00, 0.00, 55.17294, 0.00 
 
50.00, 50.00, 0.00, 55.172939, 2.00, 0.03, 0.00, 0.00, 55.17294, 0.00 
 
50.00, 50.00, 0.00, 55.172939, 2.00, 0.03, 0.00, 0.00, 55.17294, 0.00 
 
50.00, 50.00, 0.00, 55.172939, 2.00, 0.03, 0.00, 0.00, 55.17294, 0.00 
 
50.00, 50.00, 0.00, 55.172939, 2.00, 0.03, 0.00, 0.00, 55.17294, 0.00 
 
50.00, 50.00, 0.00, 55.172939, 2.00, 0.03, 0.00, 0.00, 55.17294, 0.00 
 
50.00, 50.00, 0.00, 55.172939, 2.00, 0.03, 0.00, 0.00, 55.17294, 0.00 
 
50.00, 50.00, 0.00, 55.172939, 2.00, 0.03, 0.00, 0.00, 55.17294, 0.00 
 
50.00, 50.00, 0.00, 55.172939, 2.00, 0.03, 0.00, 0.00, 55.17294, 0.00 
 
50.00, 50.00, 0.00, 55.172939, 2.00, 0.03, 0.00, 0.00, 55.17294, 0.00 
 
50.00, 50.00, 0.00, 55.172939, 2.00, 0.03, 0.00, 0.00, 55.17294, 0.00 
 
50.00, 50.00, 0.00, 55.172939, 2.00, 0.03, 0.00, 0.00, 55.17294, 0.00 
 
50.00, 50.00, 0.00, 55.172939, 2.00, 0.03, 0.00, 0.00, 55.17294, 0.00 
 
50.00, 50.00, 0.00, 55.172939, 2.00, 0.03, 0.00, 0.00, 55.17294, 0.00 
 
50.00, 50.00, 0.00, 55.172939, 2.00, 0.03, 0.00, 0.00, 55.17294, 0.00 
 
50.00, 50.00, 0.00, 55.172939, 2.00, 0.03, 0.00, 0.00, 55.17294, 0.00 
 
