30.00, 30.00, 0.00, 9.856894, 3.00, 0.20, 0.00, 0.00, 9.85689, 0.00 
 
30.00, 30.00, 0.00, 9.856894, 3.00, 0.20, 0.00, 0.00, 9.85689, 0.00 
 
30.00, 30.00, 0.00, 9.856894, 3.00, 0.20, 0.00, 0.00, 9.85689, 0.00 
 
30.00, 30.00, 0.00, 9.856894, 3.00, 0.20, 0.00, 0.00, 9.85689, 0.00 
 
30.00, 30.00, 0.00, 9.856894, 3.00, 0.20, 0.00, 0.00, 9.85689, 0.00 
 
30.00, 30.00, 0.00, 9.856894, 3.00, 0.20, 0.00, 0.00, 9.85689, 0.00 
 
30.00, 30.00, 0.00, 9.856894, 3.00, 0.20, 0.00, 0.00, 9.85689, 0.00 
 
30.00, 30.00, 0.00, 9.856894, 3.00, 0.20, 0.00, 0.00, 9.85689, 0.00 
 
30.00, 30.00, 0.00, 9.856894, 3.00, 0.20, 0.00, 0.00, 9.85689, 0.00 
 
30.00, 30.00, 0.00, 9.856894, 3.00, 0.20, 0.00, 0.00, 9.85689, 0.00 
 
30.00, 30.00, 0.00, 9.856894, 3.00, 0.20, 0.00, 0.00, 9.85689, 0.00 
 
30.00, 30.00, 0.00, 9.856894, 3.00, 0.20, 0.00, 0.00, 9.85689, 0.00 
 
30.00, 30.00, 0.00, 9.856894, 3.00, 0.20, 0.00, 0.00, 9.85689, 0.00 
 
30.00, 30.00, 0.00, 9.856894, 3.00, 0.20, 0.00, 0.00, 9.85689, 0.00 
 
30.00, 30.00, 0.00, 9.856894, 3.00, 0.20, 0.00, 0.00, 9.85689, 0.00 
 
30.00, 30.00, 0.00, 9.856894, 3.00, 0.20, 0.00, 0.00, 9.85689, 0.00 
 
30.00, 30.00, 0.00, 9.856894, 3.00, 0.20, 0.00, 0.00, 9.85689, 0.00 
 
30.00, 30.00, 0.00, 9.856894, 3.00, 0.20, 0.00, 0.00, 9.85689, 0.00 
 
30.00, 30.00, 0.00, 9.856894, 3.00, 0.20, 0.00, 0.00, 9.85689, 0.00 
 
30.00, 30.00, 0.00, 9.856894, 3.00, 0.20, 0.00, 0.00, 9.85689, 0.00 
 
30.00, 30.00, 0.00, 9.856894, 3.00, 0.20, 0.00, 0.00, 9.85689, 0.00 
 
30.00, 30.00, 0.00, 9.856894, 3.00, 0.20, 0.00, 0.00, 9.85689, 0.00 
 
30.00, 30.00, 0.00, 9.856894, 3.00, 0.20, 0.00, 0.00, 9.85689, 0.00 
 
30.00, 30.00, 0.00, 9.856894, 3.00, 0.20, 0.00, 0.00, 9.85689, 0.00 
 
30.00, 30.00, 0.00, 9.856894, 3.00, 0.20, 0.00, 0.00, 9.85689, 0.00 
 
30.00, 30.00, 0.00, 9.856894, 3.00, 0.20, 0.00, 0.00, 9.85689, 0.00 
 
30.00, 30.00, 0.00, 9.856894, 3.00, 0.20, 0.00, 0.00, 9.85689, 0.00 
 
50.00, 30.00, 20.00, 71.188896, 3.00, 0.20, 0.00, 60.00, 11.18889, 0.00 
 
50.00, 30.00, 20.00, 72.520889, 3.00, 0.20, 0.00, 60.00, 12.52089, 0.00 
 
50.00, 30.00, 20.00, 73.852890, 3.00, 0.20, 0.00, 60.00, 13.85289, 0.00 
 
50.00, 30.50, 19.50, 73.651596, 3.00, 0.20, 0.00, 58.50, 15.15159, -0.00 
 
50.00, 30.50, 19.50, 74.950294, 3.00, 0.20, 0.00, 58.50, 16.45029, 0.00 
 
50.00, 30.50, 19.50, 76.248993, 3.00, 0.20, 0.00, 58.50, 17.74899, 0.00 
 
50.00, 30.50, 19.50, 77.547691, 3.00, 0.20, 0.00, 58.50, 19.04769, 0.00 
 
50.00, 30.00, 20.00, 80.379692, 3.00, 0.20, 0.00, 60.00, 20.37969, 0.00 
 
50.00, 31.00, 19.00, 78.645096, 3.00, 0.20, 0.00, 57.00, 21.64509, -0.00 
 
50.00, 31.00, 19.00, 79.910492, 3.00, 0.20, 0.00, 57.00, 22.91050, 0.00 
 
50.00, 31.50, 18.50, 79.642593, 3.00, 0.20, 0.00, 55.50, 24.14260, -0.00 
 
50.00, 31.50, 18.50, 80.874695, 3.00, 0.20, 0.00, 55.50, 25.37469, 0.00 
 
50.00, 31.50, 18.50, 82.106796, 3.00, 0.20, 0.00, 55.50, 26.60680, 0.00 
 
50.00, 31.50, 18.50, 83.338898, 3.00, 0.20, 0.00, 55.50, 27.83890, 0.00 
 
50.00, 31.00, 19.00, 86.104294, 3.00, 0.20, 0.00, 57.00, 29.10430, 0.00 
 
50.00, 32.00, 18.00, 84.303101, 3.00, 0.20, 0.00, 54.00, 30.30310, -0.00 
 
50.00, 32.50, 17.50, 83.968597, 3.00, 0.20, 0.00, 52.50, 31.46860, -0.00 
 
50.00, 32.50, 17.50, 85.134094, 3.00, 0.20, 0.00, 52.50, 32.63410, 0.00 
 
50.00, 32.00, 18.00, 87.832901, 3.00, 0.20, 0.00, 54.00, 33.83290, 0.00 
 
50.00, 33.00, 17.00, 85.965103, 3.00, 0.20, 0.00, 51.00, 34.96510, -0.00 
 
50.00, 33.00, 17.00, 87.097298, 3.00, 0.20, 0.00, 51.00, 36.09730, 0.00 
 
50.00, 33.50, 16.50, 86.696198, 3.00, 0.20, 0.00, 49.50, 37.19620, -0.00 
 
50.00, 33.50, 16.50, 87.795105, 3.00, 0.20, 0.00, 49.50, 38.29510, 0.00 
 
50.00, 33.00, 17.00, 90.427299, 3.00, 0.20, 0.00, 51.00, 39.42730, 0.00 
 
50.00, 34.00, 16.00, 88.492905, 3.00, 0.20, 0.00, 48.00, 40.49290, -0.00 
 
50.00, 34.00, 16.00, 89.558502, 3.00, 0.20, 0.00, 48.00, 41.55850, 0.00 
 
50.00, 34.50, 15.50, 89.090805, 3.00, 0.20, 0.00, 46.50, 42.59080, -0.00 
 
50.00, 34.50, 15.50, 90.123100, 3.00, 0.20, 0.00, 46.50, 43.62310, 0.00 
 
50.00, 34.00, 16.00, 92.688705, 3.00, 0.20, 0.00, 48.00, 44.68870, 0.00 
 
50.00, 35.00, 15.00, 90.687698, 3.00, 0.20, 0.00, 45.00, 45.68770, -0.00 
 
50.00, 35.00, 15.00, 91.686699, 3.00, 0.20, 0.00, 45.00, 46.68670, 0.00 
 
50.00, 35.50, 14.50, 91.152405, 3.00, 0.20, 0.00, 43.50, 47.65240, -0.00 
 
50.00, 35.50, 14.50, 92.118103, 3.00, 0.20, 0.00, 43.50, 48.61810, 0.00 
 
50.00, 35.50, 14.50, 93.083801, 3.00, 0.20, 0.00, 43.50, 49.58380, 0.00 
 
50.00, 35.00, 15.00, 95.582802, 3.00, 0.20, 0.00, 45.00, 50.58280, 0.00 
 
50.00, 36.00, 14.00, 93.515198, 3.00, 0.20, 0.00, 42.00, 51.51520, -0.00 
 
50.00, 36.50, 13.50, 92.914307, 3.00, 0.20, 0.00, 40.50, 52.41430, -0.00 
 
50.00, 36.50, 13.50, 93.813400, 3.00, 0.20, 0.00, 40.50, 53.31340, 0.00 
 
50.00, 36.50, 13.50, 94.712509, 3.00, 0.20, 0.00, 40.50, 54.21251, 0.00 
 
50.00, 36.50, 13.50, 95.611610, 3.00, 0.20, 0.00, 40.50, 55.11161, 0.00 
 
50.00, 36.00, 14.00, 98.044006, 3.00, 0.20, 0.00, 42.00, 56.04401, 0.00 
 
50.00, 37.00, 13.00, 95.909805, 3.00, 0.20, 0.00, 39.00, 56.90981, -0.00 
 
50.00, 37.50, 12.50, 95.242310, 3.00, 0.20, 0.00, 37.50, 57.74231, -0.00 
 
50.00, 37.50, 12.50, 96.074814, 3.00, 0.20, 0.00, 37.50, 58.57481, 0.00 
 
50.00, 37.50, 12.50, 96.907318, 3.00, 0.20, 0.00, 37.50, 59.40731, 0.00 
 
50.00, 37.00, 13.00, 99.273117, 3.00, 0.20, 0.00, 39.00, 60.27311, 0.00 
 
50.00, 38.00, 12.00, 97.072311, 3.00, 0.20, 0.00, 36.00, 61.07232, -0.00 
 
50.00, 38.00, 12.00, 97.871521, 3.00, 0.20, 0.00, 36.00, 61.87152, 0.00 
 
50.00, 38.50, 11.50, 97.137421, 3.00, 0.20, 0.00, 34.50, 62.63742, -0.00 
 
50.00, 38.50, 11.50, 97.903320, 3.00, 0.20, 0.00, 34.50, 63.40332, 0.00 
 
50.00, 38.00, 12.00, 100.000000, 3.00, 0.20, 0.00, 36.00, 64.20251, 0.00 
 
50.00, 39.00, 11.00, 97.935112, 3.00, 0.20, 0.00, 33.00, 64.93511, -0.00 
 
50.00, 39.00, 11.00, 98.667717, 3.00, 0.20, 0.00, 33.00, 65.66772, 0.00 
 
50.00, 39.00, 11.00, 99.400314, 3.00, 0.20, 0.00, 33.00, 66.40031, 0.00 
 
50.00, 39.50, 10.50, 98.599609, 3.00, 0.20, 0.00, 31.50, 67.09961, -0.00 
 
50.00, 39.50, 10.50, 99.298912, 3.00, 0.20, 0.00, 31.50, 67.79891, 0.00 
 
50.00, 39.50, 10.50, 99.998207, 3.00, 0.20, 0.00, 31.50, 68.49821, 0.00 
 
50.00, 39.00, 11.00, 100.000000, 3.00, 0.20, 0.00, 33.00, 69.23080, 0.00 
 
50.00, 40.00, 10.00, 99.896805, 3.00, 0.20, 0.00, 30.00, 69.89680, -0.00 
 
50.00, 40.50, 9.50, 99.029503, 3.00, 0.20, 0.00, 28.50, 70.52950, -0.00 
 
50.00, 40.50, 9.50, 99.662209, 3.00, 0.20, 0.00, 28.50, 71.16221, 0.00 
 
50.00, 40.50, 9.50, 100.000000, 3.00, 0.20, 0.00, 28.50, 71.79491, 0.00 
 
50.00, 40.00, 10.00, 100.000000, 3.00, 0.20, 0.00, 30.00, 72.46091, 0.00 
 
50.00, 41.00, 9.00, 100.000000, 3.00, 0.20, 0.00, 27.00, 73.06031, -0.00 
 
50.00, 41.00, 9.00, 100.000000, 3.00, 0.20, 0.00, 27.00, 73.65971, 0.00 
 
50.00, 41.00, 9.00, 100.000000, 3.00, 0.20, 0.00, 27.00, 74.25912, 0.00 
 
50.00, 41.50, 8.50, 100.000000, 3.00, 0.20, 0.00, 25.50, 74.82522, -0.00 
 
50.00, 41.50, 8.50, 100.000000, 3.00, 0.20, 0.00, 25.50, 75.39132, 0.00 
 
50.00, 41.50, 8.50, 100.000000, 3.00, 0.20, 0.00, 25.50, 75.95742, 0.00 
 
50.00, 41.50, 8.50, 100.000000, 3.00, 0.20, 0.00, 25.50, 76.52352, 0.00 
 
50.00, 41.00, 9.00, 100.000000, 3.00, 0.20, 0.00, 27.00, 77.12292, 0.00 
 
50.00, 42.00, 8.00, 100.000000, 3.00, 0.20, 0.00, 24.00, 77.65572, -0.00 
 
50.00, 42.00, 8.00, 100.000000, 3.00, 0.20, 0.00, 24.00, 78.18852, 0.00 
 
50.00, 42.00, 8.00, 100.000000, 3.00, 0.20, 0.00, 24.00, 78.72132, 0.00 
 
50.00, 42.50, 7.50, 100.000000, 3.00, 0.20, 0.00, 22.50, 79.22082, -0.00 
 
50.00, 42.50, 7.50, 100.000000, 3.00, 0.20, 0.00, 22.50, 79.72032, 0.00 
 
50.00, 42.00, 8.00, 100.000000, 3.00, 0.20, 0.00, 24.00, 80.25312, 0.00 
 
50.00, 43.00, 7.00, 100.000000, 3.00, 0.20, 0.00, 21.00, 80.71932, -0.00 
 
50.00, 43.00, 7.00, 100.000000, 3.00, 0.20, 0.00, 21.00, 81.18552, 0.00 
 
50.00, 43.00, 7.00, 100.000000, 3.00, 0.20, 0.00, 21.00, 81.65172, 0.00 
 
50.00, 43.50, 6.50, 100.000000, 3.00, 0.20, 0.00, 19.50, 82.08462, -0.00 
 
50.00, 43.50, 6.50, 100.000000, 3.00, 0.20, 0.00, 19.50, 82.51751, 0.00 
 
50.00, 43.50, 6.50, 100.000000, 3.00, 0.20, 0.00, 19.50, 82.95041, 0.00 
 
50.00, 43.50, 6.50, 100.000000, 3.00, 0.20, 0.00, 19.50, 83.38331, 0.00 
 
50.00, 43.50, 6.50, 100.000000, 3.00, 0.20, 0.00, 19.50, 83.81621, 0.00 
 
50.00, 43.00, 7.00, 100.000000, 3.00, 0.20, 0.00, 21.00, 84.28240, 0.00 
 
50.00, 44.00, 6.00, 100.000000, 3.00, 0.20, 0.00, 18.00, 84.68200, -0.00 
 
50.00, 44.00, 6.00, 100.000000, 3.00, 0.20, 0.00, 18.00, 85.08160, 0.00 
 
50.00, 44.50, 5.50, 100.000000, 3.00, 0.20, 0.00, 16.50, 85.44790, -0.00 
 
50.00, 44.50, 5.50, 100.000000, 3.00, 0.20, 0.00, 16.50, 85.81420, 0.00 
 
50.00, 44.50, 5.50, 100.000000, 3.00, 0.20, 0.00, 16.50, 86.18050, 0.00 
 
50.00, 44.50, 5.50, 100.000000, 3.00, 0.20, 0.00, 16.50, 86.54681, 0.00 
 
50.00, 44.00, 6.00, 100.000000, 3.00, 0.20, 0.00, 18.00, 86.94640, 0.00 
 
50.00, 45.00, 5.00, 100.000000, 3.00, 0.20, 0.00, 15.00, 87.27941, -0.00 
 
50.00, 45.00, 5.00, 100.000000, 3.00, 0.20, 0.00, 15.00, 87.61241, 0.00 
 
50.00, 45.00, 5.00, 100.000000, 3.00, 0.20, 0.00, 15.00, 87.94541, 0.00 
 
50.00, 45.50, 4.50, 100.000000, 3.00, 0.20, 0.00, 13.50, 88.24511, -0.00 
 
50.00, 45.50, 4.50, 100.000000, 3.00, 0.20, 0.00, 13.50, 88.54482, 0.00 
 
50.00, 45.50, 4.50, 100.000000, 3.00, 0.20, 0.00, 13.50, 88.84451, 0.00 
 
50.00, 45.50, 4.50, 100.000000, 3.00, 0.20, 0.00, 13.50, 89.14422, 0.00 
 
50.00, 45.00, 5.00, 100.000000, 3.00, 0.20, 0.00, 15.00, 89.47722, 0.00 
 
50.00, 46.00, 4.00, 100.000000, 3.00, 0.20, 0.00, 12.00, 89.74361, -0.00 
 
50.00, 46.00, 4.00, 100.000000, 3.00, 0.20, 0.00, 12.00, 90.01002, 0.00 
 
50.00, 46.00, 4.00, 100.000000, 3.00, 0.20, 0.00, 12.00, 90.27642, 0.00 
 
50.00, 46.00, 4.00, 100.000000, 3.00, 0.20, 0.00, 12.00, 90.54282, 0.00 
 
50.00, 46.50, 3.50, 100.000000, 3.00, 0.20, 0.00, 10.50, 90.77592, -0.00 
 
50.00, 46.50, 3.50, 100.000000, 3.00, 0.20, 0.00, 10.50, 91.00902, 0.00 
 
50.00, 46.50, 3.50, 100.000000, 3.00, 0.20, 0.00, 10.50, 91.24212, 0.00 
 
50.00, 46.50, 3.50, 100.000000, 3.00, 0.20, 0.00, 10.50, 91.47521, 0.00 
 
50.00, 46.00, 4.00, 100.000000, 3.00, 0.20, 0.00, 12.00, 91.74162, 0.00 
 
50.00, 47.00, 3.00, 100.000000, 3.00, 0.20, 0.00, 9.00, 91.94141, -0.00 
 
50.00, 47.00, 3.00, 100.000000, 3.00, 0.20, 0.00, 9.00, 92.14121, 0.00 
 
50.00, 47.00, 3.00, 100.000000, 3.00, 0.20, 0.00, 9.00, 92.34101, 0.00 
 
50.00, 47.00, 3.00, 100.000000, 3.00, 0.20, 0.00, 9.00, 92.54081, 0.00 
 
50.00, 47.50, 2.50, 100.000000, 3.00, 0.20, 0.00, 7.50, 92.70731, -0.00 
 
50.00, 47.50, 2.50, 100.000000, 3.00, 0.20, 0.00, 7.50, 92.87380, 0.00 
 
50.00, 47.50, 2.50, 100.000000, 3.00, 0.20, 0.00, 7.50, 93.04031, 0.00 
 
50.00, 47.50, 2.50, 100.000000, 3.00, 0.20, 0.00, 7.50, 93.20680, 0.00 
 
50.00, 47.00, 3.00, 100.000000, 3.00, 0.20, 0.00, 9.00, 93.40660, 0.00 
 
50.00, 48.00, 2.00, 99.539795, 3.00, 0.20, 0.00, 6.00, 93.53979, -0.00 
 
50.00, 48.00, 2.00, 99.672997, 3.00, 0.20, 0.00, 6.00, 93.67300, 0.00 
 
50.00, 48.00, 2.00, 99.806190, 3.00, 0.20, 0.00, 6.00, 93.80619, 0.00 
 
50.00, 48.00, 2.00, 99.939384, 3.00, 0.20, 0.00, 6.00, 93.93938, 0.00 
 
50.00, 48.00, 2.00, 100.000000, 3.00, 0.20, 0.00, 6.00, 94.07259, 0.00 
 
50.00, 48.00, 2.00, 100.000000, 3.00, 0.20, 0.00, 6.00, 94.20578, 0.00 
 
50.00, 48.50, 1.50, 98.805687, 3.00, 0.20, 0.00, 4.50, 94.30569, -0.00 
 
50.00, 48.50, 1.50, 98.905586, 3.00, 0.20, 0.00, 4.50, 94.40559, 0.00 
 
50.00, 48.50, 1.50, 99.005486, 3.00, 0.20, 0.00, 4.50, 94.50549, 0.00 
 
50.00, 48.50, 1.50, 99.105392, 3.00, 0.20, 0.00, 4.50, 94.60539, 0.00 
 
50.00, 48.00, 2.00, 100.000000, 3.00, 0.20, 0.00, 6.00, 94.73859, 0.00 
 
50.00, 49.00, 1.00, 97.805191, 3.00, 0.20, 0.00, 3.00, 94.80519, -0.00 
 
50.00, 49.00, 1.00, 97.871788, 3.00, 0.20, 0.00, 3.00, 94.87179, 0.00 
 
50.00, 49.00, 1.00, 97.938393, 3.00, 0.20, 0.00, 3.00, 94.93839, 0.00 
 
50.00, 49.00, 1.00, 98.004997, 3.00, 0.20, 0.00, 3.00, 95.00500, 0.00 
 
50.00, 49.00, 1.00, 98.071594, 3.00, 0.20, 0.00, 3.00, 95.07159, 0.00 
 
50.00, 49.50, 0.50, 96.604897, 3.00, 0.20, 0.00, 1.50, 95.10490, -0.00 
 
50.00, 49.50, 0.50, 96.638199, 3.00, 0.20, 0.00, 1.50, 95.13820, 0.00 
 
50.00, 49.50, 0.50, 96.671501, 3.00, 0.20, 0.00, 1.50, 95.17150, 0.00 
 
50.00, 49.50, 0.50, 96.704796, 3.00, 0.20, 0.00, 1.50, 95.20480, 0.00 
 
50.00, 49.50, 0.50, 96.738098, 3.00, 0.20, 0.00, 1.50, 95.23810, 0.00 
 
50.00, 49.50, 0.50, 96.771400, 3.00, 0.20, 0.00, 1.50, 95.27140, 0.00 
 
50.00, 49.50, 0.50, 96.804703, 3.00, 0.20, 0.00, 1.50, 95.30470, 0.00 
 
50.00, 49.50, 0.50, 96.838005, 3.00, 0.20, 0.00, 1.50, 95.33801, 0.00 
 
50.00, 49.00, 1.00, 98.404602, 3.00, 0.20, 0.00, 3.00, 95.40460, 0.00 
 
50.00, 50.00, 0.00, 95.404602, 3.00, 0.20, 0.00, 0.00, 95.40460, -0.00 
 
50.00, 50.00, 0.00, 95.404602, 3.00, 0.20, 0.00, 0.00, 95.40460, 0.00 
 
50.00, 50.00, 0.00, 95.404602, 3.00, 0.20, 0.00, 0.00, 95.40460, 0.00 
 
50.00, 50.00, 0.00, 95.404602, 3.00, 0.20, 0.00, 0.00, 95.40460, 0.00 
 
50.00, 50.50, -0.50, 93.871300, 3.00, 0.20, 0.00, -1.50, 95.37130, -0.00 
 
50.00, 50.00, 0.00, 95.371300, 3.00, 0.20, 0.00, 0.00, 95.37130, 0.00 
 
50.00, 50.50, -0.50, 93.838005, 3.00, 0.20, 0.00, -1.50, 95.33801, -0.00 
 
50.00, 50.50, -0.50, 93.804703, 3.00, 0.20, 0.00, -1.50, 95.30470, 0.00 
 
50.00, 50.50, -0.50, 93.771400, 3.00, 0.20, 0.00, -1.50, 95.27140, 0.00 
 
50.00, 50.50, -0.50, 93.738098, 3.00, 0.20, 0.00, -1.50, 95.23810, 0.00 
 
50.00, 50.50, -0.50, 93.704796, 3.00, 0.20, 0.00, -1.50, 95.20480, 0.00 
 
50.00, 50.50, -0.50, 93.671501, 3.00, 0.20, 0.00, -1.50, 95.17150, 0.00 
 
50.00, 50.50, -0.50, 93.638199, 3.00, 0.20, 0.00, -1.50, 95.13820, 0.00 
 
50.00, 50.50, -0.50, 93.604897, 3.00, 0.20, 0.00, -1.50, 95.10490, 0.00 
 
50.00, 50.50, -0.50, 93.571594, 3.00, 0.20, 0.00, -1.50, 95.07159, 0.00 
 
50.00, 50.50, -0.50, 93.538292, 3.00, 0.20, 0.00, -1.50, 95.03829, 0.00 
 
50.00, 50.00, 0.00, 95.038292, 3.00, 0.20, 0.00, 0.00, 95.03829, 0.00 
 
50.00, 51.00, -1.00, 91.971695, 3.00, 0.20, 0.00, -3.00, 94.97169, -0.00 
 
50.00, 51.00, -1.00, 91.905090, 3.00, 0.20, 0.00, -3.00, 94.90509, 0.00 
 
50.00, 51.00, -1.00, 91.838493, 3.00, 0.20, 0.00, -3.00, 94.83849, 0.00 
 
50.00, 51.00, -1.00, 91.771889, 3.00, 0.20, 0.00, -3.00, 94.77189, 0.00 
 
50.00, 51.00, -1.00, 91.705284, 3.00, 0.20, 0.00, -3.00, 94.70528, 0.00 
 
50.00, 51.00, -1.00, 91.638687, 3.00, 0.20, 0.00, -3.00, 94.63869, 0.00 
 
50.00, 51.50, -1.50, 90.038780, 3.00, 0.20, 0.00, -4.50, 94.53878, -0.00 
 
50.00, 51.50, -1.50, 89.938881, 3.00, 0.20, 0.00, -4.50, 94.43888, 0.00 
 
50.00, 51.50, -1.50, 89.838982, 3.00, 0.20, 0.00, -4.50, 94.33898, 0.00 
 
50.00, 51.50, -1.50, 89.739075, 3.00, 0.20, 0.00, -4.50, 94.23907, 0.00 
 
50.00, 51.50, -1.50, 89.639175, 3.00, 0.20, 0.00, -4.50, 94.13918, 0.00 
 
50.00, 51.50, -1.50, 89.539268, 3.00, 0.20, 0.00, -4.50, 94.03927, 0.00 
 
50.00, 51.50, -1.50, 89.439369, 3.00, 0.20, 0.00, -4.50, 93.93937, 0.00 
 
50.00, 51.50, -1.50, 89.339470, 3.00, 0.20, 0.00, -4.50, 93.83947, 0.00 
 
50.00, 51.50, -1.50, 89.239563, 3.00, 0.20, 0.00, -4.50, 93.73956, 0.00 
 
50.00, 51.50, -1.50, 89.139664, 3.00, 0.20, 0.00, -4.50, 93.63966, 0.00 
 
50.00, 51.50, -1.50, 89.039757, 3.00, 0.20, 0.00, -4.50, 93.53976, 0.00 
 
50.00, 51.50, -1.50, 88.939857, 3.00, 0.20, 0.00, -4.50, 93.43986, 0.00 
 
50.00, 51.50, -1.50, 88.839958, 3.00, 0.20, 0.00, -4.50, 93.33996, 0.00 
 
50.00, 51.00, -1.00, 90.273354, 3.00, 0.20, 0.00, -3.00, 93.27335, 0.00 
 
50.00, 52.00, -2.00, 87.140160, 3.00, 0.20, 0.00, -6.00, 93.14016, -0.00 
 
50.00, 52.00, -2.00, 87.006958, 3.00, 0.20, 0.00, -6.00, 93.00696, 0.00 
 
50.00, 52.00, -2.00, 86.873764, 3.00, 0.20, 0.00, -6.00, 92.87376, 0.00 
 
50.00, 52.00, -2.00, 86.740562, 3.00, 0.20, 0.00, -6.00, 92.74056, 0.00 
 
50.00, 52.00, -2.00, 86.607368, 3.00, 0.20, 0.00, -6.00, 92.60737, 0.00 
 
50.00, 52.00, -2.00, 86.474174, 3.00, 0.20, 0.00, -6.00, 92.47417, 0.00 
 
50.00, 52.00, -2.00, 86.340973, 3.00, 0.20, 0.00, -6.00, 92.34097, 0.00 
 
50.00, 52.00, -2.00, 86.207779, 3.00, 0.20, 0.00, -6.00, 92.20778, 0.00 
 
50.00, 52.00, -2.00, 86.074577, 3.00, 0.20, 0.00, -6.00, 92.07458, 0.00 
 
50.00, 52.00, -2.00, 85.941383, 3.00, 0.20, 0.00, -6.00, 91.94138, 0.00 
 
50.00, 52.00, -2.00, 85.808189, 3.00, 0.20, 0.00, -6.00, 91.80819, 0.00 
 
50.00, 52.00, -2.00, 85.674988, 3.00, 0.20, 0.00, -6.00, 91.67499, 0.00 
 
50.00, 52.00, -2.00, 85.541794, 3.00, 0.20, 0.00, -6.00, 91.54179, 0.00 
 
50.00, 52.00, -2.00, 85.408592, 3.00, 0.20, 0.00, -6.00, 91.40859, 0.00 
 
50.00, 52.50, -2.50, 83.742096, 3.00, 0.20, 0.00, -7.50, 91.24210, -0.00 
 
50.00, 52.50, -2.50, 83.575600, 3.00, 0.20, 0.00, -7.50, 91.07560, 0.00 
 
50.00, 52.50, -2.50, 83.409103, 3.00, 0.20, 0.00, -7.50, 90.90910, 0.00 
 
50.00, 52.50, -2.50, 83.242607, 3.00, 0.20, 0.00, -7.50, 90.74261, 0.00 
 
50.00, 52.50, -2.50, 83.076103, 3.00, 0.20, 0.00, -7.50, 90.57610, 0.00 
 
50.00, 52.50, -2.50, 82.909607, 3.00, 0.20, 0.00, -7.50, 90.40961, 0.00 
 
50.00, 52.50, -2.50, 82.743111, 3.00, 0.20, 0.00, -7.50, 90.24311, 0.00 
 
50.00, 52.50, -2.50, 82.576614, 3.00, 0.20, 0.00, -7.50, 90.07661, 0.00 
 
50.00, 52.50, -2.50, 82.410118, 3.00, 0.20, 0.00, -7.50, 89.91012, 0.00 
 
50.00, 52.50, -2.50, 82.243614, 3.00, 0.20, 0.00, -7.50, 89.74361, 0.00 
 
50.00, 52.50, -2.50, 82.077118, 3.00, 0.20, 0.00, -7.50, 89.57712, 0.00 
 
50.00, 52.50, -2.50, 81.910622, 3.00, 0.20, 0.00, -7.50, 89.41062, 0.00 
 
50.00, 52.50, -2.50, 81.744125, 3.00, 0.20, 0.00, -7.50, 89.24413, 0.00 
 
50.00, 52.50, -2.50, 81.577629, 3.00, 0.20, 0.00, -7.50, 89.07763, 0.00 
 
50.00, 52.50, -2.50, 81.411125, 3.00, 0.20, 0.00, -7.50, 88.91113, 0.00 
 
50.00, 52.50, -2.50, 81.244629, 3.00, 0.20, 0.00, -7.50, 88.74463, 0.00 
 
50.00, 52.50, -2.50, 81.078133, 3.00, 0.20, 0.00, -7.50, 88.57813, 0.00 
 
50.00, 52.50, -2.50, 80.911636, 3.00, 0.20, 0.00, -7.50, 88.41164, 0.00 
 
50.00, 52.50, -2.50, 80.745140, 3.00, 0.20, 0.00, -7.50, 88.24514, 0.00 
 
50.00, 52.00, -2.00, 82.111938, 3.00, 0.20, 0.00, -6.00, 88.11194, 0.00 
 
50.00, 53.50, -3.50, 77.378838, 3.00, 0.20, 0.00, -10.50, 87.87884, -0.00 
 
50.00, 52.50, -2.50, 80.212341, 3.00, 0.20, 0.00, -7.50, 87.71234, 0.00 
 
50.00, 52.50, -2.50, 80.045845, 3.00, 0.20, 0.00, -7.50, 87.54585, 0.00 
 
50.00, 52.50, -2.50, 79.879349, 3.00, 0.20, 0.00, -7.50, 87.37935, 0.00 
 
50.00, 52.00, -2.00, 81.246147, 3.00, 0.20, 0.00, -6.00, 87.24615, 0.00 
 
50.00, 53.00, -3.00, 78.046349, 3.00, 0.20, 0.00, -9.00, 87.04635, -0.00 
 
50.00, 53.00, -3.00, 77.846550, 3.00, 0.20, 0.00, -9.00, 86.84655, 0.00 
 
50.00, 53.50, -3.50, 76.113457, 3.00, 0.20, 0.00, -10.50, 86.61346, -0.00 
 
50.00, 52.50, -2.50, 78.946953, 3.00, 0.20, 0.00, -7.50, 86.44695, 0.00 
 
50.00, 52.00, -2.00, 80.313759, 3.00, 0.20, 0.00, -6.00, 86.31376, 0.00 
 
50.00, 53.50, -3.50, 75.580658, 3.00, 0.20, 0.00, -10.50, 86.08066, -0.00 
 
50.00, 52.00, -2.00, 79.947464, 3.00, 0.20, 0.00, -6.00, 85.94746, 0.00 
 
50.00, 53.00, -3.00, 76.747665, 3.00, 0.20, 0.00, -9.00, 85.74767, -0.00 
 
50.00, 53.00, -3.00, 76.547867, 3.00, 0.20, 0.00, -9.00, 85.54787, 0.00 
 
50.00, 53.00, -3.00, 76.348068, 3.00, 0.20, 0.00, -9.00, 85.34807, 0.00 
 
50.00, 53.00, -3.00, 76.148270, 3.00, 0.20, 0.00, -9.00, 85.14827, 0.00 
 
50.00, 53.00, -3.00, 75.948471, 3.00, 0.20, 0.00, -9.00, 84.94847, 0.00 
 
50.00, 53.00, -3.00, 75.748672, 3.00, 0.20, 0.00, -9.00, 84.74867, 0.00 
 
50.00, 53.00, -3.00, 75.548874, 3.00, 0.20, 0.00, -9.00, 84.54887, 0.00 
 
50.00, 53.00, -3.00, 75.349075, 3.00, 0.20, 0.00, -9.00, 84.34908, 0.00 
 
50.00, 53.00, -3.00, 75.149277, 3.00, 0.20, 0.00, -9.00, 84.14928, 0.00 
 
50.00, 53.00, -3.00, 74.949478, 3.00, 0.20, 0.00, -9.00, 83.94948, 0.00 
 
50.00, 53.00, -3.00, 74.749680, 3.00, 0.20, 0.00, -9.00, 83.74968, 0.00 
 
50.00, 53.00, -3.00, 74.549881, 3.00, 0.20, 0.00, -9.00, 83.54988, 0.00 
 
50.00, 53.00, -3.00, 74.350082, 3.00, 0.20, 0.00, -9.00, 83.35008, 0.00 
 
50.00, 53.00, -3.00, 74.150284, 3.00, 0.20, 0.00, -9.00, 83.15028, 0.00 
 
50.00, 53.00, -3.00, 73.950485, 3.00, 0.20, 0.00, -9.00, 82.95049, 0.00 
 
50.00, 53.00, -3.00, 73.750687, 3.00, 0.20, 0.00, -9.00, 82.75069, 0.00 
 
50.00, 53.50, -3.50, 72.017586, 3.00, 0.20, 0.00, -10.50, 82.51759, -0.00 
 
50.00, 52.00, -2.00, 76.384392, 3.00, 0.20, 0.00, -6.00, 82.38439, 0.00 
 
50.00, 53.00, -3.00, 73.184593, 3.00, 0.20, 0.00, -9.00, 82.18459, -0.00 
 
50.00, 53.00, -3.00, 72.984795, 3.00, 0.20, 0.00, -9.00, 81.98479, 0.00 
 
50.00, 53.00, -3.00, 72.784996, 3.00, 0.20, 0.00, -9.00, 81.78500, 0.00 
 
50.00, 53.00, -3.00, 72.585197, 3.00, 0.20, 0.00, -9.00, 81.58520, 0.00 
 
50.00, 53.00, -3.00, 72.385399, 3.00, 0.20, 0.00, -9.00, 81.38540, 0.00 
 
50.00, 53.00, -3.00, 72.185600, 3.00, 0.20, 0.00, -9.00, 81.18560, 0.00 
 
50.00, 53.00, -3.00, 71.985802, 3.00, 0.20, 0.00, -9.00, 80.98580, 0.00 
 
50.00, 53.00, -3.00, 71.786003, 3.00, 0.20, 0.00, -9.00, 80.78600, 0.00 
 
50.00, 53.50, -3.50, 70.052902, 3.00, 0.20, 0.00, -10.50, 80.55290, -0.00 
 
50.00, 52.00, -2.00, 74.419701, 3.00, 0.20, 0.00, -6.00, 80.41970, 0.00 
 
50.00, 53.00, -3.00, 71.219902, 3.00, 0.20, 0.00, -9.00, 80.21990, -0.00 
 
50.00, 53.00, -3.00, 71.020103, 3.00, 0.20, 0.00, -9.00, 80.02010, 0.00 
 
50.00, 53.50, -3.50, 69.287010, 3.00, 0.20, 0.00, -10.50, 79.78701, -0.00 
 
50.00, 52.00, -2.00, 73.653809, 3.00, 0.20, 0.00, -6.00, 79.65381, 0.00 
 
50.00, 53.00, -3.00, 70.454010, 3.00, 0.20, 0.00, -9.00, 79.45401, -0.00 
 
50.00, 53.50, -3.50, 68.720909, 3.00, 0.20, 0.00, -10.50, 79.22091, -0.00 
 
50.00, 52.00, -2.00, 73.087715, 3.00, 0.20, 0.00, -6.00, 79.08772, 0.00 
 
50.00, 53.00, -3.00, 69.887917, 3.00, 0.20, 0.00, -9.00, 78.88792, -0.00 
 
50.00, 53.00, -3.00, 69.688118, 3.00, 0.20, 0.00, -9.00, 78.68812, 0.00 
 
50.00, 53.00, -3.00, 69.488319, 3.00, 0.20, 0.00, -9.00, 78.48832, 0.00 
 
50.00, 53.50, -3.50, 67.755219, 3.00, 0.20, 0.00, -10.50, 78.25522, -0.00 
 
50.00, 52.50, -2.50, 70.588722, 3.00, 0.20, 0.00, -7.50, 78.08872, 0.00 
 
50.00, 52.50, -2.50, 70.422226, 3.00, 0.20, 0.00, -7.50, 77.92223, 0.00 
 
50.00, 52.50, -2.50, 70.255730, 3.00, 0.20, 0.00, -7.50, 77.75573, 0.00 
 
50.00, 52.50, -2.50, 70.089226, 3.00, 0.20, 0.00, -7.50, 77.58923, 0.00 
 
50.00, 52.50, -2.50, 69.922729, 3.00, 0.20, 0.00, -7.50, 77.42273, 0.00 
 
50.00, 52.50, -2.50, 69.756233, 3.00, 0.20, 0.00, -7.50, 77.25623, 0.00 
 
50.00, 52.50, -2.50, 69.589737, 3.00, 0.20, 0.00, -7.50, 77.08974, 0.00 
 
50.00, 52.50, -2.50, 69.423241, 3.00, 0.20, 0.00, -7.50, 76.92324, 0.00 
 
50.00, 52.50, -2.50, 69.256737, 3.00, 0.20, 0.00, -7.50, 76.75674, 0.00 
 
50.00, 52.50, -2.50, 69.090240, 3.00, 0.20, 0.00, -7.50, 76.59024, 0.00 
 
50.00, 52.50, -2.50, 68.923744, 3.00, 0.20, 0.00, -7.50, 76.42374, 0.00 
 
50.00, 52.50, -2.50, 68.757248, 3.00, 0.20, 0.00, -7.50, 76.25725, 0.00 
 
50.00, 52.50, -2.50, 68.590752, 3.00, 0.20, 0.00, -7.50, 76.09075, 0.00 
 
50.00, 52.50, -2.50, 68.424248, 3.00, 0.20, 0.00, -7.50, 75.92425, 0.00 
 
50.00, 52.50, -2.50, 68.257751, 3.00, 0.20, 0.00, -7.50, 75.75775, 0.00 
 
50.00, 52.50, -2.50, 68.091255, 3.00, 0.20, 0.00, -7.50, 75.59126, 0.00 
 
50.00, 52.50, -2.50, 67.924759, 3.00, 0.20, 0.00, -7.50, 75.42476, 0.00 
 
50.00, 52.50, -2.50, 67.758263, 3.00, 0.20, 0.00, -7.50, 75.25826, 0.00 
 
50.00, 52.50, -2.50, 67.591759, 3.00, 0.20, 0.00, -7.50, 75.09176, 0.00 
 
50.00, 52.50, -2.50, 67.425262, 3.00, 0.20, 0.00, -7.50, 74.92526, 0.00 
 
50.00, 52.50, -2.50, 67.258766, 3.00, 0.20, 0.00, -7.50, 74.75877, 0.00 
 
50.00, 52.50, -2.50, 67.092270, 3.00, 0.20, 0.00, -7.50, 74.59227, 0.00 
 
50.00, 52.50, -2.50, 66.925774, 3.00, 0.20, 0.00, -7.50, 74.42577, 0.00 
 
50.00, 52.50, -2.50, 66.759270, 3.00, 0.20, 0.00, -7.50, 74.25927, 0.00 
 
50.00, 52.50, -2.50, 66.592773, 3.00, 0.20, 0.00, -7.50, 74.09277, 0.00 
 
50.00, 52.50, -2.50, 66.426277, 3.00, 0.20, 0.00, -7.50, 73.92628, 0.00 
 
50.00, 52.50, -2.50, 66.259781, 3.00, 0.20, 0.00, -7.50, 73.75978, 0.00 
 
50.00, 52.50, -2.50, 66.093285, 3.00, 0.20, 0.00, -7.50, 73.59328, 0.00 
 
50.00, 52.50, -2.50, 65.926781, 3.00, 0.20, 0.00, -7.50, 73.42678, 0.00 
 
50.00, 52.50, -2.50, 65.760284, 3.00, 0.20, 0.00, -7.50, 73.26028, 0.00 
 
50.00, 52.50, -2.50, 65.593788, 3.00, 0.20, 0.00, -7.50, 73.09379, 0.00 
 
50.00, 52.50, -2.50, 65.427292, 3.00, 0.20, 0.00, -7.50, 72.92729, 0.00 
 
50.00, 52.50, -2.50, 65.260796, 3.00, 0.20, 0.00, -7.50, 72.76080, 0.00 
 
50.00, 52.50, -2.50, 65.094292, 3.00, 0.20, 0.00, -7.50, 72.59429, 0.00 
 
50.00, 52.50, -2.50, 64.927795, 3.00, 0.20, 0.00, -7.50, 72.42780, 0.00 
 
50.00, 52.50, -2.50, 64.761299, 3.00, 0.20, 0.00, -7.50, 72.26130, 0.00 
 
50.00, 52.50, -2.50, 64.594803, 3.00, 0.20, 0.00, -7.50, 72.09480, 0.00 
 
50.00, 52.50, -2.50, 64.428307, 3.00, 0.20, 0.00, -7.50, 71.92831, 0.00 
 
50.00, 52.50, -2.50, 64.261803, 3.00, 0.20, 0.00, -7.50, 71.76180, 0.00 
 
50.00, 52.50, -2.50, 64.095306, 3.00, 0.20, 0.00, -7.50, 71.59531, 0.00 
 
50.00, 52.50, -2.50, 63.928810, 3.00, 0.20, 0.00, -7.50, 71.42881, 0.00 
 
50.00, 52.50, -2.50, 63.762314, 3.00, 0.20, 0.00, -7.50, 71.26231, 0.00 
 
50.00, 52.00, -2.00, 65.129112, 3.00, 0.20, 0.00, -6.00, 71.12911, 0.00 
 
50.00, 52.00, -2.00, 64.995918, 3.00, 0.20, 0.00, -6.00, 70.99592, 0.00 
 
50.00, 52.00, -2.00, 64.862724, 3.00, 0.20, 0.00, -6.00, 70.86272, 0.00 
 
50.00, 52.00, -2.00, 64.729523, 3.00, 0.20, 0.00, -6.00, 70.72952, 0.00 
 
50.00, 52.50, -2.50, 63.063026, 3.00, 0.20, 0.00, -7.50, 70.56303, -0.00 
 
50.00, 52.00, -2.00, 64.429832, 3.00, 0.20, 0.00, -6.00, 70.42983, 0.00 
 
50.00, 52.00, -2.00, 64.296631, 3.00, 0.20, 0.00, -6.00, 70.29663, 0.00 
 
50.00, 52.00, -2.00, 64.163437, 3.00, 0.20, 0.00, -6.00, 70.16344, 0.00 
 
50.00, 52.00, -2.00, 64.030235, 3.00, 0.20, 0.00, -6.00, 70.03024, 0.00 
 
50.00, 52.00, -2.00, 63.897041, 3.00, 0.20, 0.00, -6.00, 69.89704, 0.00 
 
50.00, 52.00, -2.00, 63.763847, 3.00, 0.20, 0.00, -6.00, 69.76385, 0.00 
 
50.00, 52.00, -2.00, 63.630646, 3.00, 0.20, 0.00, -6.00, 69.63065, 0.00 
 
50.00, 52.00, -2.00, 63.497452, 3.00, 0.20, 0.00, -6.00, 69.49745, 0.00 
 
50.00, 52.00, -2.00, 63.364250, 3.00, 0.20, 0.00, -6.00, 69.36425, 0.00 
 
50.00, 52.00, -2.00, 63.231056, 3.00, 0.20, 0.00, -6.00, 69.23106, 0.00 
 
50.00, 52.00, -2.00, 63.097862, 3.00, 0.20, 0.00, -6.00, 69.09786, 0.00 
 
50.00, 52.00, -2.00, 62.964661, 3.00, 0.20, 0.00, -6.00, 68.96466, 0.00 
 
50.00, 52.00, -2.00, 62.831467, 3.00, 0.20, 0.00, -6.00, 68.83147, 0.00 
 
50.00, 52.00, -2.00, 62.698265, 3.00, 0.20, 0.00, -6.00, 68.69827, 0.00 
 
50.00, 52.00, -2.00, 62.565071, 3.00, 0.20, 0.00, -6.00, 68.56507, 0.00 
 
50.00, 52.00, -2.00, 62.431877, 3.00, 0.20, 0.00, -6.00, 68.43188, 0.00 
 
50.00, 52.00, -2.00, 62.298676, 3.00, 0.20, 0.00, -6.00, 68.29868, 0.00 
 
50.00, 52.00, -2.00, 62.165482, 3.00, 0.20, 0.00, -6.00, 68.16548, 0.00 
 
50.00, 52.00, -2.00, 62.032280, 3.00, 0.20, 0.00, -6.00, 68.03228, 0.00 
 
50.00, 52.00, -2.00, 61.899086, 3.00, 0.20, 0.00, -6.00, 67.89909, 0.00 
 
50.00, 52.00, -2.00, 61.765892, 3.00, 0.20, 0.00, -6.00, 67.76589, 0.00 
 
50.00, 52.00, -2.00, 61.632690, 3.00, 0.20, 0.00, -6.00, 67.63269, 0.00 
 
50.00, 52.00, -2.00, 61.499496, 3.00, 0.20, 0.00, -6.00, 67.49950, 0.00 
 
50.00, 52.00, -2.00, 61.366295, 3.00, 0.20, 0.00, -6.00, 67.36629, 0.00 
 
50.00, 52.00, -2.00, 61.233101, 3.00, 0.20, 0.00, -6.00, 67.23310, 0.00 
 
50.00, 52.00, -2.00, 61.099907, 3.00, 0.20, 0.00, -6.00, 67.09991, 0.00 
 
50.00, 52.00, -2.00, 60.966705, 3.00, 0.20, 0.00, -6.00, 66.96671, 0.00 
 
50.00, 52.00, -2.00, 60.833511, 3.00, 0.20, 0.00, -6.00, 66.83351, 0.00 
 
50.00, 52.50, -2.50, 59.167015, 3.00, 0.20, 0.00, -7.50, 66.66702, -0.00 
 
50.00, 51.00, -1.00, 63.600410, 3.00, 0.20, 0.00, -3.00, 66.60041, 0.00 
 
50.00, 52.00, -2.00, 60.467216, 3.00, 0.20, 0.00, -6.00, 66.46722, -0.00 
 
50.00, 52.00, -2.00, 60.334015, 3.00, 0.20, 0.00, -6.00, 66.33401, 0.00 
 
50.00, 52.00, -2.00, 60.200821, 3.00, 0.20, 0.00, -6.00, 66.20082, 0.00 
 
50.00, 52.00, -2.00, 60.067619, 3.00, 0.20, 0.00, -6.00, 66.06762, 0.00 
 
50.00, 52.50, -2.50, 58.401123, 3.00, 0.20, 0.00, -7.50, 65.90112, -0.00 
 
50.00, 51.50, -1.50, 61.301224, 3.00, 0.20, 0.00, -4.50, 65.80122, 0.00 
 
50.00, 51.50, -1.50, 61.201317, 3.00, 0.20, 0.00, -4.50, 65.70132, 0.00 
 
50.00, 51.50, -1.50, 61.101418, 3.00, 0.20, 0.00, -4.50, 65.60142, 0.00 
 
50.00, 51.50, -1.50, 61.001518, 3.00, 0.20, 0.00, -4.50, 65.50152, 0.00 
 
50.00, 51.50, -1.50, 60.901611, 3.00, 0.20, 0.00, -4.50, 65.40161, 0.00 
 
50.00, 51.50, -1.50, 60.801712, 3.00, 0.20, 0.00, -4.50, 65.30171, 0.00 
 
50.00, 51.50, -1.50, 60.701805, 3.00, 0.20, 0.00, -4.50, 65.20181, 0.00 
 
50.00, 51.50, -1.50, 60.601906, 3.00, 0.20, 0.00, -4.50, 65.10191, 0.00 
 
50.00, 51.50, -1.50, 60.502007, 3.00, 0.20, 0.00, -4.50, 65.00201, 0.00 
 
50.00, 51.50, -1.50, 60.402100, 3.00, 0.20, 0.00, -4.50, 64.90210, 0.00 
 
50.00, 51.50, -1.50, 60.302200, 3.00, 0.20, 0.00, -4.50, 64.80220, 0.00 
 
50.00, 51.50, -1.50, 60.202293, 3.00, 0.20, 0.00, -4.50, 64.70229, 0.00 
 
50.00, 51.50, -1.50, 60.102394, 3.00, 0.20, 0.00, -4.50, 64.60239, 0.00 
 
50.00, 51.50, -1.50, 60.002495, 3.00, 0.20, 0.00, -4.50, 64.50249, 0.00 
 
50.00, 51.50, -1.50, 59.902588, 3.00, 0.20, 0.00, -4.50, 64.40259, 0.00 
 
50.00, 51.50, -1.50, 59.802689, 3.00, 0.20, 0.00, -4.50, 64.30269, 0.00 
 
50.00, 51.50, -1.50, 59.702782, 3.00, 0.20, 0.00, -4.50, 64.20278, 0.00 
 
50.00, 51.50, -1.50, 59.602882, 3.00, 0.20, 0.00, -4.50, 64.10288, 0.00 
 
50.00, 51.50, -1.50, 59.502983, 3.00, 0.20, 0.00, -4.50, 64.00298, 0.00 
 
50.00, 51.50, -1.50, 59.403076, 3.00, 0.20, 0.00, -4.50, 63.90308, 0.00 
 
50.00, 51.50, -1.50, 59.303173, 3.00, 0.20, 0.00, -4.50, 63.80317, 0.00 
 
50.00, 51.50, -1.50, 59.203274, 3.00, 0.20, 0.00, -4.50, 63.70327, 0.00 
 
50.00, 51.50, -1.50, 59.103371, 3.00, 0.20, 0.00, -4.50, 63.60337, 0.00 
 
50.00, 51.50, -1.50, 59.003468, 3.00, 0.20, 0.00, -4.50, 63.50347, 0.00 
 
50.00, 51.50, -1.50, 58.903564, 3.00, 0.20, 0.00, -4.50, 63.40356, 0.00 
 
50.00, 51.50, -1.50, 58.803661, 3.00, 0.20, 0.00, -4.50, 63.30366, 0.00 
 
50.00, 51.50, -1.50, 58.703762, 3.00, 0.20, 0.00, -4.50, 63.20376, 0.00 
 
50.00, 51.50, -1.50, 58.603859, 3.00, 0.20, 0.00, -4.50, 63.10386, 0.00 
 
50.00, 51.50, -1.50, 58.503956, 3.00, 0.20, 0.00, -4.50, 63.00396, 0.00 
 
50.00, 51.50, -1.50, 58.404053, 3.00, 0.20, 0.00, -4.50, 62.90405, 0.00 
 
50.00, 51.50, -1.50, 58.304150, 3.00, 0.20, 0.00, -4.50, 62.80415, 0.00 
 
50.00, 51.50, -1.50, 58.204250, 3.00, 0.20, 0.00, -4.50, 62.70425, 0.00 
 
50.00, 51.50, -1.50, 58.104347, 3.00, 0.20, 0.00, -4.50, 62.60435, 0.00 
 
50.00, 51.50, -1.50, 58.004444, 3.00, 0.20, 0.00, -4.50, 62.50444, 0.00 
 
50.00, 51.00, -1.00, 59.437843, 3.00, 0.20, 0.00, -3.00, 62.43784, 0.00 
 
50.00, 51.50, -1.50, 57.837940, 3.00, 0.20, 0.00, -4.50, 62.33794, -0.00 
 
50.00, 51.00, -1.00, 59.271339, 3.00, 0.20, 0.00, -3.00, 62.27134, 0.00 
 
50.00, 51.50, -1.50, 57.671436, 3.00, 0.20, 0.00, -4.50, 62.17144, -0.00 
 
50.00, 51.50, -1.50, 57.571533, 3.00, 0.20, 0.00, -4.50, 62.07153, 0.00 
 
50.00, 51.00, -1.00, 59.004932, 3.00, 0.20, 0.00, -3.00, 62.00493, 0.00 
 
50.00, 51.50, -1.50, 57.405029, 3.00, 0.20, 0.00, -4.50, 61.90503, -0.00 
 
50.00, 51.00, -1.00, 58.838428, 3.00, 0.20, 0.00, -3.00, 61.83843, 0.00 
 
50.00, 51.50, -1.50, 57.238525, 3.00, 0.20, 0.00, -4.50, 61.73853, -0.00 
 
50.00, 51.50, -1.50, 57.138622, 3.00, 0.20, 0.00, -4.50, 61.63862, 0.00 
 
50.00, 51.00, -1.00, 58.572021, 3.00, 0.20, 0.00, -3.00, 61.57202, 0.00 
 
50.00, 51.00, -1.00, 58.505421, 3.00, 0.20, 0.00, -3.00, 61.50542, 0.00 
 
50.00, 51.00, -1.00, 58.438820, 3.00, 0.20, 0.00, -3.00, 61.43882, 0.00 
 
50.00, 51.00, -1.00, 58.372219, 3.00, 0.20, 0.00, -3.00, 61.37222, 0.00 
 
50.00, 51.00, -1.00, 58.305614, 3.00, 0.20, 0.00, -3.00, 61.30561, 0.00 
 
50.00, 51.00, -1.00, 58.239014, 3.00, 0.20, 0.00, -3.00, 61.23901, 0.00 
 
50.00, 51.00, -1.00, 58.172413, 3.00, 0.20, 0.00, -3.00, 61.17241, 0.00 
 
50.00, 51.00, -1.00, 58.105812, 3.00, 0.20, 0.00, -3.00, 61.10581, 0.00 
 
50.00, 51.00, -1.00, 58.039211, 3.00, 0.20, 0.00, -3.00, 61.03921, 0.00 
 
50.00, 51.00, -1.00, 57.972607, 3.00, 0.20, 0.00, -3.00, 60.97261, 0.00 
 
50.00, 51.00, -1.00, 57.906006, 3.00, 0.20, 0.00, -3.00, 60.90601, 0.00 
 
50.00, 51.00, -1.00, 57.839405, 3.00, 0.20, 0.00, -3.00, 60.83941, 0.00 
 
50.00, 51.00, -1.00, 57.772804, 3.00, 0.20, 0.00, -3.00, 60.77280, 0.00 
 
50.00, 51.00, -1.00, 57.706203, 3.00, 0.20, 0.00, -3.00, 60.70620, 0.00 
 
50.00, 51.00, -1.00, 57.639599, 3.00, 0.20, 0.00, -3.00, 60.63960, 0.00 
 
50.00, 51.00, -1.00, 57.572998, 3.00, 0.20, 0.00, -3.00, 60.57300, 0.00 
 
50.00, 51.00, -1.00, 57.506397, 3.00, 0.20, 0.00, -3.00, 60.50640, 0.00 
 
50.00, 51.00, -1.00, 57.439796, 3.00, 0.20, 0.00, -3.00, 60.43980, 0.00 
 
50.00, 51.00, -1.00, 57.373196, 3.00, 0.20, 0.00, -3.00, 60.37320, 0.00 
 
50.00, 51.00, -1.00, 57.306591, 3.00, 0.20, 0.00, -3.00, 60.30659, 0.00 
 
50.00, 51.00, -1.00, 57.239990, 3.00, 0.20, 0.00, -3.00, 60.23999, 0.00 
 
50.00, 51.00, -1.00, 57.173389, 3.00, 0.20, 0.00, -3.00, 60.17339, 0.00 
 
50.00, 51.00, -1.00, 57.106789, 3.00, 0.20, 0.00, -3.00, 60.10679, 0.00 
 
50.00, 51.00, -1.00, 57.040188, 3.00, 0.20, 0.00, -3.00, 60.04019, 0.00 
 
50.00, 51.00, -1.00, 56.973583, 3.00, 0.20, 0.00, -3.00, 59.97358, 0.00 
 
50.00, 51.00, -1.00, 56.906982, 3.00, 0.20, 0.00, -3.00, 59.90698, 0.00 
 
50.00, 51.00, -1.00, 56.840382, 3.00, 0.20, 0.00, -3.00, 59.84038, 0.00 
 
50.00, 51.00, -1.00, 56.773781, 3.00, 0.20, 0.00, -3.00, 59.77378, 0.00 
 
50.00, 51.00, -1.00, 56.707180, 3.00, 0.20, 0.00, -3.00, 59.70718, 0.00 
 
50.00, 51.00, -1.00, 56.640575, 3.00, 0.20, 0.00, -3.00, 59.64058, 0.00 
 
50.00, 51.00, -1.00, 56.573975, 3.00, 0.20, 0.00, -3.00, 59.57397, 0.00 
 
50.00, 51.00, -1.00, 56.507374, 3.00, 0.20, 0.00, -3.00, 59.50737, 0.00 
 
50.00, 51.00, -1.00, 56.440773, 3.00, 0.20, 0.00, -3.00, 59.44077, 0.00 
 
50.00, 51.00, -1.00, 56.374172, 3.00, 0.20, 0.00, -3.00, 59.37417, 0.00 
 
50.00, 51.00, -1.00, 56.307568, 3.00, 0.20, 0.00, -3.00, 59.30757, 0.00 
 
50.00, 51.00, -1.00, 56.240967, 3.00, 0.20, 0.00, -3.00, 59.24097, 0.00 
 
50.00, 51.50, -1.50, 54.641064, 3.00, 0.20, 0.00, -4.50, 59.14106, -0.00 
 
50.00, 50.00, 0.00, 59.141064, 3.00, 0.20, 0.00, 0.00, 59.14106, 0.00 
 
50.00, 51.00, -1.00, 56.074463, 3.00, 0.20, 0.00, -3.00, 59.07446, -0.00 
 
50.00, 51.50, -1.50, 54.474560, 3.00, 0.20, 0.00, -4.50, 58.97456, -0.00 
 
50.00, 50.00, 0.00, 58.974560, 3.00, 0.20, 0.00, 0.00, 58.97456, 0.00 
 
50.00, 51.00, -1.00, 55.907959, 3.00, 0.20, 0.00, -3.00, 58.90796, -0.00 
 
50.00, 51.50, -1.50, 54.308056, 3.00, 0.20, 0.00, -4.50, 58.80806, -0.00 
 
50.00, 50.50, -0.50, 57.274757, 3.00, 0.20, 0.00, -1.50, 58.77476, 0.00 
 
50.00, 50.00, 0.00, 58.774757, 3.00, 0.20, 0.00, 0.00, 58.77476, 0.00 
 
50.00, 51.50, -1.50, 54.174854, 3.00, 0.20, 0.00, -4.50, 58.67485, -0.00 
 
50.00, 50.50, -0.50, 57.141552, 3.00, 0.20, 0.00, -1.50, 58.64155, 0.00 
 
50.00, 50.50, -0.50, 57.108253, 3.00, 0.20, 0.00, -1.50, 58.60825, 0.00 
 
50.00, 50.00, 0.00, 58.608253, 3.00, 0.20, 0.00, 0.00, 58.60825, 0.00 
 
50.00, 51.50, -1.50, 54.008350, 3.00, 0.20, 0.00, -4.50, 58.50835, -0.00 
 
50.00, 50.50, -0.50, 56.975048, 3.00, 0.20, 0.00, -1.50, 58.47505, 0.00 
 
50.00, 50.50, -0.50, 56.941750, 3.00, 0.20, 0.00, -1.50, 58.44175, 0.00 
 
50.00, 50.50, -0.50, 56.908447, 3.00, 0.20, 0.00, -1.50, 58.40845, 0.00 
 
50.00, 50.50, -0.50, 56.875149, 3.00, 0.20, 0.00, -1.50, 58.37515, 0.00 
 
50.00, 50.50, -0.50, 56.841846, 3.00, 0.20, 0.00, -1.50, 58.34185, 0.00 
 
50.00, 50.50, -0.50, 56.808544, 3.00, 0.20, 0.00, -1.50, 58.30854, 0.00 
 
50.00, 50.50, -0.50, 56.775246, 3.00, 0.20, 0.00, -1.50, 58.27525, 0.00 
 
50.00, 50.50, -0.50, 56.741943, 3.00, 0.20, 0.00, -1.50, 58.24194, 0.00 
 
50.00, 50.50, -0.50, 56.708645, 3.00, 0.20, 0.00, -1.50, 58.20864, 0.00 
 
50.00, 50.50, -0.50, 56.675343, 3.00, 0.20, 0.00, -1.50, 58.17534, 0.00 
 
50.00, 50.50, -0.50, 56.642040, 3.00, 0.20, 0.00, -1.50, 58.14204, 0.00 
 
50.00, 50.50, -0.50, 56.608742, 3.00, 0.20, 0.00, -1.50, 58.10874, 0.00 
 
50.00, 50.50, -0.50, 56.575439, 3.00, 0.20, 0.00, -1.50, 58.07544, 0.00 
 
50.00, 50.50, -0.50, 56.542141, 3.00, 0.20, 0.00, -1.50, 58.04214, 0.00 
 
50.00, 50.50, -0.50, 56.508839, 3.00, 0.20, 0.00, -1.50, 58.00884, 0.00 
 
50.00, 50.50, -0.50, 56.475536, 3.00, 0.20, 0.00, -1.50, 57.97554, 0.00 
 
50.00, 50.50, -0.50, 56.442238, 3.00, 0.20, 0.00, -1.50, 57.94224, 0.00 
 
50.00, 50.50, -0.50, 56.408936, 3.00, 0.20, 0.00, -1.50, 57.90894, 0.00 
 
50.00, 50.50, -0.50, 56.375637, 3.00, 0.20, 0.00, -1.50, 57.87564, 0.00 
 
50.00, 50.50, -0.50, 56.342335, 3.00, 0.20, 0.00, -1.50, 57.84233, 0.00 
 
50.00, 50.50, -0.50, 56.309032, 3.00, 0.20, 0.00, -1.50, 57.80903, 0.00 
 
50.00, 50.50, -0.50, 56.275734, 3.00, 0.20, 0.00, -1.50, 57.77573, 0.00 
 
50.00, 50.50, -0.50, 56.242432, 3.00, 0.20, 0.00, -1.50, 57.74243, 0.00 
 
50.00, 50.50, -0.50, 56.209133, 3.00, 0.20, 0.00, -1.50, 57.70913, 0.00 
 
50.00, 50.50, -0.50, 56.175831, 3.00, 0.20, 0.00, -1.50, 57.67583, 0.00 
 
50.00, 50.50, -0.50, 56.142529, 3.00, 0.20, 0.00, -1.50, 57.64253, 0.00 
 
50.00, 50.50, -0.50, 56.109230, 3.00, 0.20, 0.00, -1.50, 57.60923, 0.00 
 
50.00, 50.50, -0.50, 56.075928, 3.00, 0.20, 0.00, -1.50, 57.57593, 0.00 
 
50.00, 50.50, -0.50, 56.042629, 3.00, 0.20, 0.00, -1.50, 57.54263, 0.00 
 
50.00, 50.50, -0.50, 56.009327, 3.00, 0.20, 0.00, -1.50, 57.50933, 0.00 
 
50.00, 50.50, -0.50, 55.976025, 3.00, 0.20, 0.00, -1.50, 57.47602, 0.00 
 
50.00, 50.50, -0.50, 55.942726, 3.00, 0.20, 0.00, -1.50, 57.44273, 0.00 
 
50.00, 50.50, -0.50, 55.909424, 3.00, 0.20, 0.00, -1.50, 57.40942, 0.00 
 
50.00, 50.50, -0.50, 55.876125, 3.00, 0.20, 0.00, -1.50, 57.37613, 0.00 
 
50.00, 50.50, -0.50, 55.842823, 3.00, 0.20, 0.00, -1.50, 57.34282, 0.00 
 
50.00, 50.50, -0.50, 55.809521, 3.00, 0.20, 0.00, -1.50, 57.30952, 0.00 
 
50.00, 50.50, -0.50, 55.776222, 3.00, 0.20, 0.00, -1.50, 57.27622, 0.00 
 
50.00, 50.50, -0.50, 55.742920, 3.00, 0.20, 0.00, -1.50, 57.24292, 0.00 
 
50.00, 50.50, -0.50, 55.709621, 3.00, 0.20, 0.00, -1.50, 57.20962, 0.00 
 
50.00, 50.50, -0.50, 55.676319, 3.00, 0.20, 0.00, -1.50, 57.17632, 0.00 
 
50.00, 50.50, -0.50, 55.643017, 3.00, 0.20, 0.00, -1.50, 57.14302, 0.00 
 
50.00, 50.50, -0.50, 55.609718, 3.00, 0.20, 0.00, -1.50, 57.10972, 0.00 
 
50.00, 50.50, -0.50, 55.576416, 3.00, 0.20, 0.00, -1.50, 57.07642, 0.00 
 
50.00, 50.50, -0.50, 55.543118, 3.00, 0.20, 0.00, -1.50, 57.04312, 0.00 
 
50.00, 50.50, -0.50, 55.509815, 3.00, 0.20, 0.00, -1.50, 57.00982, 0.00 
 
50.00, 50.50, -0.50, 55.476513, 3.00, 0.20, 0.00, -1.50, 56.97651, 0.00 
 
50.00, 50.50, -0.50, 55.443214, 3.00, 0.20, 0.00, -1.50, 56.94321, 0.00 
 
50.00, 50.50, -0.50, 55.409912, 3.00, 0.20, 0.00, -1.50, 56.90991, 0.00 
 
50.00, 50.50, -0.50, 55.376614, 3.00, 0.20, 0.00, -1.50, 56.87661, 0.00 
 
50.00, 50.50, -0.50, 55.343311, 3.00, 0.20, 0.00, -1.50, 56.84331, 0.00 
 
50.00, 50.50, -0.50, 55.310009, 3.00, 0.20, 0.00, -1.50, 56.81001, 0.00 
 
50.00, 50.50, -0.50, 55.276711, 3.00, 0.20, 0.00, -1.50, 56.77671, 0.00 
 
50.00, 50.50, -0.50, 55.243408, 3.00, 0.20, 0.00, -1.50, 56.74341, 0.00 
 
50.00, 50.50, -0.50, 55.210110, 3.00, 0.20, 0.00, -1.50, 56.71011, 0.00 
 
50.00, 50.50, -0.50, 55.176807, 3.00, 0.20, 0.00, -1.50, 56.67681, 0.00 
 
50.00, 50.50, -0.50, 55.143505, 3.00, 0.20, 0.00, -1.50, 56.64351, 0.00 
 
50.00, 50.50, -0.50, 55.110207, 3.00, 0.20, 0.00, -1.50, 56.61021, 0.00 
 
50.00, 50.50, -0.50, 55.076904, 3.00, 0.20, 0.00, -1.50, 56.57690, 0.00 
 
50.00, 50.50, -0.50, 55.043606, 3.00, 0.20, 0.00, -1.50, 56.54361, 0.00 
 
50.00, 50.50, -0.50, 55.010303, 3.00, 0.20, 0.00, -1.50, 56.51030, 0.00 
 
50.00, 50.50, -0.50, 54.977001, 3.00, 0.20, 0.00, -1.50, 56.47700, 0.00 
 
50.00, 50.00, 0.00, 56.477001, 3.00, 0.20, 0.00, 0.00, 56.47700, 0.00 
 
50.00, 50.00, 0.00, 56.477001, 3.00, 0.20, 0.00, 0.00, 56.47700, 0.00 
 
50.00, 50.00, 0.00, 56.477001, 3.00, 0.20, 0.00, 0.00, 56.47700, 0.00 
 
50.00, 50.00, 0.00, 56.477001, 3.00, 0.20, 0.00, 0.00, 56.47700, 0.00 
 
50.00, 50.00, 0.00, 56.477001, 3.00, 0.20, 0.00, 0.00, 56.47700, 0.00 
 
50.00, 50.50, -0.50, 54.943703, 3.00, 0.20, 0.00, -1.50, 56.44370, -0.00 
 
50.00, 50.50, -0.50, 54.910400, 3.00, 0.20, 0.00, -1.50, 56.41040, 0.00 
 
50.00, 50.50, -0.50, 54.877102, 3.00, 0.20, 0.00, -1.50, 56.37710, 0.00 
 
50.00, 50.00, 0.00, 56.377102, 3.00, 0.20, 0.00, 0.00, 56.37710, 0.00 
 
50.00, 50.50, -0.50, 54.843800, 3.00, 0.20, 0.00, -1.50, 56.34380, -0.00 
 
50.00, 50.50, -0.50, 54.810497, 3.00, 0.20, 0.00, -1.50, 56.31050, 0.00 
 
50.00, 50.50, -0.50, 54.777199, 3.00, 0.20, 0.00, -1.50, 56.27720, 0.00 
 
50.00, 50.50, -0.50, 54.743896, 3.00, 0.20, 0.00, -1.50, 56.24390, 0.00 
 
50.00, 50.50, -0.50, 54.710598, 3.00, 0.20, 0.00, -1.50, 56.21060, 0.00 
 
50.00, 50.00, 0.00, 56.210598, 3.00, 0.20, 0.00, 0.00, 56.21060, 0.00 
 
50.00, 50.00, 0.00, 56.210598, 3.00, 0.20, 0.00, 0.00, 56.21060, 0.00 
 
50.00, 50.50, -0.50, 54.677296, 3.00, 0.20, 0.00, -1.50, 56.17730, -0.00 
 
50.00, 50.50, -0.50, 54.643993, 3.00, 0.20, 0.00, -1.50, 56.14399, 0.00 
 
50.00, 50.50, -0.50, 54.610695, 3.00, 0.20, 0.00, -1.50, 56.11069, 0.00 
 
50.00, 50.50, -0.50, 54.577393, 3.00, 0.20, 0.00, -1.50, 56.07739, 0.00 
 
50.00, 50.50, -0.50, 54.544094, 3.00, 0.20, 0.00, -1.50, 56.04409, 0.00 
 
50.00, 50.00, 0.00, 56.044094, 3.00, 0.20, 0.00, 0.00, 56.04409, 0.00 
 
50.00, 50.00, 0.00, 56.044094, 3.00, 0.20, 0.00, 0.00, 56.04409, 0.00 
 
50.00, 50.00, 0.00, 56.044094, 3.00, 0.20, 0.00, 0.00, 56.04409, 0.00 
 
50.00, 50.00, 0.00, 56.044094, 3.00, 0.20, 0.00, 0.00, 56.04409, 0.00 
 
50.00, 50.00, 0.00, 56.044094, 3.00, 0.20, 0.00, 0.00, 56.04409, 0.00 
 
50.00, 50.00, 0.00, 56.044094, 3.00, 0.20, 0.00, 0.00, 56.04409, 0.00 
 
50.00, 50.00, 0.00, 56.044094, 3.00, 0.20, 0.00, 0.00, 56.04409, 0.00 
 
50.00, 50.00, 0.00, 56.044094, 3.00, 0.20, 0.00, 0.00, 56.04409, 0.00 
 
50.00, 50.00, 0.00, 56.044094, 3.00, 0.20, 0.00, 0.00, 56.04409, 0.00 
 
50.00, 50.00, 0.00, 56.044094, 3.00, 0.20, 0.00, 0.00, 56.04409, 0.00 
 
50.00, 50.00, 0.00, 56.044094, 3.00, 0.20, 0.00, 0.00, 56.04409, 0.00 
 
50.00, 50.00, 0.00, 56.044094, 3.00, 0.20, 0.00, 0.00, 56.04409, 0.00 
 
50.00, 50.00, 0.00, 56.044094, 3.00, 0.20, 0.00, 0.00, 56.04409, 0.00 
 
50.00, 50.00, 0.00, 56.044094, 3.00, 0.20, 0.00, 0.00, 56.04409, 0.00 
 
50.00, 50.00, 0.00, 56.044094, 3.00, 0.20, 0.00, 0.00, 56.04409, 0.00 
 
50.00, 50.00, 0.00, 56.044094, 3.00, 0.20, 0.00, 0.00, 56.04409, 0.00 
 
50.00, 50.00, 0.00, 56.044094, 3.00, 0.20, 0.00, 0.00, 56.04409, 0.00 
 
50.00, 50.00, 0.00, 56.044094, 3.00, 0.20, 0.00, 0.00, 56.04409, 0.00 
 
50.00, 50.00, 0.00, 56.044094, 3.00, 0.20, 0.00, 0.00, 56.04409, 0.00 
 
50.00, 50.00, 0.00, 56.044094, 3.00, 0.20, 0.00, 0.00, 56.04409, 0.00 
 
50.00, 50.00, 0.00, 56.044094, 3.00, 0.20, 0.00, 0.00, 56.04409, 0.00 
 
50.00, 50.00, 0.00, 56.044094, 3.00, 0.20, 0.00, 0.00, 56.04409, 0.00 
 
50.00, 50.50, -0.50, 54.510792, 3.00, 0.20, 0.00, -1.50, 56.01079, -0.00 
 
50.00, 50.00, 0.00, 56.010792, 3.00, 0.20, 0.00, 0.00, 56.01079, 0.00 
 
50.00, 50.00, 0.00, 56.010792, 3.00, 0.20, 0.00, 0.00, 56.01079, 0.00 
 
50.00, 50.00, 0.00, 56.010792, 3.00, 0.20, 0.00, 0.00, 56.01079, 0.00 
 
50.00, 50.50, -0.50, 54.477489, 3.00, 0.20, 0.00, -1.50, 55.97749, -0.00 
 
50.00, 50.00, 0.00, 55.977489, 3.00, 0.20, 0.00, 0.00, 55.97749, 0.00 
 
50.00, 50.00, 0.00, 55.977489, 3.00, 0.20, 0.00, 0.00, 55.97749, 0.00 
 
50.00, 50.50, -0.50, 54.444191, 3.00, 0.20, 0.00, -1.50, 55.94419, -0.00 
 
50.00, 50.00, 0.00, 55.944191, 3.00, 0.20, 0.00, 0.00, 55.94419, 0.00 
 
50.00, 50.00, 0.00, 55.944191, 3.00, 0.20, 0.00, 0.00, 55.94419, 0.00 
 
