30.00, 29.50, 0.50, 6.507579, 6.00, 0.03, 0.00, 3.00, 3.50758, 0.00 
 
30.00, 29.50, 0.50, 6.513129, 6.00, 0.03, 0.00, 3.00, 3.51313, 0.00 
 
30.00, 29.50, 0.50, 6.518679, 6.00, 0.03, 0.00, 3.00, 3.51868, 0.00 
 
30.00, 29.50, 0.50, 6.524229, 6.00, 0.03, 0.00, 3.00, 3.52423, 0.00 
 
30.00, 29.50, 0.50, 6.529778, 6.00, 0.03, 0.00, 3.00, 3.52978, 0.00 
 
30.00, 29.50, 0.50, 6.535329, 6.00, 0.03, 0.00, 3.00, 3.53533, 0.00 
 
30.00, 29.50, 0.50, 6.540878, 6.00, 0.03, 0.00, 3.00, 3.54088, 0.00 
 
30.00, 29.50, 0.50, 6.546429, 6.00, 0.03, 0.00, 3.00, 3.54643, 0.00 
 
30.00, 29.50, 0.50, 6.551978, 6.00, 0.03, 0.00, 3.00, 3.55198, 0.00 
 
30.00, 29.50, 0.50, 6.557528, 6.00, 0.03, 0.00, 3.00, 3.55753, 0.00 
 
30.00, 29.50, 0.50, 6.563078, 6.00, 0.03, 0.00, 3.00, 3.56308, 0.00 
 
30.00, 29.50, 0.50, 6.568628, 6.00, 0.03, 0.00, 3.00, 3.56863, 0.00 
 
30.00, 29.50, 0.50, 6.574178, 6.00, 0.03, 0.00, 3.00, 3.57418, 0.00 
 
30.00, 29.50, 0.50, 6.579728, 6.00, 0.03, 0.00, 3.00, 3.57973, 0.00 
 
30.00, 29.50, 0.50, 6.585278, 6.00, 0.03, 0.00, 3.00, 3.58528, 0.00 
 
30.00, 29.50, 0.50, 6.590827, 6.00, 0.03, 0.00, 3.00, 3.59083, 0.00 
 
30.00, 29.50, 0.50, 6.596377, 6.00, 0.03, 0.00, 3.00, 3.59638, 0.00 
 
30.00, 29.50, 0.50, 6.601927, 6.00, 0.03, 0.00, 3.00, 3.60193, 0.00 
 
30.00, 29.50, 0.50, 6.607477, 6.00, 0.03, 0.00, 3.00, 3.60748, 0.00 
 
30.00, 29.50, 0.50, 6.613027, 6.00, 0.03, 0.00, 3.00, 3.61303, 0.00 
 
30.00, 29.50, 0.50, 6.618577, 6.00, 0.03, 0.00, 3.00, 3.61858, 0.00 
 
30.00, 29.50, 0.50, 6.624126, 6.00, 0.03, 0.00, 3.00, 3.62413, 0.00 
 
30.00, 29.50, 0.50, 6.629677, 6.00, 0.03, 0.00, 3.00, 3.62968, 0.00 
 
30.00, 29.50, 0.50, 6.635226, 6.00, 0.03, 0.00, 3.00, 3.63523, 0.00 
 
30.00, 29.50, 0.50, 6.640776, 6.00, 0.03, 0.00, 3.00, 3.64078, 0.00 
 
30.00, 29.50, 0.50, 6.646326, 6.00, 0.03, 0.00, 3.00, 3.64633, 0.00 
 
30.00, 29.50, 0.50, 6.651876, 6.00, 0.03, 0.00, 3.00, 3.65188, 0.00 
 
30.00, 29.50, 0.50, 6.657426, 6.00, 0.03, 0.00, 3.00, 3.65743, 0.00 
 
30.00, 29.50, 0.50, 6.662976, 6.00, 0.03, 0.00, 3.00, 3.66298, 0.00 
 
30.00, 29.50, 0.50, 6.668526, 6.00, 0.03, 0.00, 3.00, 3.66853, 0.00 
 
30.00, 29.50, 0.50, 6.674076, 6.00, 0.03, 0.00, 3.00, 3.67408, 0.00 
 
30.00, 29.50, 0.50, 6.679626, 6.00, 0.03, 0.00, 3.00, 3.67963, 0.00 
 
30.00, 29.50, 0.50, 6.685175, 6.00, 0.03, 0.00, 3.00, 3.68518, 0.00 
 
30.00, 29.50, 0.50, 6.690725, 6.00, 0.03, 0.00, 3.00, 3.69073, 0.00 
 
30.00, 29.50, 0.50, 6.696275, 6.00, 0.03, 0.00, 3.00, 3.69627, 0.00 
 
30.00, 29.50, 0.50, 6.701825, 6.00, 0.03, 0.00, 3.00, 3.70182, 0.00 
 
30.00, 29.50, 0.50, 6.707375, 6.00, 0.03, 0.00, 3.00, 3.70737, 0.00 
 
30.00, 29.50, 0.50, 6.712925, 6.00, 0.03, 0.00, 3.00, 3.71292, 0.00 
 
30.00, 29.50, 0.50, 6.718474, 6.00, 0.03, 0.00, 3.00, 3.71847, 0.00 
 
30.00, 29.50, 0.50, 6.724024, 6.00, 0.03, 0.00, 3.00, 3.72402, 0.00 
 
30.00, 29.50, 0.50, 6.729574, 6.00, 0.03, 0.00, 3.00, 3.72957, 0.00 
 
30.00, 29.50, 0.50, 6.735124, 6.00, 0.03, 0.00, 3.00, 3.73512, 0.00 
 
30.00, 29.50, 0.50, 6.740674, 6.00, 0.03, 0.00, 3.00, 3.74067, 0.00 
 
30.00, 29.50, 0.50, 6.746224, 6.00, 0.03, 0.00, 3.00, 3.74622, 0.00 
 
30.00, 29.50, 0.50, 6.751774, 6.00, 0.03, 0.00, 3.00, 3.75177, 0.00 
 
30.00, 29.50, 0.50, 6.757324, 6.00, 0.03, 0.00, 3.00, 3.75732, 0.00 
 
30.00, 29.50, 0.50, 6.762874, 6.00, 0.03, 0.00, 3.00, 3.76287, 0.00 
 
30.00, 29.50, 0.50, 6.768423, 6.00, 0.03, 0.00, 3.00, 3.76842, 0.00 
 
30.00, 29.50, 0.50, 6.773973, 6.00, 0.03, 0.00, 3.00, 3.77397, 0.00 
 
30.00, 29.50, 0.50, 6.779523, 6.00, 0.03, 0.00, 3.00, 3.77952, 0.00 
 
30.00, 29.50, 0.50, 6.785073, 6.00, 0.03, 0.00, 3.00, 3.78507, 0.00 
 
30.00, 29.50, 0.50, 6.790623, 6.00, 0.03, 0.00, 3.00, 3.79062, 0.00 
 
30.00, 29.50, 0.50, 6.796173, 6.00, 0.03, 0.00, 3.00, 3.79617, 0.00 
 
30.00, 29.50, 0.50, 6.801723, 6.00, 0.03, 0.00, 3.00, 3.80172, 0.00 
 
30.00, 29.50, 0.50, 6.807272, 6.00, 0.03, 0.00, 3.00, 3.80727, 0.00 
 
30.00, 29.50, 0.50, 6.812822, 6.00, 0.03, 0.00, 3.00, 3.81282, 0.00 
 
30.00, 29.50, 0.50, 6.818372, 6.00, 0.03, 0.00, 3.00, 3.81837, 0.00 
 
50.00, 29.50, 20.50, 100.000000, 6.00, 0.03, 0.00, 123.00, 4.04592, 0.00 
 
50.00, 29.50, 20.50, 100.000000, 6.00, 0.03, 0.00, 123.00, 4.27347, 0.00 
 
50.00, 29.00, 21.00, 100.000000, 6.00, 0.03, 0.00, 126.00, 4.50657, 0.00 
 
50.00, 30.00, 20.00, 100.000000, 6.00, 0.03, 0.00, 120.00, 4.72857, -0.00 
 
50.00, 30.50, 19.50, 100.000000, 6.00, 0.03, 0.00, 117.00, 4.94502, -0.00 
 
50.00, 30.50, 19.50, 100.000000, 6.00, 0.03, 0.00, 117.00, 5.16147, 0.00 
 
50.00, 30.00, 20.00, 100.000000, 6.00, 0.03, 0.00, 120.00, 5.38347, 0.00 
 
50.00, 31.00, 19.00, 100.000000, 6.00, 0.03, 0.00, 114.00, 5.59437, -0.00 
 
50.00, 31.50, 18.50, 100.000000, 6.00, 0.03, 0.00, 111.00, 5.79972, -0.00 
 
50.00, 31.50, 18.50, 100.000000, 6.00, 0.03, 0.00, 111.00, 6.00507, 0.00 
 
50.00, 31.00, 19.00, 100.000000, 6.00, 0.03, 0.00, 114.00, 6.21597, 0.00 
 
50.00, 32.50, 17.50, 100.000000, 6.00, 0.03, 0.00, 105.00, 6.41022, -0.00 
 
50.00, 32.50, 17.50, 100.000000, 6.00, 0.03, 0.00, 105.00, 6.60447, 0.00 
 
50.00, 32.00, 18.00, 100.000000, 6.00, 0.03, 0.00, 108.00, 6.80427, 0.00 
 
50.00, 33.00, 17.00, 100.000000, 6.00, 0.03, 0.00, 102.00, 6.99297, -0.00 
 
50.00, 33.50, 16.50, 100.000000, 6.00, 0.03, 0.00, 99.00, 7.17612, -0.00 
 
50.00, 33.00, 17.00, 100.000000, 6.00, 0.03, 0.00, 102.00, 7.36482, 0.00 
 
50.00, 34.00, 16.00, 100.000000, 6.00, 0.03, 0.00, 96.00, 7.54242, -0.00 
 
50.00, 34.50, 15.50, 100.000000, 6.00, 0.03, 0.00, 93.00, 7.71447, -0.00 
 
50.00, 34.50, 15.50, 100.000000, 6.00, 0.03, 0.00, 93.00, 7.88652, 0.00 
 
50.00, 34.00, 16.00, 100.000000, 6.00, 0.03, 0.00, 96.00, 8.06412, 0.00 
 
50.00, 35.50, 14.50, 95.225075, 6.00, 0.03, 0.00, 87.00, 8.22507, -0.00 
 
50.00, 35.50, 14.50, 95.386024, 6.00, 0.03, 0.00, 87.00, 8.38602, 0.00 
 
50.00, 35.00, 15.00, 98.552521, 6.00, 0.03, 0.00, 90.00, 8.55252, 0.00 
 
50.00, 36.00, 14.00, 92.707924, 6.00, 0.03, 0.00, 84.00, 8.70792, -0.00 
 
50.00, 36.50, 13.50, 89.857773, 6.00, 0.03, 0.00, 81.00, 8.85777, -0.00 
 
50.00, 36.50, 13.50, 90.007622, 6.00, 0.03, 0.00, 81.00, 9.00762, 0.00 
 
50.00, 36.50, 13.50, 90.157471, 6.00, 0.03, 0.00, 81.00, 9.15747, 0.00 
 
50.00, 36.00, 14.00, 93.312874, 6.00, 0.03, 0.00, 84.00, 9.31287, 0.00 
 
50.00, 37.00, 13.00, 87.457176, 6.00, 0.03, 0.00, 78.00, 9.45717, -0.00 
 
50.00, 37.50, 12.50, 84.595924, 6.00, 0.03, 0.00, 75.00, 9.59592, -0.00 
 
50.00, 37.00, 13.00, 87.740227, 6.00, 0.03, 0.00, 78.00, 9.74022, 0.00 
 
50.00, 38.00, 12.00, 81.873428, 6.00, 0.03, 0.00, 72.00, 9.87342, -0.00 
 
50.00, 38.00, 12.00, 82.006622, 6.00, 0.03, 0.00, 72.00, 10.00663, 0.00 
 
50.00, 38.50, 11.50, 79.134277, 6.00, 0.03, 0.00, 69.00, 10.13427, -0.00 
 
50.00, 38.50, 11.50, 79.261925, 6.00, 0.03, 0.00, 69.00, 10.26192, 0.00 
 
50.00, 38.50, 11.50, 79.389572, 6.00, 0.03, 0.00, 69.00, 10.38958, 0.00 
 
50.00, 38.50, 11.50, 79.517227, 6.00, 0.03, 0.00, 69.00, 10.51722, 0.00 
 
50.00, 38.00, 12.00, 82.650421, 6.00, 0.03, 0.00, 72.00, 10.65042, 0.00 
 
50.00, 39.00, 11.00, 76.772522, 6.00, 0.03, 0.00, 66.00, 10.77252, -0.00 
 
50.00, 39.00, 11.00, 76.894623, 6.00, 0.03, 0.00, 66.00, 10.89462, 0.00 
 
50.00, 39.50, 10.50, 74.011177, 6.00, 0.03, 0.00, 63.00, 11.01117, -0.00 
 
50.00, 39.50, 10.50, 74.127724, 6.00, 0.03, 0.00, 63.00, 11.12772, 0.00 
 
50.00, 39.50, 10.50, 74.244270, 6.00, 0.03, 0.00, 63.00, 11.24427, 0.00 
 
50.00, 39.00, 11.00, 77.366371, 6.00, 0.03, 0.00, 66.00, 11.36637, 0.00 
 
50.00, 40.00, 10.00, 71.477371, 6.00, 0.03, 0.00, 60.00, 11.47737, -0.00 
 
50.00, 40.00, 10.00, 71.588371, 6.00, 0.03, 0.00, 60.00, 11.58837, 0.00 
 
50.00, 40.50, 9.50, 68.693825, 6.00, 0.03, 0.00, 57.00, 11.69382, -0.00 
 
50.00, 40.50, 9.50, 68.799271, 6.00, 0.03, 0.00, 57.00, 11.79927, 0.00 
 
50.00, 40.50, 9.50, 68.904724, 6.00, 0.03, 0.00, 57.00, 11.90472, 0.00 
 
50.00, 40.50, 9.50, 69.010178, 6.00, 0.03, 0.00, 57.00, 12.01017, 0.00 
 
50.00, 40.50, 9.50, 69.115623, 6.00, 0.03, 0.00, 57.00, 12.11562, 0.00 
 
50.00, 40.50, 9.50, 69.221077, 6.00, 0.03, 0.00, 57.00, 12.22108, 0.00 
 
50.00, 40.00, 10.00, 72.332077, 6.00, 0.03, 0.00, 60.00, 12.33207, 0.00 
 
50.00, 41.00, 9.00, 66.431976, 6.00, 0.03, 0.00, 54.00, 12.43198, -0.00 
 
50.00, 41.00, 9.00, 66.531876, 6.00, 0.03, 0.00, 54.00, 12.53188, 0.00 
 
50.00, 41.00, 9.00, 66.631775, 6.00, 0.03, 0.00, 54.00, 12.63178, 0.00 
 
50.00, 41.00, 9.00, 66.731674, 6.00, 0.03, 0.00, 54.00, 12.73168, 0.00 
 
50.00, 41.00, 9.00, 66.831573, 6.00, 0.03, 0.00, 54.00, 12.83158, 0.00 
 
50.00, 41.00, 9.00, 66.931473, 6.00, 0.03, 0.00, 54.00, 12.93148, 0.00 
 
50.00, 41.50, 8.50, 64.025826, 6.00, 0.03, 0.00, 51.00, 13.02583, -0.00 
 
50.00, 41.50, 8.50, 64.120178, 6.00, 0.03, 0.00, 51.00, 13.12018, 0.00 
 
50.00, 41.50, 8.50, 64.214523, 6.00, 0.03, 0.00, 51.00, 13.21453, 0.00 
 
50.00, 41.50, 8.50, 64.308876, 6.00, 0.03, 0.00, 51.00, 13.30888, 0.00 
 
50.00, 41.50, 8.50, 64.403229, 6.00, 0.03, 0.00, 51.00, 13.40323, 0.00 
 
50.00, 41.50, 8.50, 64.497574, 6.00, 0.03, 0.00, 51.00, 13.49758, 0.00 
 
50.00, 41.00, 9.00, 67.597481, 6.00, 0.03, 0.00, 54.00, 13.59748, 0.00 
 
50.00, 42.00, 8.00, 61.686279, 6.00, 0.03, 0.00, 48.00, 13.68628, -0.00 
 
50.00, 42.00, 8.00, 61.775078, 6.00, 0.03, 0.00, 48.00, 13.77508, 0.00 
 
50.00, 42.00, 8.00, 61.863876, 6.00, 0.03, 0.00, 48.00, 13.86388, 0.00 
 
50.00, 42.00, 8.00, 61.952679, 6.00, 0.03, 0.00, 48.00, 13.95268, 0.00 
 
50.00, 42.00, 8.00, 62.041477, 6.00, 0.03, 0.00, 48.00, 14.04148, 0.00 
 
50.00, 42.50, 7.50, 59.124729, 6.00, 0.03, 0.00, 45.00, 14.12473, -0.00 
 
50.00, 42.50, 7.50, 59.207977, 6.00, 0.03, 0.00, 45.00, 14.20798, 0.00 
 
50.00, 42.50, 7.50, 59.291229, 6.00, 0.03, 0.00, 45.00, 14.29123, 0.00 
 
50.00, 42.50, 7.50, 59.374477, 6.00, 0.03, 0.00, 45.00, 14.37448, 0.00 
 
50.00, 42.50, 7.50, 59.457726, 6.00, 0.03, 0.00, 45.00, 14.45773, 0.00 
 
50.00, 42.50, 7.50, 59.540977, 6.00, 0.03, 0.00, 45.00, 14.54098, 0.00 
 
50.00, 42.50, 7.50, 59.624229, 6.00, 0.03, 0.00, 45.00, 14.62423, 0.00 
 
50.00, 42.50, 7.50, 59.707478, 6.00, 0.03, 0.00, 45.00, 14.70748, 0.00 
 
50.00, 42.00, 8.00, 62.796280, 6.00, 0.03, 0.00, 48.00, 14.79628, 0.00 
 
50.00, 43.50, 6.50, 53.868427, 6.00, 0.03, 0.00, 39.00, 14.86843, -0.00 
 
50.00, 42.00, 8.00, 62.957230, 6.00, 0.03, 0.00, 48.00, 14.95723, 0.00 
 
50.00, 43.00, 7.00, 57.034927, 6.00, 0.03, 0.00, 42.00, 15.03493, -0.00 
 
50.00, 43.00, 7.00, 57.112625, 6.00, 0.03, 0.00, 42.00, 15.11263, 0.00 
 
50.00, 43.00, 7.00, 57.190327, 6.00, 0.03, 0.00, 42.00, 15.19033, 0.00 
 
50.00, 43.00, 7.00, 57.268028, 6.00, 0.03, 0.00, 42.00, 15.26803, 0.00 
 
50.00, 43.00, 7.00, 57.345726, 6.00, 0.03, 0.00, 42.00, 15.34573, 0.00 
 
50.00, 43.00, 7.00, 57.423424, 6.00, 0.03, 0.00, 42.00, 15.42343, 0.00 
 
50.00, 43.00, 7.00, 57.501125, 6.00, 0.03, 0.00, 42.00, 15.50113, 0.00 
 
50.00, 43.00, 7.00, 57.578827, 6.00, 0.03, 0.00, 42.00, 15.57883, 0.00 
 
50.00, 43.00, 7.00, 57.656525, 6.00, 0.03, 0.00, 42.00, 15.65653, 0.00 
 
50.00, 43.50, 6.50, 54.728676, 6.00, 0.03, 0.00, 39.00, 15.72867, -0.00 
 
50.00, 43.50, 6.50, 54.800827, 6.00, 0.03, 0.00, 39.00, 15.80083, 0.00 
 
50.00, 43.50, 6.50, 54.872974, 6.00, 0.03, 0.00, 39.00, 15.87297, 0.00 
 
50.00, 43.50, 6.50, 54.945122, 6.00, 0.03, 0.00, 39.00, 15.94512, 0.00 
 
50.00, 43.50, 6.50, 55.017273, 6.00, 0.03, 0.00, 39.00, 16.01727, 0.00 
 
50.00, 43.50, 6.50, 55.089424, 6.00, 0.03, 0.00, 39.00, 16.08942, 0.00 
 
50.00, 43.50, 6.50, 55.161575, 6.00, 0.03, 0.00, 39.00, 16.16157, 0.00 
 
50.00, 43.50, 6.50, 55.233723, 6.00, 0.03, 0.00, 39.00, 16.23372, 0.00 
 
50.00, 43.50, 6.50, 55.305870, 6.00, 0.03, 0.00, 39.00, 16.30587, 0.00 
 
50.00, 43.50, 6.50, 55.378021, 6.00, 0.03, 0.00, 39.00, 16.37802, 0.00 
 
50.00, 43.50, 6.50, 55.450172, 6.00, 0.03, 0.00, 39.00, 16.45017, 0.00 
 
50.00, 43.50, 6.50, 55.522324, 6.00, 0.03, 0.00, 39.00, 16.52232, 0.00 
 
50.00, 43.00, 7.00, 58.600021, 6.00, 0.03, 0.00, 42.00, 16.60002, 0.00 
 
50.00, 44.50, 5.50, 49.661072, 6.00, 0.03, 0.00, 33.00, 16.66107, -0.00 
 
50.00, 43.50, 6.50, 55.733223, 6.00, 0.03, 0.00, 39.00, 16.73322, 0.00 
 
50.00, 43.00, 7.00, 58.810921, 6.00, 0.03, 0.00, 42.00, 16.81092, 0.00 
 
50.00, 44.00, 6.00, 52.877522, 6.00, 0.03, 0.00, 36.00, 16.87752, -0.00 
 
50.00, 44.00, 6.00, 52.944122, 6.00, 0.03, 0.00, 36.00, 16.94412, 0.00 
 
50.00, 44.00, 6.00, 53.010719, 6.00, 0.03, 0.00, 36.00, 17.01072, 0.00 
 
50.00, 44.00, 6.00, 53.077320, 6.00, 0.03, 0.00, 36.00, 17.07732, 0.00 
 
50.00, 44.00, 6.00, 53.143921, 6.00, 0.03, 0.00, 36.00, 17.14392, 0.00 
 
50.00, 44.00, 6.00, 53.210518, 6.00, 0.03, 0.00, 36.00, 17.21052, 0.00 
 
50.00, 44.00, 6.00, 53.277119, 6.00, 0.03, 0.00, 36.00, 17.27712, 0.00 
 
50.00, 44.00, 6.00, 53.343719, 6.00, 0.03, 0.00, 36.00, 17.34372, 0.00 
 
50.00, 44.00, 6.00, 53.410316, 6.00, 0.03, 0.00, 36.00, 17.41032, 0.00 
 
50.00, 44.00, 6.00, 53.476917, 6.00, 0.03, 0.00, 36.00, 17.47692, 0.00 
 
50.00, 44.00, 6.00, 53.543518, 6.00, 0.03, 0.00, 36.00, 17.54352, 0.00 
 
50.00, 44.00, 6.00, 53.610115, 6.00, 0.03, 0.00, 36.00, 17.61012, 0.00 
 
50.00, 44.00, 6.00, 53.676716, 6.00, 0.03, 0.00, 36.00, 17.67672, 0.00 
 
50.00, 44.00, 6.00, 53.743317, 6.00, 0.03, 0.00, 36.00, 17.74331, 0.00 
 
50.00, 44.50, 5.50, 50.804367, 6.00, 0.03, 0.00, 33.00, 17.80437, -0.00 
 
50.00, 44.00, 6.00, 53.870964, 6.00, 0.03, 0.00, 36.00, 17.87096, 0.00 
 
50.00, 44.00, 6.00, 53.937565, 6.00, 0.03, 0.00, 36.00, 17.93756, 0.00 
 
50.00, 44.50, 5.50, 50.998611, 6.00, 0.03, 0.00, 33.00, 17.99861, -0.00 
 
50.00, 44.00, 6.00, 54.065212, 6.00, 0.03, 0.00, 36.00, 18.06521, 0.00 
 
50.00, 44.50, 5.50, 51.126263, 6.00, 0.03, 0.00, 33.00, 18.12626, -0.00 
 
50.00, 44.50, 5.50, 51.187309, 6.00, 0.03, 0.00, 33.00, 18.18731, 0.00 
 
50.00, 44.50, 5.50, 51.248360, 6.00, 0.03, 0.00, 33.00, 18.24836, 0.00 
 
50.00, 44.50, 5.50, 51.309410, 6.00, 0.03, 0.00, 33.00, 18.30941, 0.00 
 
50.00, 44.50, 5.50, 51.370461, 6.00, 0.03, 0.00, 33.00, 18.37046, 0.00 
 
50.00, 44.50, 5.50, 51.431511, 6.00, 0.03, 0.00, 33.00, 18.43151, 0.00 
 
50.00, 44.50, 5.50, 51.492561, 6.00, 0.03, 0.00, 33.00, 18.49256, 0.00 
 
50.00, 44.50, 5.50, 51.553608, 6.00, 0.03, 0.00, 33.00, 18.55361, 0.00 
 
50.00, 44.50, 5.50, 51.614658, 6.00, 0.03, 0.00, 33.00, 18.61466, 0.00 
 
50.00, 44.50, 5.50, 51.675705, 6.00, 0.03, 0.00, 33.00, 18.67571, 0.00 
 
50.00, 44.50, 5.50, 51.736755, 6.00, 0.03, 0.00, 33.00, 18.73676, 0.00 
 
50.00, 44.50, 5.50, 51.797806, 6.00, 0.03, 0.00, 33.00, 18.79781, 0.00 
 
50.00, 44.50, 5.50, 51.858856, 6.00, 0.03, 0.00, 33.00, 18.85885, 0.00 
 
50.00, 44.50, 5.50, 51.919907, 6.00, 0.03, 0.00, 33.00, 18.91990, 0.00 
 
50.00, 44.50, 5.50, 51.980953, 6.00, 0.03, 0.00, 33.00, 18.98095, 0.00 
 
50.00, 44.50, 5.50, 52.042004, 6.00, 0.03, 0.00, 33.00, 19.04200, 0.00 
 
50.00, 44.50, 5.50, 52.103050, 6.00, 0.03, 0.00, 33.00, 19.10305, 0.00 
 
50.00, 44.50, 5.50, 52.164101, 6.00, 0.03, 0.00, 33.00, 19.16410, 0.00 
 
50.00, 44.50, 5.50, 52.225151, 6.00, 0.03, 0.00, 33.00, 19.22515, 0.00 
 
50.00, 44.50, 5.50, 52.286201, 6.00, 0.03, 0.00, 33.00, 19.28620, 0.00 
 
50.00, 44.50, 5.50, 52.347252, 6.00, 0.03, 0.00, 33.00, 19.34725, 0.00 
 
50.00, 44.00, 6.00, 55.413849, 6.00, 0.03, 0.00, 36.00, 19.41385, 0.00 
 
50.00, 45.00, 5.00, 49.469349, 6.00, 0.03, 0.00, 30.00, 19.46935, -0.00 
 
50.00, 45.50, 4.50, 46.519299, 6.00, 0.03, 0.00, 27.00, 19.51930, -0.00 
 
50.00, 44.00, 6.00, 55.585899, 6.00, 0.03, 0.00, 36.00, 19.58590, 0.00 
 
50.00, 45.00, 5.00, 49.641396, 6.00, 0.03, 0.00, 30.00, 19.64140, -0.00 
 
50.00, 45.00, 5.00, 49.696896, 6.00, 0.03, 0.00, 30.00, 19.69690, 0.00 
 
50.00, 45.00, 5.00, 49.752396, 6.00, 0.03, 0.00, 30.00, 19.75240, 0.00 
 
50.00, 45.00, 5.00, 49.807896, 6.00, 0.03, 0.00, 30.00, 19.80790, 0.00 
 
50.00, 45.00, 5.00, 49.863396, 6.00, 0.03, 0.00, 30.00, 19.86339, 0.00 
 
50.00, 45.00, 5.00, 49.918892, 6.00, 0.03, 0.00, 30.00, 19.91889, 0.00 
 
50.00, 45.00, 5.00, 49.974392, 6.00, 0.03, 0.00, 30.00, 19.97439, 0.00 
 
50.00, 45.00, 5.00, 50.029892, 6.00, 0.03, 0.00, 30.00, 20.02989, 0.00 
 
50.00, 45.00, 5.00, 50.085392, 6.00, 0.03, 0.00, 30.00, 20.08539, 0.00 
 
50.00, 45.00, 5.00, 50.140892, 6.00, 0.03, 0.00, 30.00, 20.14089, 0.00 
 
50.00, 45.00, 5.00, 50.196388, 6.00, 0.03, 0.00, 30.00, 20.19639, 0.00 
 
50.00, 45.00, 5.00, 50.251888, 6.00, 0.03, 0.00, 30.00, 20.25189, 0.00 
 
50.00, 45.00, 5.00, 50.307388, 6.00, 0.03, 0.00, 30.00, 20.30739, 0.00 
 
50.00, 45.00, 5.00, 50.362888, 6.00, 0.03, 0.00, 30.00, 20.36289, 0.00 
 
50.00, 45.00, 5.00, 50.418388, 6.00, 0.03, 0.00, 30.00, 20.41839, 0.00 
 
50.00, 45.00, 5.00, 50.473885, 6.00, 0.03, 0.00, 30.00, 20.47389, 0.00 
 
50.00, 45.00, 5.00, 50.529385, 6.00, 0.03, 0.00, 30.00, 20.52938, 0.00 
 
50.00, 45.00, 5.00, 50.584885, 6.00, 0.03, 0.00, 30.00, 20.58488, 0.00 
 
50.00, 45.00, 5.00, 50.640385, 6.00, 0.03, 0.00, 30.00, 20.64038, 0.00 
 
50.00, 45.00, 5.00, 50.695885, 6.00, 0.03, 0.00, 30.00, 20.69588, 0.00 
 
50.00, 45.00, 5.00, 50.751381, 6.00, 0.03, 0.00, 30.00, 20.75138, 0.00 
 
50.00, 45.00, 5.00, 50.806881, 6.00, 0.03, 0.00, 30.00, 20.80688, 0.00 
 
50.00, 45.00, 5.00, 50.862381, 6.00, 0.03, 0.00, 30.00, 20.86238, 0.00 
 
50.00, 45.00, 5.00, 50.917881, 6.00, 0.03, 0.00, 30.00, 20.91788, 0.00 
 
50.00, 45.50, 4.50, 47.967827, 6.00, 0.03, 0.00, 27.00, 20.96783, -0.00 
 
50.00, 45.00, 5.00, 51.023331, 6.00, 0.03, 0.00, 30.00, 21.02333, 0.00 
 
50.00, 45.50, 4.50, 48.073280, 6.00, 0.03, 0.00, 27.00, 21.07328, -0.00 
 
50.00, 45.00, 5.00, 51.128777, 6.00, 0.03, 0.00, 30.00, 21.12878, 0.00 
 
50.00, 45.00, 5.00, 51.184277, 6.00, 0.03, 0.00, 30.00, 21.18428, 0.00 
 
50.00, 45.50, 4.50, 48.234226, 6.00, 0.03, 0.00, 27.00, 21.23423, -0.00 
 
50.00, 45.00, 5.00, 51.289726, 6.00, 0.03, 0.00, 30.00, 21.28972, 0.00 
 
50.00, 45.50, 4.50, 48.339676, 6.00, 0.03, 0.00, 27.00, 21.33967, -0.00 
 
50.00, 45.00, 5.00, 51.395172, 6.00, 0.03, 0.00, 30.00, 21.39517, 0.00 
 
50.00, 45.00, 5.00, 51.450672, 6.00, 0.03, 0.00, 30.00, 21.45067, 0.00 
 
50.00, 45.00, 5.00, 51.506172, 6.00, 0.03, 0.00, 30.00, 21.50617, 0.00 
 
50.00, 45.00, 5.00, 51.561668, 6.00, 0.03, 0.00, 30.00, 21.56167, 0.00 
 
50.00, 45.50, 4.50, 48.611618, 6.00, 0.03, 0.00, 27.00, 21.61162, -0.00 
 
50.00, 45.50, 4.50, 48.661568, 6.00, 0.03, 0.00, 27.00, 21.66157, 0.00 
 
50.00, 45.50, 4.50, 48.711517, 6.00, 0.03, 0.00, 27.00, 21.71152, 0.00 
 
50.00, 45.50, 4.50, 48.761467, 6.00, 0.03, 0.00, 27.00, 21.76147, 0.00 
 
50.00, 45.50, 4.50, 48.811417, 6.00, 0.03, 0.00, 27.00, 21.81142, 0.00 
 
50.00, 45.50, 4.50, 48.861366, 6.00, 0.03, 0.00, 27.00, 21.86137, 0.00 
 
50.00, 45.50, 4.50, 48.911316, 6.00, 0.03, 0.00, 27.00, 21.91132, 0.00 
 
50.00, 45.50, 4.50, 48.961266, 6.00, 0.03, 0.00, 27.00, 21.96126, 0.00 
 
50.00, 45.50, 4.50, 49.011215, 6.00, 0.03, 0.00, 27.00, 22.01121, 0.00 
 
50.00, 45.50, 4.50, 49.061165, 6.00, 0.03, 0.00, 27.00, 22.06116, 0.00 
 
50.00, 45.50, 4.50, 49.111111, 6.00, 0.03, 0.00, 27.00, 22.11111, 0.00 
 
50.00, 45.50, 4.50, 49.161060, 6.00, 0.03, 0.00, 27.00, 22.16106, 0.00 
 
50.00, 45.50, 4.50, 49.211010, 6.00, 0.03, 0.00, 27.00, 22.21101, 0.00 
 
50.00, 45.50, 4.50, 49.260960, 6.00, 0.03, 0.00, 27.00, 22.26096, 0.00 
 
50.00, 45.50, 4.50, 49.310905, 6.00, 0.03, 0.00, 27.00, 22.31091, 0.00 
 
50.00, 45.50, 4.50, 49.360855, 6.00, 0.03, 0.00, 27.00, 22.36086, 0.00 
 
50.00, 45.50, 4.50, 49.410805, 6.00, 0.03, 0.00, 27.00, 22.41081, 0.00 
 
50.00, 45.50, 4.50, 49.460754, 6.00, 0.03, 0.00, 27.00, 22.46076, 0.00 
 
50.00, 45.50, 4.50, 49.510704, 6.00, 0.03, 0.00, 27.00, 22.51070, 0.00 
 
50.00, 45.50, 4.50, 49.560654, 6.00, 0.03, 0.00, 27.00, 22.56065, 0.00 
 
50.00, 45.50, 4.50, 49.610603, 6.00, 0.03, 0.00, 27.00, 22.61060, 0.00 
 
50.00, 45.50, 4.50, 49.660553, 6.00, 0.03, 0.00, 27.00, 22.66055, 0.00 
 
50.00, 45.50, 4.50, 49.710503, 6.00, 0.03, 0.00, 27.00, 22.71050, 0.00 
 
50.00, 45.50, 4.50, 49.760452, 6.00, 0.03, 0.00, 27.00, 22.76045, 0.00 
 
50.00, 45.50, 4.50, 49.810402, 6.00, 0.03, 0.00, 27.00, 22.81040, 0.00 
 
50.00, 45.50, 4.50, 49.860348, 6.00, 0.03, 0.00, 27.00, 22.86035, 0.00 
 
50.00, 45.50, 4.50, 49.910297, 6.00, 0.03, 0.00, 27.00, 22.91030, 0.00 
 
50.00, 45.50, 4.50, 49.960247, 6.00, 0.03, 0.00, 27.00, 22.96025, 0.00 
 
50.00, 45.50, 4.50, 50.010197, 6.00, 0.03, 0.00, 27.00, 23.01020, 0.00 
 
50.00, 45.50, 4.50, 50.060143, 6.00, 0.03, 0.00, 27.00, 23.06014, 0.00 
 
50.00, 45.50, 4.50, 50.110092, 6.00, 0.03, 0.00, 27.00, 23.11009, 0.00 
 
50.00, 45.50, 4.50, 50.160042, 6.00, 0.03, 0.00, 27.00, 23.16004, 0.00 
 
50.00, 45.50, 4.50, 50.209991, 6.00, 0.03, 0.00, 27.00, 23.20999, 0.00 
 
50.00, 45.50, 4.50, 50.259941, 6.00, 0.03, 0.00, 27.00, 23.25994, 0.00 
 
50.00, 45.50, 4.50, 50.309891, 6.00, 0.03, 0.00, 27.00, 23.30989, 0.00 
 
50.00, 45.50, 4.50, 50.359840, 6.00, 0.03, 0.00, 27.00, 23.35984, 0.00 
 
50.00, 45.50, 4.50, 50.409790, 6.00, 0.03, 0.00, 27.00, 23.40979, 0.00 
 
50.00, 45.50, 4.50, 50.459740, 6.00, 0.03, 0.00, 27.00, 23.45974, 0.00 
 
50.00, 45.50, 4.50, 50.509689, 6.00, 0.03, 0.00, 27.00, 23.50969, 0.00 
 
50.00, 45.00, 5.00, 53.565186, 6.00, 0.03, 0.00, 30.00, 23.56519, 0.00 
 
50.00, 46.00, 4.00, 47.609589, 6.00, 0.03, 0.00, 24.00, 23.60959, -0.00 
 
50.00, 46.00, 4.00, 47.653984, 6.00, 0.03, 0.00, 24.00, 23.65398, 0.00 
 
50.00, 46.00, 4.00, 47.698383, 6.00, 0.03, 0.00, 24.00, 23.69838, 0.00 
 
50.00, 46.00, 4.00, 47.742783, 6.00, 0.03, 0.00, 24.00, 23.74278, 0.00 
 
50.00, 46.00, 4.00, 47.787182, 6.00, 0.03, 0.00, 24.00, 23.78718, 0.00 
 
50.00, 46.00, 4.00, 47.831581, 6.00, 0.03, 0.00, 24.00, 23.83158, 0.00 
 
50.00, 46.00, 4.00, 47.875980, 6.00, 0.03, 0.00, 24.00, 23.87598, 0.00 
 
50.00, 46.50, 3.50, 44.914833, 6.00, 0.03, 0.00, 21.00, 23.91483, -0.00 
 
50.00, 45.00, 5.00, 53.970329, 6.00, 0.03, 0.00, 30.00, 23.97033, 0.00 
 
50.00, 46.00, 4.00, 48.014729, 6.00, 0.03, 0.00, 24.00, 24.01473, -0.00 
 
50.00, 46.00, 4.00, 48.059128, 6.00, 0.03, 0.00, 24.00, 24.05913, 0.00 
 
50.00, 46.00, 4.00, 48.103527, 6.00, 0.03, 0.00, 24.00, 24.10353, 0.00 
 
50.00, 46.00, 4.00, 48.147926, 6.00, 0.03, 0.00, 24.00, 24.14793, 0.00 
 
50.00, 46.00, 4.00, 48.192326, 6.00, 0.03, 0.00, 24.00, 24.19233, 0.00 
 
50.00, 46.00, 4.00, 48.236725, 6.00, 0.03, 0.00, 24.00, 24.23672, 0.00 
 
50.00, 46.00, 4.00, 48.281120, 6.00, 0.03, 0.00, 24.00, 24.28112, 0.00 
 
50.00, 46.00, 4.00, 48.325523, 6.00, 0.03, 0.00, 24.00, 24.32552, 0.00 
 
50.00, 46.00, 4.00, 48.369919, 6.00, 0.03, 0.00, 24.00, 24.36992, 0.00 
 
50.00, 46.00, 4.00, 48.414322, 6.00, 0.03, 0.00, 24.00, 24.41432, 0.00 
 
50.00, 46.00, 4.00, 48.458717, 6.00, 0.03, 0.00, 24.00, 24.45872, 0.00 
 
50.00, 46.00, 4.00, 48.503120, 6.00, 0.03, 0.00, 24.00, 24.50312, 0.00 
 
50.00, 46.00, 4.00, 48.547516, 6.00, 0.03, 0.00, 24.00, 24.54752, 0.00 
 
50.00, 46.00, 4.00, 48.591919, 6.00, 0.03, 0.00, 24.00, 24.59192, 0.00 
 
50.00, 46.00, 4.00, 48.636314, 6.00, 0.03, 0.00, 24.00, 24.63631, 0.00 
 
50.00, 46.00, 4.00, 48.680714, 6.00, 0.03, 0.00, 24.00, 24.68071, 0.00 
 
50.00, 46.00, 4.00, 48.725113, 6.00, 0.03, 0.00, 24.00, 24.72511, 0.00 
 
50.00, 46.00, 4.00, 48.769512, 6.00, 0.03, 0.00, 24.00, 24.76951, 0.00 
 
50.00, 46.00, 4.00, 48.813911, 6.00, 0.03, 0.00, 24.00, 24.81391, 0.00 
 
50.00, 46.00, 4.00, 48.858311, 6.00, 0.03, 0.00, 24.00, 24.85831, 0.00 
 
50.00, 46.00, 4.00, 48.902710, 6.00, 0.03, 0.00, 24.00, 24.90271, 0.00 
 
50.00, 46.00, 4.00, 48.947105, 6.00, 0.03, 0.00, 24.00, 24.94711, 0.00 
 
50.00, 46.00, 4.00, 48.991508, 6.00, 0.03, 0.00, 24.00, 24.99151, 0.00 
 
50.00, 46.00, 4.00, 49.035904, 6.00, 0.03, 0.00, 24.00, 25.03591, 0.00 
 
50.00, 46.00, 4.00, 49.080307, 6.00, 0.03, 0.00, 24.00, 25.08031, 0.00 
 
50.00, 46.00, 4.00, 49.124702, 6.00, 0.03, 0.00, 24.00, 25.12470, 0.00 
 
50.00, 46.00, 4.00, 49.169106, 6.00, 0.03, 0.00, 24.00, 25.16910, 0.00 
 
50.00, 46.00, 4.00, 49.213501, 6.00, 0.03, 0.00, 24.00, 25.21350, 0.00 
 
50.00, 46.00, 4.00, 49.257904, 6.00, 0.03, 0.00, 24.00, 25.25790, 0.00 
 
50.00, 46.00, 4.00, 49.302299, 6.00, 0.03, 0.00, 24.00, 25.30230, 0.00 
 
50.00, 46.00, 4.00, 49.346699, 6.00, 0.03, 0.00, 24.00, 25.34670, 0.00 
 
50.00, 46.00, 4.00, 49.391098, 6.00, 0.03, 0.00, 24.00, 25.39110, 0.00 
 
50.00, 46.00, 4.00, 49.435497, 6.00, 0.03, 0.00, 24.00, 25.43550, 0.00 
 
50.00, 46.00, 4.00, 49.479897, 6.00, 0.03, 0.00, 24.00, 25.47990, 0.00 
 
50.00, 46.00, 4.00, 49.524296, 6.00, 0.03, 0.00, 24.00, 25.52430, 0.00 
 
50.00, 46.00, 4.00, 49.568695, 6.00, 0.03, 0.00, 24.00, 25.56870, 0.00 
 
50.00, 46.00, 4.00, 49.613094, 6.00, 0.03, 0.00, 24.00, 25.61309, 0.00 
 
50.00, 46.00, 4.00, 49.657494, 6.00, 0.03, 0.00, 24.00, 25.65749, 0.00 
 
50.00, 46.00, 4.00, 49.701889, 6.00, 0.03, 0.00, 24.00, 25.70189, 0.00 
 
50.00, 46.00, 4.00, 49.746292, 6.00, 0.03, 0.00, 24.00, 25.74629, 0.00 
 
50.00, 46.50, 3.50, 46.785141, 6.00, 0.03, 0.00, 21.00, 25.78514, -0.00 
 
50.00, 46.00, 4.00, 49.829540, 6.00, 0.03, 0.00, 24.00, 25.82954, 0.00 
 
50.00, 46.00, 4.00, 49.873940, 6.00, 0.03, 0.00, 24.00, 25.87394, 0.00 
 
50.00, 46.50, 3.50, 46.912788, 6.00, 0.03, 0.00, 21.00, 25.91279, -0.00 
 
50.00, 46.50, 3.50, 46.951641, 6.00, 0.03, 0.00, 21.00, 25.95164, 0.00 
 
50.00, 46.50, 3.50, 46.990494, 6.00, 0.03, 0.00, 21.00, 25.99049, 0.00 
 
50.00, 46.50, 3.50, 47.029343, 6.00, 0.03, 0.00, 21.00, 26.02934, 0.00 
 
50.00, 46.00, 4.00, 50.073742, 6.00, 0.03, 0.00, 24.00, 26.07374, 0.00 
 
50.00, 46.50, 3.50, 47.112595, 6.00, 0.03, 0.00, 21.00, 26.11259, -0.00 
 
50.00, 46.50, 3.50, 47.151443, 6.00, 0.03, 0.00, 21.00, 26.15144, 0.00 
 
50.00, 46.50, 3.50, 47.190292, 6.00, 0.03, 0.00, 21.00, 26.19029, 0.00 
 
50.00, 46.50, 3.50, 47.229145, 6.00, 0.03, 0.00, 21.00, 26.22915, 0.00 
 
50.00, 46.50, 3.50, 47.267998, 6.00, 0.03, 0.00, 21.00, 26.26800, 0.00 
 
50.00, 46.50, 3.50, 47.306847, 6.00, 0.03, 0.00, 21.00, 26.30685, 0.00 
 
50.00, 46.50, 3.50, 47.345699, 6.00, 0.03, 0.00, 21.00, 26.34570, 0.00 
 
50.00, 46.50, 3.50, 47.384552, 6.00, 0.03, 0.00, 21.00, 26.38455, 0.00 
 
50.00, 46.50, 3.50, 47.423401, 6.00, 0.03, 0.00, 21.00, 26.42340, 0.00 
 
50.00, 46.50, 3.50, 47.462250, 6.00, 0.03, 0.00, 21.00, 26.46225, 0.00 
 
50.00, 46.50, 3.50, 47.501102, 6.00, 0.03, 0.00, 21.00, 26.50110, 0.00 
 
50.00, 46.50, 3.50, 47.539955, 6.00, 0.03, 0.00, 21.00, 26.53995, 0.00 
 
50.00, 46.50, 3.50, 47.578804, 6.00, 0.03, 0.00, 21.00, 26.57880, 0.00 
 
50.00, 46.50, 3.50, 47.617653, 6.00, 0.03, 0.00, 21.00, 26.61765, 0.00 
 
50.00, 46.50, 3.50, 47.656506, 6.00, 0.03, 0.00, 21.00, 26.65651, 0.00 
 
50.00, 46.50, 3.50, 47.695358, 6.00, 0.03, 0.00, 21.00, 26.69536, 0.00 
 
50.00, 46.50, 3.50, 47.734207, 6.00, 0.03, 0.00, 21.00, 26.73421, 0.00 
 
50.00, 46.50, 3.50, 47.773056, 6.00, 0.03, 0.00, 21.00, 26.77306, 0.00 
 
50.00, 46.50, 3.50, 47.811909, 6.00, 0.03, 0.00, 21.00, 26.81191, 0.00 
 
50.00, 46.50, 3.50, 47.850761, 6.00, 0.03, 0.00, 21.00, 26.85076, 0.00 
 
50.00, 46.50, 3.50, 47.889610, 6.00, 0.03, 0.00, 21.00, 26.88961, 0.00 
 
50.00, 46.50, 3.50, 47.928463, 6.00, 0.03, 0.00, 21.00, 26.92846, 0.00 
 
50.00, 46.50, 3.50, 47.967316, 6.00, 0.03, 0.00, 21.00, 26.96731, 0.00 
 
50.00, 46.50, 3.50, 48.006165, 6.00, 0.03, 0.00, 21.00, 27.00616, 0.00 
 
50.00, 46.50, 3.50, 48.045013, 6.00, 0.03, 0.00, 21.00, 27.04502, 0.00 
 
50.00, 46.50, 3.50, 48.083866, 6.00, 0.03, 0.00, 21.00, 27.08387, 0.00 
 
50.00, 46.50, 3.50, 48.122719, 6.00, 0.03, 0.00, 21.00, 27.12272, 0.00 
 
50.00, 46.50, 3.50, 48.161568, 6.00, 0.03, 0.00, 21.00, 27.16157, 0.00 
 
50.00, 46.50, 3.50, 48.200417, 6.00, 0.03, 0.00, 21.00, 27.20042, 0.00 
 
50.00, 46.50, 3.50, 48.239269, 6.00, 0.03, 0.00, 21.00, 27.23927, 0.00 
 
50.00, 46.50, 3.50, 48.278122, 6.00, 0.03, 0.00, 21.00, 27.27812, 0.00 
 
50.00, 46.50, 3.50, 48.316971, 6.00, 0.03, 0.00, 21.00, 27.31697, 0.00 
 
50.00, 46.50, 3.50, 48.355820, 6.00, 0.03, 0.00, 21.00, 27.35582, 0.00 
 
50.00, 46.50, 3.50, 48.394672, 6.00, 0.03, 0.00, 21.00, 27.39467, 0.00 
 
50.00, 46.50, 3.50, 48.433525, 6.00, 0.03, 0.00, 21.00, 27.43352, 0.00 
 
50.00, 46.50, 3.50, 48.472374, 6.00, 0.03, 0.00, 21.00, 27.47237, 0.00 
 
50.00, 46.50, 3.50, 48.511227, 6.00, 0.03, 0.00, 21.00, 27.51123, 0.00 
 
50.00, 46.50, 3.50, 48.550079, 6.00, 0.03, 0.00, 21.00, 27.55008, 0.00 
 
50.00, 46.50, 3.50, 48.588928, 6.00, 0.03, 0.00, 21.00, 27.58893, 0.00 
 
50.00, 46.50, 3.50, 48.627777, 6.00, 0.03, 0.00, 21.00, 27.62778, 0.00 
 
50.00, 46.50, 3.50, 48.666630, 6.00, 0.03, 0.00, 21.00, 27.66663, 0.00 
 
50.00, 46.50, 3.50, 48.705482, 6.00, 0.03, 0.00, 21.00, 27.70548, 0.00 
 
50.00, 46.50, 3.50, 48.744331, 6.00, 0.03, 0.00, 21.00, 27.74433, 0.00 
 
50.00, 46.50, 3.50, 48.783180, 6.00, 0.03, 0.00, 21.00, 27.78318, 0.00 
 
50.00, 46.50, 3.50, 48.822033, 6.00, 0.03, 0.00, 21.00, 27.82203, 0.00 
 
50.00, 46.50, 3.50, 48.860886, 6.00, 0.03, 0.00, 21.00, 27.86088, 0.00 
 
50.00, 46.50, 3.50, 48.899734, 6.00, 0.03, 0.00, 21.00, 27.89973, 0.00 
 
50.00, 46.50, 3.50, 48.938583, 6.00, 0.03, 0.00, 21.00, 27.93859, 0.00 
 
50.00, 46.50, 3.50, 48.977436, 6.00, 0.03, 0.00, 21.00, 27.97744, 0.00 
 
50.00, 46.50, 3.50, 49.016289, 6.00, 0.03, 0.00, 21.00, 28.01629, 0.00 
 
50.00, 46.50, 3.50, 49.055138, 6.00, 0.03, 0.00, 21.00, 28.05514, 0.00 
 
50.00, 46.50, 3.50, 49.093990, 6.00, 0.03, 0.00, 21.00, 28.09399, 0.00 
 
50.00, 46.50, 3.50, 49.132843, 6.00, 0.03, 0.00, 21.00, 28.13284, 0.00 
 
50.00, 46.50, 3.50, 49.171692, 6.00, 0.03, 0.00, 21.00, 28.17169, 0.00 
 
50.00, 46.50, 3.50, 49.210541, 6.00, 0.03, 0.00, 21.00, 28.21054, 0.00 
 
50.00, 46.50, 3.50, 49.249393, 6.00, 0.03, 0.00, 21.00, 28.24939, 0.00 
 
50.00, 46.50, 3.50, 49.288246, 6.00, 0.03, 0.00, 21.00, 28.28824, 0.00 
 
50.00, 46.50, 3.50, 49.327095, 6.00, 0.03, 0.00, 21.00, 28.32710, 0.00 
 
50.00, 46.50, 3.50, 49.365944, 6.00, 0.03, 0.00, 21.00, 28.36595, 0.00 
 
50.00, 46.50, 3.50, 49.404797, 6.00, 0.03, 0.00, 21.00, 28.40480, 0.00 
 
50.00, 46.50, 3.50, 49.443649, 6.00, 0.03, 0.00, 21.00, 28.44365, 0.00 
 
50.00, 46.50, 3.50, 49.482498, 6.00, 0.03, 0.00, 21.00, 28.48250, 0.00 
 
50.00, 46.50, 3.50, 49.521347, 6.00, 0.03, 0.00, 21.00, 28.52135, 0.00 
 
50.00, 46.00, 4.00, 52.565750, 6.00, 0.03, 0.00, 24.00, 28.56575, 0.00 
 
50.00, 47.50, 2.50, 43.593498, 6.00, 0.03, 0.00, 15.00, 28.59350, -0.00 
 
50.00, 46.50, 3.50, 49.632351, 6.00, 0.03, 0.00, 21.00, 28.63235, 0.00 
 
50.00, 46.00, 4.00, 52.676750, 6.00, 0.03, 0.00, 24.00, 28.67675, 0.00 
 
50.00, 47.00, 3.00, 46.710052, 6.00, 0.03, 0.00, 18.00, 28.71005, -0.00 
 
50.00, 47.00, 3.00, 46.743351, 6.00, 0.03, 0.00, 18.00, 28.74335, 0.00 
 
50.00, 47.00, 3.00, 46.776649, 6.00, 0.03, 0.00, 18.00, 28.77665, 0.00 
 
50.00, 47.50, 2.50, 43.804401, 6.00, 0.03, 0.00, 15.00, 28.80440, -0.00 
 
50.00, 46.00, 4.00, 52.848801, 6.00, 0.03, 0.00, 24.00, 28.84880, 0.00 
 
50.00, 47.00, 3.00, 46.882103, 6.00, 0.03, 0.00, 18.00, 28.88210, -0.00 
 
50.00, 47.00, 3.00, 46.915405, 6.00, 0.03, 0.00, 18.00, 28.91540, 0.00 
 
50.00, 47.00, 3.00, 46.948704, 6.00, 0.03, 0.00, 18.00, 28.94870, 0.00 
 
50.00, 47.50, 2.50, 43.976456, 6.00, 0.03, 0.00, 15.00, 28.97645, -0.00 
 
50.00, 46.50, 3.50, 50.015305, 6.00, 0.03, 0.00, 21.00, 29.01530, 0.00 
 
50.00, 46.50, 3.50, 50.054153, 6.00, 0.03, 0.00, 21.00, 29.05416, 0.00 
 
50.00, 46.00, 4.00, 53.098557, 6.00, 0.03, 0.00, 24.00, 29.09855, 0.00 
 
50.00, 47.00, 3.00, 47.131855, 6.00, 0.03, 0.00, 18.00, 29.13186, -0.00 
 
50.00, 47.50, 2.50, 44.159607, 6.00, 0.03, 0.00, 15.00, 29.15961, -0.00 
 
50.00, 46.00, 4.00, 53.204006, 6.00, 0.03, 0.00, 24.00, 29.20401, 0.00 
 
50.00, 47.00, 3.00, 47.237305, 6.00, 0.03, 0.00, 18.00, 29.23731, -0.00 
 
50.00, 47.00, 3.00, 47.270607, 6.00, 0.03, 0.00, 18.00, 29.27061, 0.00 
 
50.00, 47.00, 3.00, 47.303909, 6.00, 0.03, 0.00, 18.00, 29.30391, 0.00 
 
50.00, 47.00, 3.00, 47.337208, 6.00, 0.03, 0.00, 18.00, 29.33721, 0.00 
 
50.00, 47.00, 3.00, 47.370510, 6.00, 0.03, 0.00, 18.00, 29.37051, 0.00 
 
50.00, 47.00, 3.00, 47.403809, 6.00, 0.03, 0.00, 18.00, 29.40381, 0.00 
 
50.00, 47.00, 3.00, 47.437111, 6.00, 0.03, 0.00, 18.00, 29.43711, 0.00 
 
50.00, 47.00, 3.00, 47.470413, 6.00, 0.03, 0.00, 18.00, 29.47041, 0.00 
 
50.00, 47.00, 3.00, 47.503712, 6.00, 0.03, 0.00, 18.00, 29.50371, 0.00 
 
50.00, 47.00, 3.00, 47.537014, 6.00, 0.03, 0.00, 18.00, 29.53701, 0.00 
 
50.00, 47.00, 3.00, 47.570312, 6.00, 0.03, 0.00, 18.00, 29.57031, 0.00 
 
50.00, 47.00, 3.00, 47.603615, 6.00, 0.03, 0.00, 18.00, 29.60361, 0.00 
 
50.00, 47.00, 3.00, 47.636917, 6.00, 0.03, 0.00, 18.00, 29.63692, 0.00 
 
50.00, 47.00, 3.00, 47.670216, 6.00, 0.03, 0.00, 18.00, 29.67022, 0.00 
 
50.00, 47.00, 3.00, 47.703518, 6.00, 0.03, 0.00, 18.00, 29.70352, 0.00 
 
50.00, 47.00, 3.00, 47.736816, 6.00, 0.03, 0.00, 18.00, 29.73682, 0.00 
 
50.00, 47.00, 3.00, 47.770119, 6.00, 0.03, 0.00, 18.00, 29.77012, 0.00 
 
50.00, 47.00, 3.00, 47.803421, 6.00, 0.03, 0.00, 18.00, 29.80342, 0.00 
 
50.00, 47.00, 3.00, 47.836720, 6.00, 0.03, 0.00, 18.00, 29.83672, 0.00 
 
50.00, 47.00, 3.00, 47.870022, 6.00, 0.03, 0.00, 18.00, 29.87002, 0.00 
 
50.00, 47.00, 3.00, 47.903320, 6.00, 0.03, 0.00, 18.00, 29.90332, 0.00 
 
50.00, 47.00, 3.00, 47.936623, 6.00, 0.03, 0.00, 18.00, 29.93662, 0.00 
 
50.00, 47.00, 3.00, 47.969925, 6.00, 0.03, 0.00, 18.00, 29.96992, 0.00 
 
50.00, 47.00, 3.00, 48.003223, 6.00, 0.03, 0.00, 18.00, 30.00322, 0.00 
 
50.00, 47.00, 3.00, 48.036526, 6.00, 0.03, 0.00, 18.00, 30.03653, 0.00 
 
50.00, 47.00, 3.00, 48.069824, 6.00, 0.03, 0.00, 18.00, 30.06983, 0.00 
 
50.00, 47.00, 3.00, 48.103127, 6.00, 0.03, 0.00, 18.00, 30.10313, 0.00 
 
50.00, 47.00, 3.00, 48.136429, 6.00, 0.03, 0.00, 18.00, 30.13643, 0.00 
 
50.00, 47.00, 3.00, 48.169727, 6.00, 0.03, 0.00, 18.00, 30.16973, 0.00 
 
50.00, 47.00, 3.00, 48.203030, 6.00, 0.03, 0.00, 18.00, 30.20303, 0.00 
 
50.00, 47.00, 3.00, 48.236328, 6.00, 0.03, 0.00, 18.00, 30.23633, 0.00 
 
50.00, 47.00, 3.00, 48.269630, 6.00, 0.03, 0.00, 18.00, 30.26963, 0.00 
 
50.00, 47.00, 3.00, 48.302933, 6.00, 0.03, 0.00, 18.00, 30.30293, 0.00 
 
50.00, 47.00, 3.00, 48.336231, 6.00, 0.03, 0.00, 18.00, 30.33623, 0.00 
 
50.00, 47.00, 3.00, 48.369534, 6.00, 0.03, 0.00, 18.00, 30.36953, 0.00 
 
50.00, 47.00, 3.00, 48.402832, 6.00, 0.03, 0.00, 18.00, 30.40283, 0.00 
 
50.00, 47.00, 3.00, 48.436134, 6.00, 0.03, 0.00, 18.00, 30.43613, 0.00 
 
50.00, 47.00, 3.00, 48.469437, 6.00, 0.03, 0.00, 18.00, 30.46943, 0.00 
 
50.00, 47.00, 3.00, 48.502735, 6.00, 0.03, 0.00, 18.00, 30.50274, 0.00 
 
50.00, 47.00, 3.00, 48.536037, 6.00, 0.03, 0.00, 18.00, 30.53604, 0.00 
 
50.00, 47.00, 3.00, 48.569336, 6.00, 0.03, 0.00, 18.00, 30.56934, 0.00 
 
50.00, 47.00, 3.00, 48.602638, 6.00, 0.03, 0.00, 18.00, 30.60264, 0.00 
 
50.00, 47.00, 3.00, 48.635941, 6.00, 0.03, 0.00, 18.00, 30.63594, 0.00 
 
50.00, 47.00, 3.00, 48.669239, 6.00, 0.03, 0.00, 18.00, 30.66924, 0.00 
 
50.00, 47.00, 3.00, 48.702541, 6.00, 0.03, 0.00, 18.00, 30.70254, 0.00 
 
50.00, 47.00, 3.00, 48.735840, 6.00, 0.03, 0.00, 18.00, 30.73584, 0.00 
 
50.00, 47.00, 3.00, 48.769142, 6.00, 0.03, 0.00, 18.00, 30.76914, 0.00 
 
50.00, 47.50, 2.50, 45.796890, 6.00, 0.03, 0.00, 15.00, 30.79689, -0.00 
 
50.00, 47.00, 3.00, 48.830193, 6.00, 0.03, 0.00, 18.00, 30.83019, 0.00 
 
50.00, 47.50, 2.50, 45.857944, 6.00, 0.03, 0.00, 15.00, 30.85794, -0.00 
 
50.00, 47.50, 2.50, 45.885696, 6.00, 0.03, 0.00, 15.00, 30.88569, 0.00 
 
50.00, 47.50, 2.50, 45.913445, 6.00, 0.03, 0.00, 15.00, 30.91345, 0.00 
 
50.00, 47.00, 3.00, 48.946747, 6.00, 0.03, 0.00, 18.00, 30.94675, 0.00 
 
50.00, 47.00, 3.00, 48.980049, 6.00, 0.03, 0.00, 18.00, 30.98005, 0.00 
 
50.00, 47.50, 2.50, 46.007797, 6.00, 0.03, 0.00, 15.00, 31.00780, -0.00 
 
50.00, 47.00, 3.00, 49.041100, 6.00, 0.03, 0.00, 18.00, 31.04110, 0.00 
 
50.00, 47.50, 2.50, 46.068848, 6.00, 0.03, 0.00, 15.00, 31.06885, -0.00 
 
50.00, 47.00, 3.00, 49.102150, 6.00, 0.03, 0.00, 18.00, 31.10215, 0.00 
 
50.00, 47.50, 2.50, 46.129898, 6.00, 0.03, 0.00, 15.00, 31.12990, -0.00 
 
50.00, 47.50, 2.50, 46.157654, 6.00, 0.03, 0.00, 15.00, 31.15765, 0.00 
 
50.00, 47.50, 2.50, 46.185402, 6.00, 0.03, 0.00, 15.00, 31.18540, 0.00 
 
50.00, 47.50, 2.50, 46.213150, 6.00, 0.03, 0.00, 15.00, 31.21315, 0.00 
 
50.00, 47.50, 2.50, 46.240906, 6.00, 0.03, 0.00, 15.00, 31.24090, 0.00 
 
50.00, 47.50, 2.50, 46.268654, 6.00, 0.03, 0.00, 15.00, 31.26865, 0.00 
 
50.00, 47.00, 3.00, 49.301956, 6.00, 0.03, 0.00, 18.00, 31.30195, 0.00 
 
50.00, 47.00, 3.00, 49.335255, 6.00, 0.03, 0.00, 18.00, 31.33525, 0.00 
 
50.00, 47.50, 2.50, 46.363007, 6.00, 0.03, 0.00, 15.00, 31.36301, -0.00 
 
50.00, 47.00, 3.00, 49.396309, 6.00, 0.03, 0.00, 18.00, 31.39631, 0.00 
 
50.00, 47.50, 2.50, 46.424057, 6.00, 0.03, 0.00, 15.00, 31.42406, -0.00 
 
50.00, 47.00, 3.00, 49.457359, 6.00, 0.03, 0.00, 18.00, 31.45736, 0.00 
 
50.00, 47.50, 2.50, 46.485107, 6.00, 0.03, 0.00, 15.00, 31.48511, -0.00 
 
50.00, 47.50, 2.50, 46.512859, 6.00, 0.03, 0.00, 15.00, 31.51286, 0.00 
 
50.00, 47.50, 2.50, 46.540611, 6.00, 0.03, 0.00, 15.00, 31.54061, 0.00 
 
50.00, 47.50, 2.50, 46.568359, 6.00, 0.03, 0.00, 15.00, 31.56836, 0.00 
 
50.00, 47.50, 2.50, 46.596111, 6.00, 0.03, 0.00, 15.00, 31.59611, 0.00 
 
50.00, 47.50, 2.50, 46.623863, 6.00, 0.03, 0.00, 15.00, 31.62386, 0.00 
 
50.00, 47.50, 2.50, 46.651611, 6.00, 0.03, 0.00, 15.00, 31.65161, 0.00 
 
50.00, 47.50, 2.50, 46.679363, 6.00, 0.03, 0.00, 15.00, 31.67936, 0.00 
 
50.00, 47.50, 2.50, 46.707115, 6.00, 0.03, 0.00, 15.00, 31.70712, 0.00 
 
50.00, 47.50, 2.50, 46.734863, 6.00, 0.03, 0.00, 15.00, 31.73487, 0.00 
 
50.00, 47.50, 2.50, 46.762615, 6.00, 0.03, 0.00, 15.00, 31.76262, 0.00 
 
50.00, 47.50, 2.50, 46.790367, 6.00, 0.03, 0.00, 15.00, 31.79037, 0.00 
 
50.00, 47.50, 2.50, 46.818115, 6.00, 0.03, 0.00, 15.00, 31.81812, 0.00 
 
50.00, 47.50, 2.50, 46.845867, 6.00, 0.03, 0.00, 15.00, 31.84587, 0.00 
 
50.00, 47.50, 2.50, 46.873619, 6.00, 0.03, 0.00, 15.00, 31.87362, 0.00 
 
50.00, 47.50, 2.50, 46.901367, 6.00, 0.03, 0.00, 15.00, 31.90137, 0.00 
 
50.00, 47.50, 2.50, 46.929119, 6.00, 0.03, 0.00, 15.00, 31.92912, 0.00 
 
50.00, 47.50, 2.50, 46.956871, 6.00, 0.03, 0.00, 15.00, 31.95687, 0.00 
 
50.00, 47.50, 2.50, 46.984619, 6.00, 0.03, 0.00, 15.00, 31.98462, 0.00 
 
50.00, 47.50, 2.50, 47.012371, 6.00, 0.03, 0.00, 15.00, 32.01237, 0.00 
 
50.00, 47.50, 2.50, 47.040123, 6.00, 0.03, 0.00, 15.00, 32.04012, 0.00 
 
50.00, 47.50, 2.50, 47.067871, 6.00, 0.03, 0.00, 15.00, 32.06787, 0.00 
 
50.00, 47.50, 2.50, 47.095623, 6.00, 0.03, 0.00, 15.00, 32.09562, 0.00 
 
50.00, 47.50, 2.50, 47.123375, 6.00, 0.03, 0.00, 15.00, 32.12337, 0.00 
 
50.00, 47.50, 2.50, 47.151123, 6.00, 0.03, 0.00, 15.00, 32.15112, 0.00 
 
50.00, 47.50, 2.50, 47.178875, 6.00, 0.03, 0.00, 15.00, 32.17887, 0.00 
 
50.00, 47.50, 2.50, 47.206627, 6.00, 0.03, 0.00, 15.00, 32.20663, 0.00 
 
50.00, 47.50, 2.50, 47.234375, 6.00, 0.03, 0.00, 15.00, 32.23438, 0.00 
 
50.00, 47.50, 2.50, 47.262127, 6.00, 0.03, 0.00, 15.00, 32.26213, 0.00 
 
50.00, 47.50, 2.50, 47.289879, 6.00, 0.03, 0.00, 15.00, 32.28988, 0.00 
 
50.00, 47.50, 2.50, 47.317627, 6.00, 0.03, 0.00, 15.00, 32.31763, 0.00 
 
50.00, 47.50, 2.50, 47.345379, 6.00, 0.03, 0.00, 15.00, 32.34538, 0.00 
 
50.00, 47.50, 2.50, 47.373131, 6.00, 0.03, 0.00, 15.00, 32.37313, 0.00 
 
50.00, 47.50, 2.50, 47.400879, 6.00, 0.03, 0.00, 15.00, 32.40088, 0.00 
 
50.00, 47.50, 2.50, 47.428631, 6.00, 0.03, 0.00, 15.00, 32.42863, 0.00 
 
50.00, 47.50, 2.50, 47.456383, 6.00, 0.03, 0.00, 15.00, 32.45638, 0.00 
 
50.00, 47.50, 2.50, 47.484131, 6.00, 0.03, 0.00, 15.00, 32.48413, 0.00 
 
50.00, 47.50, 2.50, 47.511883, 6.00, 0.03, 0.00, 15.00, 32.51188, 0.00 
 
50.00, 47.50, 2.50, 47.539635, 6.00, 0.03, 0.00, 15.00, 32.53963, 0.00 
 
50.00, 47.50, 2.50, 47.567383, 6.00, 0.03, 0.00, 15.00, 32.56738, 0.00 
 
50.00, 47.50, 2.50, 47.595135, 6.00, 0.03, 0.00, 15.00, 32.59513, 0.00 
 
50.00, 47.00, 3.00, 50.628437, 6.00, 0.03, 0.00, 18.00, 32.62844, 0.00 
 
50.00, 48.50, 1.50, 41.645088, 6.00, 0.03, 0.00, 9.00, 32.64509, -0.00 
 
50.00, 47.50, 2.50, 47.672836, 6.00, 0.03, 0.00, 15.00, 32.67284, 0.00 
 
50.00, 47.50, 2.50, 47.700588, 6.00, 0.03, 0.00, 15.00, 32.70059, 0.00 
 
50.00, 47.50, 2.50, 47.728340, 6.00, 0.03, 0.00, 15.00, 32.72834, 0.00 
 
50.00, 47.50, 2.50, 47.756088, 6.00, 0.03, 0.00, 15.00, 32.75609, 0.00 
 
50.00, 47.50, 2.50, 47.783840, 6.00, 0.03, 0.00, 15.00, 32.78384, 0.00 
 
50.00, 47.50, 2.50, 47.811592, 6.00, 0.03, 0.00, 15.00, 32.81159, 0.00 
 
50.00, 47.50, 2.50, 47.839340, 6.00, 0.03, 0.00, 15.00, 32.83934, 0.00 
 
50.00, 47.50, 2.50, 47.867092, 6.00, 0.03, 0.00, 15.00, 32.86709, 0.00 
 
50.00, 47.50, 2.50, 47.894844, 6.00, 0.03, 0.00, 15.00, 32.89484, 0.00 
 
50.00, 47.50, 2.50, 47.922592, 6.00, 0.03, 0.00, 15.00, 32.92259, 0.00 
 
50.00, 47.50, 2.50, 47.950344, 6.00, 0.03, 0.00, 15.00, 32.95034, 0.00 
 
50.00, 47.50, 2.50, 47.978096, 6.00, 0.03, 0.00, 15.00, 32.97810, 0.00 
 
50.00, 47.50, 2.50, 48.005844, 6.00, 0.03, 0.00, 15.00, 33.00584, 0.00 
 
50.00, 47.50, 2.50, 48.033596, 6.00, 0.03, 0.00, 15.00, 33.03360, 0.00 
 
50.00, 47.50, 2.50, 48.061348, 6.00, 0.03, 0.00, 15.00, 33.06135, 0.00 
 
50.00, 47.50, 2.50, 48.089096, 6.00, 0.03, 0.00, 15.00, 33.08910, 0.00 
 
50.00, 47.50, 2.50, 48.116848, 6.00, 0.03, 0.00, 15.00, 33.11685, 0.00 
 
50.00, 47.00, 3.00, 51.150146, 6.00, 0.03, 0.00, 18.00, 33.15015, 0.00 
 
50.00, 48.50, 1.50, 42.166798, 6.00, 0.03, 0.00, 9.00, 33.16680, -0.00 
 
50.00, 47.50, 2.50, 48.194550, 6.00, 0.03, 0.00, 15.00, 33.19455, 0.00 
 
50.00, 47.00, 3.00, 51.227852, 6.00, 0.03, 0.00, 18.00, 33.22785, 0.00 
 
50.00, 48.50, 1.50, 42.244499, 6.00, 0.03, 0.00, 9.00, 33.24450, -0.00 
 
50.00, 47.50, 2.50, 48.272251, 6.00, 0.03, 0.00, 15.00, 33.27225, 0.00 
 
50.00, 47.00, 3.00, 51.305553, 6.00, 0.03, 0.00, 18.00, 33.30555, 0.00 
 
50.00, 48.00, 2.00, 45.327751, 6.00, 0.03, 0.00, 12.00, 33.32775, -0.00 
 
50.00, 48.00, 2.00, 45.349953, 6.00, 0.03, 0.00, 12.00, 33.34995, 0.00 
 
50.00, 48.50, 1.50, 42.366604, 6.00, 0.03, 0.00, 9.00, 33.36660, -0.00 
 
50.00, 47.50, 2.50, 48.394356, 6.00, 0.03, 0.00, 15.00, 33.39436, 0.00 
 
50.00, 47.50, 2.50, 48.422104, 6.00, 0.03, 0.00, 15.00, 33.42210, 0.00 
 
50.00, 47.50, 2.50, 48.449856, 6.00, 0.03, 0.00, 15.00, 33.44986, 0.00 
 
50.00, 47.00, 3.00, 51.483154, 6.00, 0.03, 0.00, 18.00, 33.48315, 0.00 
 
50.00, 48.50, 1.50, 42.499805, 6.00, 0.03, 0.00, 9.00, 33.49981, -0.00 
 
50.00, 47.00, 3.00, 51.533108, 6.00, 0.03, 0.00, 18.00, 33.53311, 0.00 
 
50.00, 48.00, 2.00, 45.555309, 6.00, 0.03, 0.00, 12.00, 33.55531, -0.00 
 
50.00, 48.00, 2.00, 45.577507, 6.00, 0.03, 0.00, 12.00, 33.57751, 0.00 
 
50.00, 48.00, 2.00, 45.599709, 6.00, 0.03, 0.00, 12.00, 33.59971, 0.00 
 
50.00, 48.00, 2.00, 45.621910, 6.00, 0.03, 0.00, 12.00, 33.62191, 0.00 
 
50.00, 48.50, 1.50, 42.638561, 6.00, 0.03, 0.00, 9.00, 33.63856, -0.00 
 
50.00, 47.00, 3.00, 51.671860, 6.00, 0.03, 0.00, 18.00, 33.67186, 0.00 
 
50.00, 48.00, 2.00, 45.694061, 6.00, 0.03, 0.00, 12.00, 33.69406, -0.00 
 
50.00, 48.00, 2.00, 45.716263, 6.00, 0.03, 0.00, 12.00, 33.71626, 0.00 
 
50.00, 48.00, 2.00, 45.738461, 6.00, 0.03, 0.00, 12.00, 33.73846, 0.00 
 
50.00, 48.50, 1.50, 42.755112, 6.00, 0.03, 0.00, 9.00, 33.75511, -0.00 
 
50.00, 47.50, 2.50, 48.782864, 6.00, 0.03, 0.00, 15.00, 33.78286, 0.00 
 
50.00, 47.00, 3.00, 51.816162, 6.00, 0.03, 0.00, 18.00, 33.81616, 0.00 
 
50.00, 48.50, 1.50, 42.832813, 6.00, 0.03, 0.00, 9.00, 33.83281, -0.00 
 
50.00, 47.00, 3.00, 51.866116, 6.00, 0.03, 0.00, 18.00, 33.86612, 0.00 
 
50.00, 48.50, 1.50, 42.882767, 6.00, 0.03, 0.00, 9.00, 33.88277, -0.00 
 
50.00, 47.00, 3.00, 51.916065, 6.00, 0.03, 0.00, 18.00, 33.91607, 0.00 
 
50.00, 48.00, 2.00, 45.938267, 6.00, 0.03, 0.00, 12.00, 33.93827, -0.00 
 
50.00, 48.00, 2.00, 45.960468, 6.00, 0.03, 0.00, 12.00, 33.96047, 0.00 
 
50.00, 48.50, 1.50, 42.977119, 6.00, 0.03, 0.00, 9.00, 33.97712, -0.00 
 
50.00, 47.50, 2.50, 49.004868, 6.00, 0.03, 0.00, 15.00, 34.00487, 0.00 
 
50.00, 47.00, 3.00, 52.038170, 6.00, 0.03, 0.00, 18.00, 34.03817, 0.00 
 
50.00, 48.00, 2.00, 46.060371, 6.00, 0.03, 0.00, 12.00, 34.06037, -0.00 
 
50.00, 48.00, 2.00, 46.082569, 6.00, 0.03, 0.00, 12.00, 34.08257, 0.00 
 
50.00, 48.00, 2.00, 46.104771, 6.00, 0.03, 0.00, 12.00, 34.10477, 0.00 
 
50.00, 48.00, 2.00, 46.126972, 6.00, 0.03, 0.00, 12.00, 34.12697, 0.00 
 
50.00, 48.00, 2.00, 46.149170, 6.00, 0.03, 0.00, 12.00, 34.14917, 0.00 
 
50.00, 48.00, 2.00, 46.171371, 6.00, 0.03, 0.00, 12.00, 34.17137, 0.00 
 
50.00, 48.50, 1.50, 43.188023, 6.00, 0.03, 0.00, 9.00, 34.18802, -0.00 
 
50.00, 47.00, 3.00, 52.221325, 6.00, 0.03, 0.00, 18.00, 34.22132, 0.00 
 
50.00, 48.00, 2.00, 46.243523, 6.00, 0.03, 0.00, 12.00, 34.24352, -0.00 
 
50.00, 48.00, 2.00, 46.265724, 6.00, 0.03, 0.00, 12.00, 34.26572, 0.00 
 
50.00, 48.00, 2.00, 46.287926, 6.00, 0.03, 0.00, 12.00, 34.28793, 0.00 
 
50.00, 48.00, 2.00, 46.310127, 6.00, 0.03, 0.00, 12.00, 34.31013, 0.00 
 
50.00, 48.00, 2.00, 46.332325, 6.00, 0.03, 0.00, 12.00, 34.33232, 0.00 
 
50.00, 48.00, 2.00, 46.354527, 6.00, 0.03, 0.00, 12.00, 34.35453, 0.00 
 
50.00, 48.00, 2.00, 46.376728, 6.00, 0.03, 0.00, 12.00, 34.37673, 0.00 
 
50.00, 48.00, 2.00, 46.398926, 6.00, 0.03, 0.00, 12.00, 34.39893, 0.00 
 
50.00, 48.00, 2.00, 46.421127, 6.00, 0.03, 0.00, 12.00, 34.42113, 0.00 
 
50.00, 48.00, 2.00, 46.443329, 6.00, 0.03, 0.00, 12.00, 34.44333, 0.00 
 
50.00, 48.00, 2.00, 46.465530, 6.00, 0.03, 0.00, 12.00, 34.46553, 0.00 
 
50.00, 48.00, 2.00, 46.487728, 6.00, 0.03, 0.00, 12.00, 34.48773, 0.00 
 
50.00, 48.00, 2.00, 46.509930, 6.00, 0.03, 0.00, 12.00, 34.50993, 0.00 
 
50.00, 48.00, 2.00, 46.532131, 6.00, 0.03, 0.00, 12.00, 34.53213, 0.00 
 
50.00, 48.00, 2.00, 46.554333, 6.00, 0.03, 0.00, 12.00, 34.55433, 0.00 
 
50.00, 48.00, 2.00, 46.576530, 6.00, 0.03, 0.00, 12.00, 34.57653, 0.00 
 
50.00, 48.00, 2.00, 46.598732, 6.00, 0.03, 0.00, 12.00, 34.59873, 0.00 
 
50.00, 48.50, 1.50, 43.615383, 6.00, 0.03, 0.00, 9.00, 34.61538, -0.00 
 
50.00, 47.00, 3.00, 52.648682, 6.00, 0.03, 0.00, 18.00, 34.64868, 0.00 
 
50.00, 48.00, 2.00, 46.670883, 6.00, 0.03, 0.00, 12.00, 34.67088, -0.00 
 
50.00, 48.00, 2.00, 46.693085, 6.00, 0.03, 0.00, 12.00, 34.69308, 0.00 
 
50.00, 48.00, 2.00, 46.715286, 6.00, 0.03, 0.00, 12.00, 34.71529, 0.00 
 
50.00, 48.00, 2.00, 46.737484, 6.00, 0.03, 0.00, 12.00, 34.73748, 0.00 
 
50.00, 48.00, 2.00, 46.759686, 6.00, 0.03, 0.00, 12.00, 34.75969, 0.00 
 
50.00, 48.00, 2.00, 46.781887, 6.00, 0.03, 0.00, 12.00, 34.78189, 0.00 
 
50.00, 48.00, 2.00, 46.804089, 6.00, 0.03, 0.00, 12.00, 34.80409, 0.00 
 
50.00, 48.00, 2.00, 46.826286, 6.00, 0.03, 0.00, 12.00, 34.82629, 0.00 
 
50.00, 48.00, 2.00, 46.848488, 6.00, 0.03, 0.00, 12.00, 34.84849, 0.00 
 
50.00, 48.00, 2.00, 46.870689, 6.00, 0.03, 0.00, 12.00, 34.87069, 0.00 
 
50.00, 48.00, 2.00, 46.892891, 6.00, 0.03, 0.00, 12.00, 34.89289, 0.00 
 
50.00, 48.00, 2.00, 46.915089, 6.00, 0.03, 0.00, 12.00, 34.91509, 0.00 
 
50.00, 48.00, 2.00, 46.937290, 6.00, 0.03, 0.00, 12.00, 34.93729, 0.00 
 
50.00, 48.00, 2.00, 46.959492, 6.00, 0.03, 0.00, 12.00, 34.95949, 0.00 
 
50.00, 48.00, 2.00, 46.981689, 6.00, 0.03, 0.00, 12.00, 34.98169, 0.00 
 
50.00, 48.00, 2.00, 47.003891, 6.00, 0.03, 0.00, 12.00, 35.00389, 0.00 
 
50.00, 48.00, 2.00, 47.026093, 6.00, 0.03, 0.00, 12.00, 35.02609, 0.00 
 
50.00, 48.00, 2.00, 47.048294, 6.00, 0.03, 0.00, 12.00, 35.04829, 0.00 
 
50.00, 48.00, 2.00, 47.070492, 6.00, 0.03, 0.00, 12.00, 35.07049, 0.00 
 
50.00, 48.00, 2.00, 47.092693, 6.00, 0.03, 0.00, 12.00, 35.09269, 0.00 
 
50.00, 48.00, 2.00, 47.114895, 6.00, 0.03, 0.00, 12.00, 35.11489, 0.00 
 
50.00, 48.00, 2.00, 47.137096, 6.00, 0.03, 0.00, 12.00, 35.13710, 0.00 
 
50.00, 48.00, 2.00, 47.159294, 6.00, 0.03, 0.00, 12.00, 35.15929, 0.00 
 
50.00, 48.00, 2.00, 47.181496, 6.00, 0.03, 0.00, 12.00, 35.18150, 0.00 
 
50.00, 48.00, 2.00, 47.203697, 6.00, 0.03, 0.00, 12.00, 35.20370, 0.00 
 
50.00, 48.00, 2.00, 47.225899, 6.00, 0.03, 0.00, 12.00, 35.22590, 0.00 
 
50.00, 48.00, 2.00, 47.248096, 6.00, 0.03, 0.00, 12.00, 35.24810, 0.00 
 
50.00, 48.00, 2.00, 47.270298, 6.00, 0.03, 0.00, 12.00, 35.27030, 0.00 
 
50.00, 48.00, 2.00, 47.292500, 6.00, 0.03, 0.00, 12.00, 35.29250, 0.00 
 
50.00, 48.00, 2.00, 47.314697, 6.00, 0.03, 0.00, 12.00, 35.31470, 0.00 
 
50.00, 48.00, 2.00, 47.336899, 6.00, 0.03, 0.00, 12.00, 35.33690, 0.00 
 
50.00, 48.00, 2.00, 47.359100, 6.00, 0.03, 0.00, 12.00, 35.35910, 0.00 
 
50.00, 48.00, 2.00, 47.381302, 6.00, 0.03, 0.00, 12.00, 35.38130, 0.00 
 
50.00, 48.00, 2.00, 47.403500, 6.00, 0.03, 0.00, 12.00, 35.40350, 0.00 
 
50.00, 48.00, 2.00, 47.425701, 6.00, 0.03, 0.00, 12.00, 35.42570, 0.00 
 
50.00, 48.00, 2.00, 47.447903, 6.00, 0.03, 0.00, 12.00, 35.44790, 0.00 
 
50.00, 48.00, 2.00, 47.470104, 6.00, 0.03, 0.00, 12.00, 35.47010, 0.00 
 
50.00, 48.00, 2.00, 47.492302, 6.00, 0.03, 0.00, 12.00, 35.49230, 0.00 
 
50.00, 48.00, 2.00, 47.514503, 6.00, 0.03, 0.00, 12.00, 35.51450, 0.00 
 
50.00, 48.00, 2.00, 47.536705, 6.00, 0.03, 0.00, 12.00, 35.53671, 0.00 
 
50.00, 48.00, 2.00, 47.558907, 6.00, 0.03, 0.00, 12.00, 35.55891, 0.00 
 
50.00, 48.00, 2.00, 47.581104, 6.00, 0.03, 0.00, 12.00, 35.58110, 0.00 
 
50.00, 48.00, 2.00, 47.603306, 6.00, 0.03, 0.00, 12.00, 35.60331, 0.00 
 
50.00, 48.00, 2.00, 47.625507, 6.00, 0.03, 0.00, 12.00, 35.62551, 0.00 
 
50.00, 48.00, 2.00, 47.647705, 6.00, 0.03, 0.00, 12.00, 35.64771, 0.00 
 
50.00, 48.00, 2.00, 47.669907, 6.00, 0.03, 0.00, 12.00, 35.66991, 0.00 
 
50.00, 48.00, 2.00, 47.692108, 6.00, 0.03, 0.00, 12.00, 35.69211, 0.00 
 
50.00, 48.00, 2.00, 47.714310, 6.00, 0.03, 0.00, 12.00, 35.71431, 0.00 
 
50.00, 48.00, 2.00, 47.736507, 6.00, 0.03, 0.00, 12.00, 35.73651, 0.00 
 
50.00, 48.00, 2.00, 47.758709, 6.00, 0.03, 0.00, 12.00, 35.75871, 0.00 
 
50.00, 48.00, 2.00, 47.780910, 6.00, 0.03, 0.00, 12.00, 35.78091, 0.00 
 
50.00, 48.00, 2.00, 47.803112, 6.00, 0.03, 0.00, 12.00, 35.80311, 0.00 
 
50.00, 48.00, 2.00, 47.825310, 6.00, 0.03, 0.00, 12.00, 35.82531, 0.00 
 
50.00, 48.00, 2.00, 47.847511, 6.00, 0.03, 0.00, 12.00, 35.84751, 0.00 
 
50.00, 48.00, 2.00, 47.869713, 6.00, 0.03, 0.00, 12.00, 35.86971, 0.00 
 
50.00, 48.00, 2.00, 47.891914, 6.00, 0.03, 0.00, 12.00, 35.89191, 0.00 
 
50.00, 48.00, 2.00, 47.914112, 6.00, 0.03, 0.00, 12.00, 35.91411, 0.00 
 
50.00, 48.00, 2.00, 47.936314, 6.00, 0.03, 0.00, 12.00, 35.93631, 0.00 
 
50.00, 48.00, 2.00, 47.958515, 6.00, 0.03, 0.00, 12.00, 35.95852, 0.00 
 
50.00, 48.00, 2.00, 47.980713, 6.00, 0.03, 0.00, 12.00, 35.98071, 0.00 
 
50.00, 48.00, 2.00, 48.002914, 6.00, 0.03, 0.00, 12.00, 36.00291, 0.00 
 
50.00, 48.00, 2.00, 48.025116, 6.00, 0.03, 0.00, 12.00, 36.02512, 0.00 
 
50.00, 48.00, 2.00, 48.047318, 6.00, 0.03, 0.00, 12.00, 36.04732, 0.00 
 
50.00, 48.00, 2.00, 48.069515, 6.00, 0.03, 0.00, 12.00, 36.06952, 0.00 
 
50.00, 48.00, 2.00, 48.091717, 6.00, 0.03, 0.00, 12.00, 36.09172, 0.00 
 
50.00, 48.00, 2.00, 48.113918, 6.00, 0.03, 0.00, 12.00, 36.11392, 0.00 
 
50.00, 48.00, 2.00, 48.136120, 6.00, 0.03, 0.00, 12.00, 36.13612, 0.00 
 
50.00, 48.50, 1.50, 45.152767, 6.00, 0.03, 0.00, 9.00, 36.15277, -0.00 
 
50.00, 48.00, 2.00, 48.174969, 6.00, 0.03, 0.00, 12.00, 36.17497, 0.00 
 
50.00, 48.00, 2.00, 48.197170, 6.00, 0.03, 0.00, 12.00, 36.19717, 0.00 
 
50.00, 48.00, 2.00, 48.219372, 6.00, 0.03, 0.00, 12.00, 36.21937, 0.00 
 
50.00, 48.00, 2.00, 48.241570, 6.00, 0.03, 0.00, 12.00, 36.24157, 0.00 
 
50.00, 48.00, 2.00, 48.263771, 6.00, 0.03, 0.00, 12.00, 36.26377, 0.00 
 
50.00, 48.00, 2.00, 48.285973, 6.00, 0.03, 0.00, 12.00, 36.28597, 0.00 
 
50.00, 48.50, 1.50, 45.302624, 6.00, 0.03, 0.00, 9.00, 36.30262, -0.00 
 
50.00, 48.00, 2.00, 48.324821, 6.00, 0.03, 0.00, 12.00, 36.32482, 0.00 
 
50.00, 48.00, 2.00, 48.347023, 6.00, 0.03, 0.00, 12.00, 36.34702, 0.00 
 
50.00, 48.00, 2.00, 48.369225, 6.00, 0.03, 0.00, 12.00, 36.36922, 0.00 
 
50.00, 48.50, 1.50, 45.385876, 6.00, 0.03, 0.00, 9.00, 36.38588, -0.00 
 
50.00, 48.00, 2.00, 48.408073, 6.00, 0.03, 0.00, 12.00, 36.40807, 0.00 
 
50.00, 48.50, 1.50, 45.424725, 6.00, 0.03, 0.00, 9.00, 36.42472, -0.00 
 
50.00, 48.00, 2.00, 48.446926, 6.00, 0.03, 0.00, 12.00, 36.44693, 0.00 
 
50.00, 48.00, 2.00, 48.469128, 6.00, 0.03, 0.00, 12.00, 36.46913, 0.00 
 
50.00, 48.00, 2.00, 48.491325, 6.00, 0.03, 0.00, 12.00, 36.49133, 0.00 
 
50.00, 48.00, 2.00, 48.513527, 6.00, 0.03, 0.00, 12.00, 36.51353, 0.00 
 
50.00, 48.00, 2.00, 48.535728, 6.00, 0.03, 0.00, 12.00, 36.53573, 0.00 
 
50.00, 48.00, 2.00, 48.557930, 6.00, 0.03, 0.00, 12.00, 36.55793, 0.00 
 
50.00, 48.00, 2.00, 48.580128, 6.00, 0.03, 0.00, 12.00, 36.58013, 0.00 
 
50.00, 48.50, 1.50, 45.596779, 6.00, 0.03, 0.00, 9.00, 36.59678, -0.00 
 
50.00, 48.00, 2.00, 48.618980, 6.00, 0.03, 0.00, 12.00, 36.61898, 0.00 
 
50.00, 48.00, 2.00, 48.641182, 6.00, 0.03, 0.00, 12.00, 36.64118, 0.00 
 
50.00, 48.00, 2.00, 48.663380, 6.00, 0.03, 0.00, 12.00, 36.66338, 0.00 
 
50.00, 48.50, 1.50, 45.680031, 6.00, 0.03, 0.00, 9.00, 36.68003, -0.00 
 
50.00, 48.50, 1.50, 45.696682, 6.00, 0.03, 0.00, 9.00, 36.69668, 0.00 
 
50.00, 48.00, 2.00, 48.718884, 6.00, 0.03, 0.00, 12.00, 36.71888, 0.00 
 
50.00, 48.00, 2.00, 48.741081, 6.00, 0.03, 0.00, 12.00, 36.74108, 0.00 
 
50.00, 48.50, 1.50, 45.757732, 6.00, 0.03, 0.00, 9.00, 36.75773, -0.00 
 
50.00, 48.50, 1.50, 45.774384, 6.00, 0.03, 0.00, 9.00, 36.77438, 0.00 
 
50.00, 48.50, 1.50, 45.791035, 6.00, 0.03, 0.00, 9.00, 36.79103, 0.00 
 
50.00, 48.50, 1.50, 45.807686, 6.00, 0.03, 0.00, 9.00, 36.80769, 0.00 
 
50.00, 48.50, 1.50, 45.824333, 6.00, 0.03, 0.00, 9.00, 36.82433, 0.00 
 
50.00, 48.50, 1.50, 45.840984, 6.00, 0.03, 0.00, 9.00, 36.84098, 0.00 
 
50.00, 48.00, 2.00, 48.863186, 6.00, 0.03, 0.00, 12.00, 36.86319, 0.00 
 
50.00, 48.50, 1.50, 45.879837, 6.00, 0.03, 0.00, 9.00, 36.87984, -0.00 
 
50.00, 48.50, 1.50, 45.896488, 6.00, 0.03, 0.00, 9.00, 36.89649, 0.00 
 
50.00, 48.50, 1.50, 45.913136, 6.00, 0.03, 0.00, 9.00, 36.91314, 0.00 
 
50.00, 48.50, 1.50, 45.929787, 6.00, 0.03, 0.00, 9.00, 36.92979, 0.00 
 
50.00, 48.50, 1.50, 45.946438, 6.00, 0.03, 0.00, 9.00, 36.94644, 0.00 
 
50.00, 48.50, 1.50, 45.963089, 6.00, 0.03, 0.00, 9.00, 36.96309, 0.00 
 
50.00, 48.00, 2.00, 48.985287, 6.00, 0.03, 0.00, 12.00, 36.98529, 0.00 
 
50.00, 48.00, 2.00, 49.007488, 6.00, 0.03, 0.00, 12.00, 37.00749, 0.00 
 
50.00, 48.00, 2.00, 49.029690, 6.00, 0.03, 0.00, 12.00, 37.02969, 0.00 
 
50.00, 48.00, 2.00, 49.051891, 6.00, 0.03, 0.00, 12.00, 37.05189, 0.00 
 
50.00, 48.00, 2.00, 49.074089, 6.00, 0.03, 0.00, 12.00, 37.07409, 0.00 
 
50.00, 48.50, 1.50, 46.090740, 6.00, 0.03, 0.00, 9.00, 37.09074, -0.00 
 
50.00, 48.00, 2.00, 49.112942, 6.00, 0.03, 0.00, 12.00, 37.11294, 0.00 
 
50.00, 48.50, 1.50, 46.129593, 6.00, 0.03, 0.00, 9.00, 37.12959, -0.00 
 
50.00, 48.50, 1.50, 46.146244, 6.00, 0.03, 0.00, 9.00, 37.14624, 0.00 
 
50.00, 48.50, 1.50, 46.162891, 6.00, 0.03, 0.00, 9.00, 37.16289, 0.00 
 
50.00, 48.00, 2.00, 49.185093, 6.00, 0.03, 0.00, 12.00, 37.18509, 0.00 
 
50.00, 48.50, 1.50, 46.201744, 6.00, 0.03, 0.00, 9.00, 37.20174, -0.00 
 
50.00, 48.50, 1.50, 46.218395, 6.00, 0.03, 0.00, 9.00, 37.21840, 0.00 
 
50.00, 48.00, 2.00, 49.240593, 6.00, 0.03, 0.00, 12.00, 37.24059, 0.00 
 
50.00, 48.00, 2.00, 49.262794, 6.00, 0.03, 0.00, 12.00, 37.26279, 0.00 
 
50.00, 48.50, 1.50, 46.279446, 6.00, 0.03, 0.00, 9.00, 37.27945, -0.00 
 
50.00, 48.50, 1.50, 46.296097, 6.00, 0.03, 0.00, 9.00, 37.29610, 0.00 
 
50.00, 48.50, 1.50, 46.312748, 6.00, 0.03, 0.00, 9.00, 37.31275, 0.00 
 
50.00, 48.50, 1.50, 46.329395, 6.00, 0.03, 0.00, 9.00, 37.32940, 0.00 
 
50.00, 48.50, 1.50, 46.346046, 6.00, 0.03, 0.00, 9.00, 37.34605, 0.00 
 
50.00, 48.50, 1.50, 46.362698, 6.00, 0.03, 0.00, 9.00, 37.36270, 0.00 
 
50.00, 48.50, 1.50, 46.379349, 6.00, 0.03, 0.00, 9.00, 37.37935, 0.00 
 
50.00, 48.50, 1.50, 46.396000, 6.00, 0.03, 0.00, 9.00, 37.39600, 0.00 
 
50.00, 48.50, 1.50, 46.412647, 6.00, 0.03, 0.00, 9.00, 37.41265, 0.00 
 
50.00, 48.50, 1.50, 46.429298, 6.00, 0.03, 0.00, 9.00, 37.42930, 0.00 
 
50.00, 48.50, 1.50, 46.445950, 6.00, 0.03, 0.00, 9.00, 37.44595, 0.00 
 
50.00, 48.50, 1.50, 46.462601, 6.00, 0.03, 0.00, 9.00, 37.46260, 0.00 
 
50.00, 48.50, 1.50, 46.479252, 6.00, 0.03, 0.00, 9.00, 37.47925, 0.00 
 
50.00, 48.50, 1.50, 46.495899, 6.00, 0.03, 0.00, 9.00, 37.49590, 0.00 
 
50.00, 48.50, 1.50, 46.512550, 6.00, 0.03, 0.00, 9.00, 37.51255, 0.00 
 
50.00, 48.50, 1.50, 46.529202, 6.00, 0.03, 0.00, 9.00, 37.52920, 0.00 
 
50.00, 48.50, 1.50, 46.545853, 6.00, 0.03, 0.00, 9.00, 37.54585, 0.00 
 
50.00, 48.50, 1.50, 46.562504, 6.00, 0.03, 0.00, 9.00, 37.56250, 0.00 
 
50.00, 48.50, 1.50, 46.579151, 6.00, 0.03, 0.00, 9.00, 37.57915, 0.00 
 
50.00, 48.50, 1.50, 46.595802, 6.00, 0.03, 0.00, 9.00, 37.59580, 0.00 
 
50.00, 48.50, 1.50, 46.612453, 6.00, 0.03, 0.00, 9.00, 37.61245, 0.00 
 
50.00, 48.50, 1.50, 46.629105, 6.00, 0.03, 0.00, 9.00, 37.62910, 0.00 
 
50.00, 48.50, 1.50, 46.645756, 6.00, 0.03, 0.00, 9.00, 37.64576, 0.00 
 
50.00, 48.50, 1.50, 46.662403, 6.00, 0.03, 0.00, 9.00, 37.66240, 0.00 
 
50.00, 48.50, 1.50, 46.679054, 6.00, 0.03, 0.00, 9.00, 37.67905, 0.00 
 
50.00, 48.50, 1.50, 46.695705, 6.00, 0.03, 0.00, 9.00, 37.69571, 0.00 
 
50.00, 48.50, 1.50, 46.712357, 6.00, 0.03, 0.00, 9.00, 37.71236, 0.00 
 
50.00, 48.50, 1.50, 46.729008, 6.00, 0.03, 0.00, 9.00, 37.72901, 0.00 
 
50.00, 48.50, 1.50, 46.745655, 6.00, 0.03, 0.00, 9.00, 37.74566, 0.00 
 
50.00, 48.50, 1.50, 46.762306, 6.00, 0.03, 0.00, 9.00, 37.76231, 0.00 
 
50.00, 48.50, 1.50, 46.778957, 6.00, 0.03, 0.00, 9.00, 37.77896, 0.00 
 
50.00, 48.50, 1.50, 46.795609, 6.00, 0.03, 0.00, 9.00, 37.79561, 0.00 
 
50.00, 48.50, 1.50, 46.812260, 6.00, 0.03, 0.00, 9.00, 37.81226, 0.00 
 
50.00, 48.50, 1.50, 46.828907, 6.00, 0.03, 0.00, 9.00, 37.82891, 0.00 
 
50.00, 48.50, 1.50, 46.845558, 6.00, 0.03, 0.00, 9.00, 37.84556, 0.00 
 
50.00, 48.50, 1.50, 46.862209, 6.00, 0.03, 0.00, 9.00, 37.86221, 0.00 
 
50.00, 48.50, 1.50, 46.878860, 6.00, 0.03, 0.00, 9.00, 37.87886, 0.00 
 
50.00, 48.50, 1.50, 46.895512, 6.00, 0.03, 0.00, 9.00, 37.89551, 0.00 
 
50.00, 48.50, 1.50, 46.912159, 6.00, 0.03, 0.00, 9.00, 37.91216, 0.00 
 
50.00, 48.50, 1.50, 46.928810, 6.00, 0.03, 0.00, 9.00, 37.92881, 0.00 
 
50.00, 48.50, 1.50, 46.945461, 6.00, 0.03, 0.00, 9.00, 37.94546, 0.00 
 
50.00, 48.50, 1.50, 46.962112, 6.00, 0.03, 0.00, 9.00, 37.96211, 0.00 
 
50.00, 48.50, 1.50, 46.978764, 6.00, 0.03, 0.00, 9.00, 37.97876, 0.00 
 
50.00, 48.50, 1.50, 46.995411, 6.00, 0.03, 0.00, 9.00, 37.99541, 0.00 
 
50.00, 48.50, 1.50, 47.012062, 6.00, 0.03, 0.00, 9.00, 38.01206, 0.00 
 
50.00, 48.50, 1.50, 47.028713, 6.00, 0.03, 0.00, 9.00, 38.02871, 0.00 
 
50.00, 48.50, 1.50, 47.045364, 6.00, 0.03, 0.00, 9.00, 38.04536, 0.00 
 
50.00, 48.50, 1.50, 47.062016, 6.00, 0.03, 0.00, 9.00, 38.06202, 0.00 
 
50.00, 48.50, 1.50, 47.078663, 6.00, 0.03, 0.00, 9.00, 38.07866, 0.00 
 
50.00, 48.50, 1.50, 47.095314, 6.00, 0.03, 0.00, 9.00, 38.09531, 0.00 
 
50.00, 48.50, 1.50, 47.111965, 6.00, 0.03, 0.00, 9.00, 38.11197, 0.00 
 
50.00, 48.50, 1.50, 47.128616, 6.00, 0.03, 0.00, 9.00, 38.12862, 0.00 
 
50.00, 48.50, 1.50, 47.145267, 6.00, 0.03, 0.00, 9.00, 38.14527, 0.00 
 
50.00, 48.50, 1.50, 47.161915, 6.00, 0.03, 0.00, 9.00, 38.16191, 0.00 
 
50.00, 48.50, 1.50, 47.178566, 6.00, 0.03, 0.00, 9.00, 38.17857, 0.00 
 
50.00, 48.50, 1.50, 47.195217, 6.00, 0.03, 0.00, 9.00, 38.19522, 0.00 
 
50.00, 48.50, 1.50, 47.211868, 6.00, 0.03, 0.00, 9.00, 38.21187, 0.00 
 
50.00, 48.50, 1.50, 47.228519, 6.00, 0.03, 0.00, 9.00, 38.22852, 0.00 
 
50.00, 48.50, 1.50, 47.245167, 6.00, 0.03, 0.00, 9.00, 38.24517, 0.00 
 
50.00, 48.50, 1.50, 47.261818, 6.00, 0.03, 0.00, 9.00, 38.26182, 0.00 
 
50.00, 48.50, 1.50, 47.278469, 6.00, 0.03, 0.00, 9.00, 38.27847, 0.00 
 
50.00, 48.50, 1.50, 47.295120, 6.00, 0.03, 0.00, 9.00, 38.29512, 0.00 
 
50.00, 48.50, 1.50, 47.311771, 6.00, 0.03, 0.00, 9.00, 38.31177, 0.00 
 
50.00, 48.50, 1.50, 47.328419, 6.00, 0.03, 0.00, 9.00, 38.32842, 0.00 
 
50.00, 48.50, 1.50, 47.345070, 6.00, 0.03, 0.00, 9.00, 38.34507, 0.00 
 
50.00, 48.50, 1.50, 47.361721, 6.00, 0.03, 0.00, 9.00, 38.36172, 0.00 
 
50.00, 48.50, 1.50, 47.378372, 6.00, 0.03, 0.00, 9.00, 38.37837, 0.00 
 
50.00, 48.50, 1.50, 47.395023, 6.00, 0.03, 0.00, 9.00, 38.39502, 0.00 
 
50.00, 48.50, 1.50, 47.411671, 6.00, 0.03, 0.00, 9.00, 38.41167, 0.00 
 
50.00, 48.50, 1.50, 47.428322, 6.00, 0.03, 0.00, 9.00, 38.42832, 0.00 
 
50.00, 48.50, 1.50, 47.444973, 6.00, 0.03, 0.00, 9.00, 38.44497, 0.00 
 
50.00, 48.50, 1.50, 47.461624, 6.00, 0.03, 0.00, 9.00, 38.46162, 0.00 
 
50.00, 48.50, 1.50, 47.478275, 6.00, 0.03, 0.00, 9.00, 38.47828, 0.00 
 
50.00, 48.50, 1.50, 47.494923, 6.00, 0.03, 0.00, 9.00, 38.49492, 0.00 
 
50.00, 48.50, 1.50, 47.511574, 6.00, 0.03, 0.00, 9.00, 38.51157, 0.00 
 
50.00, 48.50, 1.50, 47.528225, 6.00, 0.03, 0.00, 9.00, 38.52822, 0.00 
 
50.00, 48.50, 1.50, 47.544876, 6.00, 0.03, 0.00, 9.00, 38.54488, 0.00 
 
50.00, 48.50, 1.50, 47.561527, 6.00, 0.03, 0.00, 9.00, 38.56153, 0.00 
 
50.00, 48.50, 1.50, 47.578175, 6.00, 0.03, 0.00, 9.00, 38.57817, 0.00 
 
50.00, 48.50, 1.50, 47.594826, 6.00, 0.03, 0.00, 9.00, 38.59483, 0.00 
 
50.00, 48.50, 1.50, 47.611477, 6.00, 0.03, 0.00, 9.00, 38.61148, 0.00 
 
50.00, 48.50, 1.50, 47.628128, 6.00, 0.03, 0.00, 9.00, 38.62813, 0.00 
 
50.00, 48.50, 1.50, 47.644779, 6.00, 0.03, 0.00, 9.00, 38.64478, 0.00 
 
50.00, 48.50, 1.50, 47.661427, 6.00, 0.03, 0.00, 9.00, 38.66143, 0.00 
 
50.00, 48.50, 1.50, 47.678078, 6.00, 0.03, 0.00, 9.00, 38.67808, 0.00 
 
50.00, 48.50, 1.50, 47.694729, 6.00, 0.03, 0.00, 9.00, 38.69473, 0.00 
 
50.00, 48.50, 1.50, 47.711380, 6.00, 0.03, 0.00, 9.00, 38.71138, 0.00 
 
50.00, 48.50, 1.50, 47.728031, 6.00, 0.03, 0.00, 9.00, 38.72803, 0.00 
 
50.00, 48.50, 1.50, 47.744678, 6.00, 0.03, 0.00, 9.00, 38.74468, 0.00 
 
50.00, 48.50, 1.50, 47.761330, 6.00, 0.03, 0.00, 9.00, 38.76133, 0.00 
 
50.00, 48.50, 1.50, 47.777981, 6.00, 0.03, 0.00, 9.00, 38.77798, 0.00 
 
50.00, 48.50, 1.50, 47.794632, 6.00, 0.03, 0.00, 9.00, 38.79463, 0.00 
 
50.00, 48.50, 1.50, 47.811283, 6.00, 0.03, 0.00, 9.00, 38.81128, 0.00 
 
50.00, 48.50, 1.50, 47.827930, 6.00, 0.03, 0.00, 9.00, 38.82793, 0.00 
 
50.00, 48.50, 1.50, 47.844582, 6.00, 0.03, 0.00, 9.00, 38.84458, 0.00 
 
50.00, 48.50, 1.50, 47.861233, 6.00, 0.03, 0.00, 9.00, 38.86123, 0.00 
 
50.00, 48.50, 1.50, 47.877884, 6.00, 0.03, 0.00, 9.00, 38.87788, 0.00 
 
50.00, 48.50, 1.50, 47.894535, 6.00, 0.03, 0.00, 9.00, 38.89454, 0.00 
 
50.00, 48.50, 1.50, 47.911182, 6.00, 0.03, 0.00, 9.00, 38.91118, 0.00 
 
50.00, 48.50, 1.50, 47.927834, 6.00, 0.03, 0.00, 9.00, 38.92783, 0.00 
 
50.00, 48.50, 1.50, 47.944485, 6.00, 0.03, 0.00, 9.00, 38.94448, 0.00 
 
50.00, 48.50, 1.50, 47.961136, 6.00, 0.03, 0.00, 9.00, 38.96114, 0.00 
 
50.00, 48.50, 1.50, 47.977787, 6.00, 0.03, 0.00, 9.00, 38.97779, 0.00 
 
50.00, 48.50, 1.50, 47.994434, 6.00, 0.03, 0.00, 9.00, 38.99443, 0.00 
 
50.00, 48.50, 1.50, 48.011086, 6.00, 0.03, 0.00, 9.00, 39.01109, 0.00 
 
50.00, 48.50, 1.50, 48.027737, 6.00, 0.03, 0.00, 9.00, 39.02774, 0.00 
 
50.00, 48.50, 1.50, 48.044388, 6.00, 0.03, 0.00, 9.00, 39.04439, 0.00 
 
50.00, 48.50, 1.50, 48.061039, 6.00, 0.03, 0.00, 9.00, 39.06104, 0.00 
 
50.00, 48.50, 1.50, 48.077686, 6.00, 0.03, 0.00, 9.00, 39.07769, 0.00 
 
50.00, 48.50, 1.50, 48.094337, 6.00, 0.03, 0.00, 9.00, 39.09434, 0.00 
 
50.00, 48.50, 1.50, 48.110989, 6.00, 0.03, 0.00, 9.00, 39.11099, 0.00 
 
50.00, 48.50, 1.50, 48.127640, 6.00, 0.03, 0.00, 9.00, 39.12764, 0.00 
 
50.00, 48.50, 1.50, 48.144291, 6.00, 0.03, 0.00, 9.00, 39.14429, 0.00 
 
50.00, 48.50, 1.50, 48.160938, 6.00, 0.03, 0.00, 9.00, 39.16094, 0.00 
 
50.00, 48.00, 2.00, 51.183140, 6.00, 0.03, 0.00, 12.00, 39.18314, 0.00 
 
50.00, 49.50, 0.50, 42.188690, 6.00, 0.03, 0.00, 3.00, 39.18869, -0.00 
 
50.00, 48.50, 1.50, 48.205341, 6.00, 0.03, 0.00, 9.00, 39.20534, 0.00 
 
50.00, 48.00, 2.00, 51.227543, 6.00, 0.03, 0.00, 12.00, 39.22754, 0.00 
 
50.00, 49.50, 0.50, 42.233089, 6.00, 0.03, 0.00, 3.00, 39.23309, -0.00 
 
50.00, 48.00, 2.00, 51.255291, 6.00, 0.03, 0.00, 12.00, 39.25529, 0.00 
 
50.00, 49.00, 1.00, 45.266392, 6.00, 0.03, 0.00, 6.00, 39.26639, -0.00 
 
50.00, 49.00, 1.00, 45.277493, 6.00, 0.03, 0.00, 6.00, 39.27749, 0.00 
 
50.00, 49.50, 0.50, 42.283043, 6.00, 0.03, 0.00, 3.00, 39.28304, -0.00 
 
50.00, 48.00, 2.00, 51.305244, 6.00, 0.03, 0.00, 12.00, 39.30524, 0.00 
 
50.00, 49.00, 1.00, 45.316341, 6.00, 0.03, 0.00, 6.00, 39.31634, -0.00 
 
50.00, 49.00, 1.00, 45.327442, 6.00, 0.03, 0.00, 6.00, 39.32744, 0.00 
 
50.00, 49.50, 0.50, 42.332993, 6.00, 0.03, 0.00, 3.00, 39.33299, -0.00 
 
50.00, 48.50, 1.50, 48.349644, 6.00, 0.03, 0.00, 9.00, 39.34964, 0.00 
 
50.00, 48.50, 1.50, 48.366295, 6.00, 0.03, 0.00, 9.00, 39.36629, 0.00 
 
50.00, 48.50, 1.50, 48.382946, 6.00, 0.03, 0.00, 9.00, 39.38295, 0.00 
 
50.00, 48.50, 1.50, 48.399593, 6.00, 0.03, 0.00, 9.00, 39.39959, 0.00 
 
50.00, 48.50, 1.50, 48.416245, 6.00, 0.03, 0.00, 9.00, 39.41624, 0.00 
 
50.00, 48.00, 2.00, 51.438446, 6.00, 0.03, 0.00, 12.00, 39.43845, 0.00 
 
50.00, 49.00, 1.00, 45.449547, 6.00, 0.03, 0.00, 6.00, 39.44955, -0.00 
 
50.00, 49.50, 0.50, 42.455097, 6.00, 0.03, 0.00, 3.00, 39.45510, -0.00 
 
50.00, 48.00, 2.00, 51.477299, 6.00, 0.03, 0.00, 12.00, 39.47730, 0.00 
 
50.00, 49.00, 1.00, 45.488396, 6.00, 0.03, 0.00, 6.00, 39.48840, -0.00 
 
50.00, 49.50, 0.50, 42.493946, 6.00, 0.03, 0.00, 3.00, 39.49395, -0.00 
 
50.00, 48.00, 2.00, 51.516148, 6.00, 0.03, 0.00, 12.00, 39.51615, 0.00 
 
50.00, 49.00, 1.00, 45.527248, 6.00, 0.03, 0.00, 6.00, 39.52725, -0.00 
 
50.00, 49.00, 1.00, 45.538349, 6.00, 0.03, 0.00, 6.00, 39.53835, 0.00 
 
50.00, 49.00, 1.00, 45.549450, 6.00, 0.03, 0.00, 6.00, 39.54945, 0.00 
 
50.00, 49.00, 1.00, 45.560551, 6.00, 0.03, 0.00, 6.00, 39.56055, 0.00 
 
50.00, 49.50, 0.50, 42.566097, 6.00, 0.03, 0.00, 3.00, 39.56610, -0.00 
 
50.00, 48.50, 1.50, 48.582748, 6.00, 0.03, 0.00, 9.00, 39.58275, 0.00 
 
50.00, 48.50, 1.50, 48.599400, 6.00, 0.03, 0.00, 9.00, 39.59940, 0.00 
 
50.00, 48.50, 1.50, 48.616051, 6.00, 0.03, 0.00, 9.00, 39.61605, 0.00 
 
50.00, 48.00, 2.00, 51.638252, 6.00, 0.03, 0.00, 12.00, 39.63825, 0.00 
 
50.00, 49.50, 0.50, 42.643803, 6.00, 0.03, 0.00, 3.00, 39.64380, -0.00 
 
50.00, 48.00, 2.00, 51.666000, 6.00, 0.03, 0.00, 12.00, 39.66600, 0.00 
 
50.00, 49.50, 0.50, 42.671551, 6.00, 0.03, 0.00, 3.00, 39.67155, -0.00 
 
50.00, 48.00, 2.00, 51.693752, 6.00, 0.03, 0.00, 12.00, 39.69375, 0.00 
 
50.00, 49.50, 0.50, 42.699303, 6.00, 0.03, 0.00, 3.00, 39.69930, -0.00 
 
50.00, 48.00, 2.00, 51.721504, 6.00, 0.03, 0.00, 12.00, 39.72150, 0.00 
 
50.00, 49.00, 1.00, 45.732601, 6.00, 0.03, 0.00, 6.00, 39.73260, -0.00 
 
50.00, 49.00, 1.00, 45.743702, 6.00, 0.03, 0.00, 6.00, 39.74370, 0.00 
 
50.00, 49.50, 0.50, 42.749252, 6.00, 0.03, 0.00, 3.00, 39.74925, -0.00 
 
50.00, 48.00, 2.00, 51.771454, 6.00, 0.03, 0.00, 12.00, 39.77145, 0.00 
 
50.00, 49.00, 1.00, 45.782555, 6.00, 0.03, 0.00, 6.00, 39.78255, -0.00 
 
50.00, 49.00, 1.00, 45.793655, 6.00, 0.03, 0.00, 6.00, 39.79366, 0.00 
 
50.00, 49.00, 1.00, 45.804756, 6.00, 0.03, 0.00, 6.00, 39.80476, 0.00 
 
50.00, 49.00, 1.00, 45.815853, 6.00, 0.03, 0.00, 6.00, 39.81585, 0.00 
 
50.00, 49.00, 1.00, 45.826954, 6.00, 0.03, 0.00, 6.00, 39.82695, 0.00 
 
50.00, 49.00, 1.00, 45.838055, 6.00, 0.03, 0.00, 6.00, 39.83805, 0.00 
 
50.00, 49.00, 1.00, 45.849155, 6.00, 0.03, 0.00, 6.00, 39.84916, 0.00 
 
50.00, 49.50, 0.50, 42.854706, 6.00, 0.03, 0.00, 3.00, 39.85471, -0.00 
 
50.00, 48.00, 2.00, 51.876907, 6.00, 0.03, 0.00, 12.00, 39.87691, 0.00 
 
50.00, 49.00, 1.00, 45.888008, 6.00, 0.03, 0.00, 6.00, 39.88801, -0.00 
 
50.00, 49.00, 1.00, 45.899105, 6.00, 0.03, 0.00, 6.00, 39.89911, 0.00 
 
50.00, 49.50, 0.50, 42.904655, 6.00, 0.03, 0.00, 3.00, 39.90466, -0.00 
 
50.00, 48.00, 2.00, 51.926857, 6.00, 0.03, 0.00, 12.00, 39.92686, 0.00 
 
50.00, 49.00, 1.00, 45.937958, 6.00, 0.03, 0.00, 6.00, 39.93796, -0.00 
 
50.00, 49.00, 1.00, 45.949059, 6.00, 0.03, 0.00, 6.00, 39.94906, 0.00 
 
50.00, 49.00, 1.00, 45.960159, 6.00, 0.03, 0.00, 6.00, 39.96016, 0.00 
 
50.00, 49.00, 1.00, 45.971260, 6.00, 0.03, 0.00, 6.00, 39.97126, 0.00 
 
50.00, 49.50, 0.50, 42.976810, 6.00, 0.03, 0.00, 3.00, 39.97681, -0.00 
 
50.00, 48.00, 2.00, 51.999008, 6.00, 0.03, 0.00, 12.00, 39.99901, 0.00 
 
50.00, 49.00, 1.00, 46.010109, 6.00, 0.03, 0.00, 6.00, 40.01011, -0.00 
 
50.00, 49.00, 1.00, 46.021210, 6.00, 0.03, 0.00, 6.00, 40.02121, 0.00 
 
50.00, 49.00, 1.00, 46.032310, 6.00, 0.03, 0.00, 6.00, 40.03231, 0.00 
 
50.00, 49.00, 1.00, 46.043411, 6.00, 0.03, 0.00, 6.00, 40.04341, 0.00 
 
50.00, 49.50, 0.50, 43.048962, 6.00, 0.03, 0.00, 3.00, 40.04896, -0.00 
 
50.00, 48.00, 2.00, 52.071159, 6.00, 0.03, 0.00, 12.00, 40.07116, 0.00 
 
50.00, 49.00, 1.00, 46.082260, 6.00, 0.03, 0.00, 6.00, 40.08226, -0.00 
 
50.00, 49.00, 1.00, 46.093361, 6.00, 0.03, 0.00, 6.00, 40.09336, 0.00 
 
50.00, 49.00, 1.00, 46.104462, 6.00, 0.03, 0.00, 6.00, 40.10446, 0.00 
 
50.00, 49.00, 1.00, 46.115562, 6.00, 0.03, 0.00, 6.00, 40.11556, 0.00 
 
50.00, 49.00, 1.00, 46.126663, 6.00, 0.03, 0.00, 6.00, 40.12666, 0.00 
 
50.00, 49.50, 0.50, 43.132214, 6.00, 0.03, 0.00, 3.00, 40.13221, -0.00 
 
50.00, 48.00, 2.00, 52.154411, 6.00, 0.03, 0.00, 12.00, 40.15441, 0.00 
 
50.00, 49.00, 1.00, 46.165512, 6.00, 0.03, 0.00, 6.00, 40.16551, -0.00 
 
50.00, 49.00, 1.00, 46.176613, 6.00, 0.03, 0.00, 6.00, 40.17661, 0.00 
 
50.00, 49.00, 1.00, 46.187714, 6.00, 0.03, 0.00, 6.00, 40.18771, 0.00 
 
50.00, 49.00, 1.00, 46.198814, 6.00, 0.03, 0.00, 6.00, 40.19881, 0.00 
 
50.00, 49.00, 1.00, 46.209915, 6.00, 0.03, 0.00, 6.00, 40.20992, 0.00 
 
50.00, 49.00, 1.00, 46.221016, 6.00, 0.03, 0.00, 6.00, 40.22102, 0.00 
 
50.00, 49.00, 1.00, 46.232113, 6.00, 0.03, 0.00, 6.00, 40.23211, 0.00 
 
50.00, 49.00, 1.00, 46.243214, 6.00, 0.03, 0.00, 6.00, 40.24321, 0.00 
 
50.00, 49.00, 1.00, 46.254314, 6.00, 0.03, 0.00, 6.00, 40.25431, 0.00 
 
50.00, 49.00, 1.00, 46.265415, 6.00, 0.03, 0.00, 6.00, 40.26542, 0.00 
 
50.00, 49.00, 1.00, 46.276516, 6.00, 0.03, 0.00, 6.00, 40.27652, 0.00 
 
50.00, 49.00, 1.00, 46.287617, 6.00, 0.03, 0.00, 6.00, 40.28762, 0.00 
 
50.00, 49.00, 1.00, 46.298717, 6.00, 0.03, 0.00, 6.00, 40.29872, 0.00 
 
50.00, 49.00, 1.00, 46.309818, 6.00, 0.03, 0.00, 6.00, 40.30982, 0.00 
 
50.00, 49.00, 1.00, 46.320915, 6.00, 0.03, 0.00, 6.00, 40.32092, 0.00 
 
