30.00, 30.00, 0.00, 11.888027, 2.00, 0.03, 0.00, 0.00, 11.88803, 0.00 
 
30.00, 30.00, 0.00, 11.888027, 2.00, 0.03, 0.00, 0.00, 11.88803, 0.00 
 
30.00, 30.50, -0.50, 10.882478, 2.00, 0.03, 0.00, -1.00, 11.88248, -0.00 
 
30.00, 30.00, 0.00, 11.882478, 2.00, 0.03, 0.00, 0.00, 11.88248, 0.00 
 
30.00, 30.50, -0.50, 10.876927, 2.00, 0.03, 0.00, -1.00, 11.87693, -0.00 
 
30.00, 30.00, 0.00, 11.876927, 2.00, 0.03, 0.00, 0.00, 11.87693, 0.00 
 
30.00, 30.50, -0.50, 10.871377, 2.00, 0.03, 0.00, -1.00, 11.87138, -0.00 
 
30.00, 30.50, -0.50, 10.865827, 2.00, 0.03, 0.00, -1.00, 11.86583, 0.00 
 
30.00, 30.00, 0.00, 11.865827, 2.00, 0.03, 0.00, 0.00, 11.86583, 0.00 
 
30.00, 30.00, 0.00, 11.865827, 2.00, 0.03, 0.00, 0.00, 11.86583, 0.00 
 
30.00, 30.00, 0.00, 11.865827, 2.00, 0.03, 0.00, 0.00, 11.86583, 0.00 
 
30.00, 30.50, -0.50, 10.860277, 2.00, 0.03, 0.00, -1.00, 11.86028, -0.00 
 
30.00, 30.00, 0.00, 11.860277, 2.00, 0.03, 0.00, 0.00, 11.86028, 0.00 
 
30.00, 30.50, -0.50, 10.854727, 2.00, 0.03, 0.00, -1.00, 11.85473, -0.00 
 
30.00, 30.50, -0.50, 10.849176, 2.00, 0.03, 0.00, -1.00, 11.84918, 0.00 
 
30.00, 30.00, 0.00, 11.849176, 2.00, 0.03, 0.00, 0.00, 11.84918, 0.00 
 
30.00, 30.50, -0.50, 10.843627, 2.00, 0.03, 0.00, -1.00, 11.84363, -0.00 
 
30.00, 30.00, 0.00, 11.843627, 2.00, 0.03, 0.00, 0.00, 11.84363, 0.00 
 
30.00, 30.00, 0.00, 11.843627, 2.00, 0.03, 0.00, 0.00, 11.84363, 0.00 
 
30.00, 30.50, -0.50, 10.838077, 2.00, 0.03, 0.00, -1.00, 11.83808, -0.00 
 
30.00, 30.50, -0.50, 10.832526, 2.00, 0.03, 0.00, -1.00, 11.83253, 0.00 
 
30.00, 30.00, 0.00, 11.832526, 2.00, 0.03, 0.00, 0.00, 11.83253, 0.00 
 
30.00, 30.50, -0.50, 10.826976, 2.00, 0.03, 0.00, -1.00, 11.82698, -0.00 
 
30.00, 30.50, -0.50, 10.821426, 2.00, 0.03, 0.00, -1.00, 11.82143, 0.00 
 
30.00, 30.00, 0.00, 11.821426, 2.00, 0.03, 0.00, 0.00, 11.82143, 0.00 
 
30.00, 30.50, -0.50, 10.815876, 2.00, 0.03, 0.00, -1.00, 11.81588, -0.00 
 
30.00, 30.50, -0.50, 10.810326, 2.00, 0.03, 0.00, -1.00, 11.81033, 0.00 
 
30.00, 30.50, -0.50, 10.804775, 2.00, 0.03, 0.00, -1.00, 11.80478, 0.00 
 
30.00, 30.00, 0.00, 11.804775, 2.00, 0.03, 0.00, 0.00, 11.80478, 0.00 
 
30.00, 30.00, 0.00, 11.804775, 2.00, 0.03, 0.00, 0.00, 11.80478, 0.00 
 
30.00, 30.00, 0.00, 11.804775, 2.00, 0.03, 0.00, 0.00, 11.80478, 0.00 
 
30.00, 30.50, -0.50, 10.799226, 2.00, 0.03, 0.00, -1.00, 11.79923, -0.00 
 
30.00, 30.00, 0.00, 11.799226, 2.00, 0.03, 0.00, 0.00, 11.79923, 0.00 
 
30.00, 30.50, -0.50, 10.793675, 2.00, 0.03, 0.00, -1.00, 11.79368, -0.00 
 
30.00, 30.00, 0.00, 11.793675, 2.00, 0.03, 0.00, 0.00, 11.79368, 0.00 
 
50.00, 30.50, 19.50, 51.010124, 2.00, 0.03, 0.00, 39.00, 12.01013, 0.00 
 
50.00, 30.50, 19.50, 51.226574, 2.00, 0.03, 0.00, 39.00, 12.22657, 0.00 
 
50.00, 30.50, 19.50, 51.443024, 2.00, 0.03, 0.00, 39.00, 12.44303, 0.00 
 
50.00, 30.50, 19.50, 51.659477, 2.00, 0.03, 0.00, 39.00, 12.65948, 0.00 
 
50.00, 30.50, 19.50, 51.875923, 2.00, 0.03, 0.00, 39.00, 12.87593, 0.00 
 
50.00, 30.50, 19.50, 52.092377, 2.00, 0.03, 0.00, 39.00, 13.09238, 0.00 
 
50.00, 30.00, 20.00, 53.314377, 2.00, 0.03, 0.00, 40.00, 13.31438, 0.00 
 
50.00, 31.00, 19.00, 51.525276, 2.00, 0.03, 0.00, 38.00, 13.52528, -0.00 
 
50.00, 31.00, 19.00, 51.736176, 2.00, 0.03, 0.00, 38.00, 13.73618, 0.00 
 
50.00, 31.00, 19.00, 51.947075, 2.00, 0.03, 0.00, 38.00, 13.94707, 0.00 
 
50.00, 31.00, 19.00, 52.157974, 2.00, 0.03, 0.00, 38.00, 14.15798, 0.00 
 
50.00, 31.50, 18.50, 51.363327, 2.00, 0.03, 0.00, 37.00, 14.36333, -0.00 
 
50.00, 31.50, 18.50, 51.568672, 2.00, 0.03, 0.00, 37.00, 14.56867, 0.00 
 
50.00, 31.50, 18.50, 51.774025, 2.00, 0.03, 0.00, 37.00, 14.77402, 0.00 
 
50.00, 31.50, 18.50, 51.979374, 2.00, 0.03, 0.00, 37.00, 14.97937, 0.00 
 
50.00, 31.00, 19.00, 53.190273, 2.00, 0.03, 0.00, 38.00, 15.19027, 0.00 
 
50.00, 32.00, 18.00, 51.390076, 2.00, 0.03, 0.00, 36.00, 15.39007, -0.00 
 
50.00, 32.50, 17.50, 50.584324, 2.00, 0.03, 0.00, 35.00, 15.58432, -0.00 
 
50.00, 32.50, 17.50, 50.778572, 2.00, 0.03, 0.00, 35.00, 15.77857, 0.00 
 
50.00, 32.50, 17.50, 50.972824, 2.00, 0.03, 0.00, 35.00, 15.97283, 0.00 
 
50.00, 32.50, 17.50, 51.167076, 2.00, 0.03, 0.00, 35.00, 16.16708, 0.00 
 
50.00, 32.50, 17.50, 51.361328, 2.00, 0.03, 0.00, 35.00, 16.36133, 0.00 
 
50.00, 32.00, 18.00, 52.561127, 2.00, 0.03, 0.00, 36.00, 16.56112, 0.00 
 
50.00, 33.00, 17.00, 50.749825, 2.00, 0.03, 0.00, 34.00, 16.74983, -0.00 
 
50.00, 33.00, 17.00, 50.938526, 2.00, 0.03, 0.00, 34.00, 16.93853, 0.00 
 
50.00, 33.00, 17.00, 51.127228, 2.00, 0.03, 0.00, 34.00, 17.12723, 0.00 
 
50.00, 33.50, 16.50, 50.310379, 2.00, 0.03, 0.00, 33.00, 17.31038, -0.00 
 
50.00, 33.50, 16.50, 50.493526, 2.00, 0.03, 0.00, 33.00, 17.49353, 0.00 
 
50.00, 33.50, 16.50, 50.676678, 2.00, 0.03, 0.00, 33.00, 17.67668, 0.00 
 
50.00, 33.50, 16.50, 50.859825, 2.00, 0.03, 0.00, 33.00, 17.85983, 0.00 
 
50.00, 33.50, 16.50, 51.042976, 2.00, 0.03, 0.00, 33.00, 18.04298, 0.00 
 
50.00, 33.00, 17.00, 52.231678, 2.00, 0.03, 0.00, 34.00, 18.23168, 0.00 
 
50.00, 34.00, 16.00, 50.409279, 2.00, 0.03, 0.00, 32.00, 18.40928, -0.00 
 
50.00, 34.00, 16.00, 50.586876, 2.00, 0.03, 0.00, 32.00, 18.58688, 0.00 
 
50.00, 34.00, 16.00, 50.764481, 2.00, 0.03, 0.00, 32.00, 18.76448, 0.00 
 
50.00, 34.00, 16.00, 50.942078, 2.00, 0.03, 0.00, 32.00, 18.94208, 0.00 
 
50.00, 34.50, 15.50, 50.114128, 2.00, 0.03, 0.00, 31.00, 19.11413, -0.00 
 
50.00, 34.50, 15.50, 50.286179, 2.00, 0.03, 0.00, 31.00, 19.28618, 0.00 
 
50.00, 34.50, 15.50, 50.458229, 2.00, 0.03, 0.00, 31.00, 19.45823, 0.00 
 
50.00, 34.50, 15.50, 50.630280, 2.00, 0.03, 0.00, 31.00, 19.63028, 0.00 
 
50.00, 34.00, 16.00, 51.807877, 2.00, 0.03, 0.00, 32.00, 19.80788, 0.00 
 
50.00, 35.00, 15.00, 49.974380, 2.00, 0.03, 0.00, 30.00, 19.97438, -0.00 
 
50.00, 35.00, 15.00, 50.140877, 2.00, 0.03, 0.00, 30.00, 20.14088, 0.00 
 
50.00, 35.00, 15.00, 50.307381, 2.00, 0.03, 0.00, 30.00, 20.30738, 0.00 
 
50.00, 35.00, 15.00, 50.473877, 2.00, 0.03, 0.00, 30.00, 20.47388, 0.00 
 
50.00, 35.00, 15.00, 50.640377, 2.00, 0.03, 0.00, 30.00, 20.64038, 0.00 
 
50.00, 35.50, 14.50, 49.801327, 2.00, 0.03, 0.00, 29.00, 20.80133, -0.00 
 
50.00, 35.50, 14.50, 49.962276, 2.00, 0.03, 0.00, 29.00, 20.96228, 0.00 
 
50.00, 35.50, 14.50, 50.123226, 2.00, 0.03, 0.00, 29.00, 21.12323, 0.00 
 
50.00, 35.50, 14.50, 50.284176, 2.00, 0.03, 0.00, 29.00, 21.28418, 0.00 
 
50.00, 35.50, 14.50, 50.445126, 2.00, 0.03, 0.00, 29.00, 21.44513, 0.00 
 
50.00, 35.00, 15.00, 51.611626, 2.00, 0.03, 0.00, 30.00, 21.61163, 0.00 
 
50.00, 36.00, 14.00, 49.767025, 2.00, 0.03, 0.00, 28.00, 21.76702, -0.00 
 
50.00, 36.00, 14.00, 49.922424, 2.00, 0.03, 0.00, 28.00, 21.92243, 0.00 
 
50.00, 36.00, 14.00, 50.077827, 2.00, 0.03, 0.00, 28.00, 22.07783, 0.00 
 
50.00, 36.00, 14.00, 50.233223, 2.00, 0.03, 0.00, 28.00, 22.23322, 0.00 
 
50.00, 36.00, 14.00, 50.388626, 2.00, 0.03, 0.00, 28.00, 22.38862, 0.00 
 
50.00, 36.00, 14.00, 50.544022, 2.00, 0.03, 0.00, 28.00, 22.54402, 0.00 
 
50.00, 36.00, 14.00, 50.699425, 2.00, 0.03, 0.00, 28.00, 22.69942, 0.00 
 
50.00, 36.00, 14.00, 50.854820, 2.00, 0.03, 0.00, 28.00, 22.85482, 0.00 
 
50.00, 36.50, 13.50, 50.004673, 2.00, 0.03, 0.00, 27.00, 23.00467, -0.00 
 
50.00, 36.50, 13.50, 50.154522, 2.00, 0.03, 0.00, 27.00, 23.15452, 0.00 
 
50.00, 36.50, 13.50, 50.304371, 2.00, 0.03, 0.00, 27.00, 23.30437, 0.00 
 
50.00, 36.50, 13.50, 50.454224, 2.00, 0.03, 0.00, 27.00, 23.45422, 0.00 
 
50.00, 36.50, 13.50, 50.604073, 2.00, 0.03, 0.00, 27.00, 23.60407, 0.00 
 
50.00, 36.50, 13.50, 50.753922, 2.00, 0.03, 0.00, 27.00, 23.75392, 0.00 
 
50.00, 36.00, 14.00, 51.909317, 2.00, 0.03, 0.00, 28.00, 23.90932, 0.00 
 
50.00, 37.00, 13.00, 50.053619, 2.00, 0.03, 0.00, 26.00, 24.05362, -0.00 
 
50.00, 37.00, 13.00, 50.197918, 2.00, 0.03, 0.00, 26.00, 24.19792, 0.00 
 
50.00, 37.00, 13.00, 50.342216, 2.00, 0.03, 0.00, 26.00, 24.34222, 0.00 
 
50.00, 37.00, 13.00, 50.486519, 2.00, 0.03, 0.00, 26.00, 24.48652, 0.00 
 
50.00, 37.00, 13.00, 50.630814, 2.00, 0.03, 0.00, 26.00, 24.63082, 0.00 
 
50.00, 37.50, 12.50, 49.769566, 2.00, 0.03, 0.00, 25.00, 24.76957, -0.00 
 
50.00, 37.50, 12.50, 49.908314, 2.00, 0.03, 0.00, 25.00, 24.90831, 0.00 
 
50.00, 37.50, 12.50, 50.047066, 2.00, 0.03, 0.00, 25.00, 25.04706, 0.00 
 
50.00, 37.50, 12.50, 50.185814, 2.00, 0.03, 0.00, 25.00, 25.18581, 0.00 
 
50.00, 37.50, 12.50, 50.324562, 2.00, 0.03, 0.00, 25.00, 25.32456, 0.00 
 
50.00, 37.50, 12.50, 50.463310, 2.00, 0.03, 0.00, 25.00, 25.46331, 0.00 
 
50.00, 37.00, 13.00, 51.607613, 2.00, 0.03, 0.00, 26.00, 25.60761, 0.00 
 
50.00, 38.00, 12.00, 49.740810, 2.00, 0.03, 0.00, 24.00, 25.74081, -0.00 
 
50.00, 38.00, 12.00, 49.874008, 2.00, 0.03, 0.00, 24.00, 25.87401, 0.00 
 
50.00, 38.00, 12.00, 50.007210, 2.00, 0.03, 0.00, 24.00, 26.00721, 0.00 
 
50.00, 38.00, 12.00, 50.140408, 2.00, 0.03, 0.00, 24.00, 26.14041, 0.00 
 
50.00, 38.00, 12.00, 50.273605, 2.00, 0.03, 0.00, 24.00, 26.27361, 0.00 
 
50.00, 38.00, 12.00, 50.406807, 2.00, 0.03, 0.00, 24.00, 26.40681, 0.00 
 
50.00, 38.00, 12.00, 50.540005, 2.00, 0.03, 0.00, 24.00, 26.54000, 0.00 
 
50.00, 38.50, 11.50, 49.667656, 2.00, 0.03, 0.00, 23.00, 26.66765, -0.00 
 
50.00, 38.50, 11.50, 49.795303, 2.00, 0.03, 0.00, 23.00, 26.79531, 0.00 
 
50.00, 38.50, 11.50, 49.922958, 2.00, 0.03, 0.00, 23.00, 26.92296, 0.00 
 
50.00, 38.50, 11.50, 50.050606, 2.00, 0.03, 0.00, 23.00, 27.05061, 0.00 
 
50.00, 38.50, 11.50, 50.178261, 2.00, 0.03, 0.00, 23.00, 27.17826, 0.00 
 
50.00, 38.50, 11.50, 50.305908, 2.00, 0.03, 0.00, 23.00, 27.30591, 0.00 
 
50.00, 38.50, 11.50, 50.433563, 2.00, 0.03, 0.00, 23.00, 27.43356, 0.00 
 
50.00, 38.50, 11.50, 50.561211, 2.00, 0.03, 0.00, 23.00, 27.56121, 0.00 
 
50.00, 38.50, 11.50, 50.688862, 2.00, 0.03, 0.00, 23.00, 27.68886, 0.00 
 
50.00, 38.50, 11.50, 50.816513, 2.00, 0.03, 0.00, 23.00, 27.81651, 0.00 
 
50.00, 38.00, 12.00, 51.949715, 2.00, 0.03, 0.00, 24.00, 27.94971, 0.00 
 
50.00, 39.00, 11.00, 50.071815, 2.00, 0.03, 0.00, 22.00, 28.07181, -0.00 
 
50.00, 39.00, 11.00, 50.193916, 2.00, 0.03, 0.00, 22.00, 28.19391, 0.00 
 
50.00, 39.00, 11.00, 50.316017, 2.00, 0.03, 0.00, 22.00, 28.31602, 0.00 
 
50.00, 39.00, 11.00, 50.438118, 2.00, 0.03, 0.00, 22.00, 28.43812, 0.00 
 
50.00, 39.00, 11.00, 50.560219, 2.00, 0.03, 0.00, 22.00, 28.56022, 0.00 
 
50.00, 39.00, 11.00, 50.682320, 2.00, 0.03, 0.00, 22.00, 28.68232, 0.00 
 
50.00, 39.00, 11.00, 50.804420, 2.00, 0.03, 0.00, 22.00, 28.80442, 0.00 
 
50.00, 39.50, 10.50, 49.920967, 2.00, 0.03, 0.00, 21.00, 28.92097, -0.00 
 
50.00, 39.50, 10.50, 50.037521, 2.00, 0.03, 0.00, 21.00, 29.03752, 0.00 
 
50.00, 39.50, 10.50, 50.154068, 2.00, 0.03, 0.00, 21.00, 29.15407, 0.00 
 
50.00, 39.50, 10.50, 50.270622, 2.00, 0.03, 0.00, 21.00, 29.27062, 0.00 
 
50.00, 39.50, 10.50, 50.387173, 2.00, 0.03, 0.00, 21.00, 29.38717, 0.00 
 
50.00, 39.50, 10.50, 50.503723, 2.00, 0.03, 0.00, 21.00, 29.50372, 0.00 
 
50.00, 39.50, 10.50, 50.620274, 2.00, 0.03, 0.00, 21.00, 29.62027, 0.00 
 
50.00, 39.50, 10.50, 50.736824, 2.00, 0.03, 0.00, 21.00, 29.73682, 0.00 
 
50.00, 39.50, 10.50, 50.853374, 2.00, 0.03, 0.00, 21.00, 29.85337, 0.00 
 
50.00, 39.50, 10.50, 50.969925, 2.00, 0.03, 0.00, 21.00, 29.96992, 0.00 
 
50.00, 39.00, 11.00, 52.092026, 2.00, 0.03, 0.00, 22.00, 30.09203, 0.00 
 
50.00, 40.00, 10.00, 50.203026, 2.00, 0.03, 0.00, 20.00, 30.20303, -0.00 
 
50.00, 40.00, 10.00, 50.314026, 2.00, 0.03, 0.00, 20.00, 30.31403, 0.00 
 
50.00, 40.00, 10.00, 50.425026, 2.00, 0.03, 0.00, 20.00, 30.42503, 0.00 
 
50.00, 40.00, 10.00, 50.536026, 2.00, 0.03, 0.00, 20.00, 30.53603, 0.00 
 
50.00, 40.00, 10.00, 50.647030, 2.00, 0.03, 0.00, 20.00, 30.64703, 0.00 
 
50.00, 40.00, 10.00, 50.758030, 2.00, 0.03, 0.00, 20.00, 30.75803, 0.00 
 
50.00, 40.00, 10.00, 50.869030, 2.00, 0.03, 0.00, 20.00, 30.86903, 0.00 
 
50.00, 40.00, 10.00, 50.980030, 2.00, 0.03, 0.00, 20.00, 30.98003, 0.00 
 
50.00, 40.50, 9.50, 50.085480, 2.00, 0.03, 0.00, 19.00, 31.08548, -0.00 
 
50.00, 40.50, 9.50, 50.190933, 2.00, 0.03, 0.00, 19.00, 31.19093, 0.00 
 
50.00, 40.50, 9.50, 50.296383, 2.00, 0.03, 0.00, 19.00, 31.29638, 0.00 
 
50.00, 40.50, 9.50, 50.401833, 2.00, 0.03, 0.00, 19.00, 31.40183, 0.00 
 
50.00, 40.50, 9.50, 50.507282, 2.00, 0.03, 0.00, 19.00, 31.50728, 0.00 
 
50.00, 40.50, 9.50, 50.612732, 2.00, 0.03, 0.00, 19.00, 31.61273, 0.00 
 
50.00, 40.50, 9.50, 50.718185, 2.00, 0.03, 0.00, 19.00, 31.71818, 0.00 
 
50.00, 40.50, 9.50, 50.823635, 2.00, 0.03, 0.00, 19.00, 31.82364, 0.00 
 
50.00, 40.50, 9.50, 50.929085, 2.00, 0.03, 0.00, 19.00, 31.92908, 0.00 
 
50.00, 40.50, 9.50, 51.034534, 2.00, 0.03, 0.00, 19.00, 32.03453, 0.00 
 
50.00, 40.50, 9.50, 51.139984, 2.00, 0.03, 0.00, 19.00, 32.13998, 0.00 
 
50.00, 40.00, 10.00, 52.250988, 2.00, 0.03, 0.00, 20.00, 32.25099, 0.00 
 
50.00, 41.00, 9.00, 50.350887, 2.00, 0.03, 0.00, 18.00, 32.35089, -0.00 
 
50.00, 41.00, 9.00, 50.450787, 2.00, 0.03, 0.00, 18.00, 32.45079, 0.00 
 
50.00, 41.00, 9.00, 50.550686, 2.00, 0.03, 0.00, 18.00, 32.55069, 0.00 
 
50.00, 41.00, 9.00, 50.650589, 2.00, 0.03, 0.00, 18.00, 32.65059, 0.00 
 
50.00, 41.00, 9.00, 50.750488, 2.00, 0.03, 0.00, 18.00, 32.75049, 0.00 
 
50.00, 41.00, 9.00, 50.850388, 2.00, 0.03, 0.00, 18.00, 32.85039, 0.00 
 
50.00, 41.00, 9.00, 50.950287, 2.00, 0.03, 0.00, 18.00, 32.95029, 0.00 
 
50.00, 41.00, 9.00, 51.050190, 2.00, 0.03, 0.00, 18.00, 33.05019, 0.00 
 
50.00, 41.00, 9.00, 51.150089, 2.00, 0.03, 0.00, 18.00, 33.15009, 0.00 
 
50.00, 41.50, 8.50, 50.244438, 2.00, 0.03, 0.00, 17.00, 33.24444, -0.00 
 
50.00, 41.00, 9.00, 51.344341, 2.00, 0.03, 0.00, 18.00, 33.34434, 0.00 
 
50.00, 41.00, 9.00, 51.444241, 2.00, 0.03, 0.00, 18.00, 33.44424, 0.00 
 
50.00, 41.00, 9.00, 51.544140, 2.00, 0.03, 0.00, 18.00, 33.54414, 0.00 
 
50.00, 41.50, 8.50, 50.638489, 2.00, 0.03, 0.00, 17.00, 33.63849, -0.00 
 
50.00, 41.50, 8.50, 50.732841, 2.00, 0.03, 0.00, 17.00, 33.73284, 0.00 
 
50.00, 41.50, 8.50, 50.827190, 2.00, 0.03, 0.00, 17.00, 33.82719, 0.00 
 
50.00, 41.50, 8.50, 50.921539, 2.00, 0.03, 0.00, 17.00, 33.92154, 0.00 
 
50.00, 41.50, 8.50, 51.015892, 2.00, 0.03, 0.00, 17.00, 34.01589, 0.00 
 
50.00, 41.50, 8.50, 51.110241, 2.00, 0.03, 0.00, 17.00, 34.11024, 0.00 
 
50.00, 41.50, 8.50, 51.204590, 2.00, 0.03, 0.00, 17.00, 34.20459, 0.00 
 
50.00, 41.50, 8.50, 51.298939, 2.00, 0.03, 0.00, 17.00, 34.29894, 0.00 
 
50.00, 41.50, 8.50, 51.393288, 2.00, 0.03, 0.00, 17.00, 34.39329, 0.00 
 
50.00, 41.50, 8.50, 51.487637, 2.00, 0.03, 0.00, 17.00, 34.48764, 0.00 
 
50.00, 41.00, 9.00, 52.587536, 2.00, 0.03, 0.00, 18.00, 34.58754, 0.00 
 
50.00, 42.00, 8.00, 50.676331, 2.00, 0.03, 0.00, 16.00, 34.67633, -0.00 
 
50.00, 42.50, 7.50, 49.759583, 2.00, 0.03, 0.00, 15.00, 34.75958, -0.00 
 
50.00, 41.00, 9.00, 52.859482, 2.00, 0.03, 0.00, 18.00, 34.85948, 0.00 
 
50.00, 42.00, 8.00, 50.948280, 2.00, 0.03, 0.00, 16.00, 34.94828, -0.00 
 
50.00, 42.00, 8.00, 51.037079, 2.00, 0.03, 0.00, 16.00, 35.03708, 0.00 
 
50.00, 42.00, 8.00, 51.125877, 2.00, 0.03, 0.00, 16.00, 35.12588, 0.00 
 
50.00, 42.00, 8.00, 51.214676, 2.00, 0.03, 0.00, 16.00, 35.21468, 0.00 
 
50.00, 42.00, 8.00, 51.303474, 2.00, 0.03, 0.00, 16.00, 35.30347, 0.00 
 
50.00, 42.00, 8.00, 51.392269, 2.00, 0.03, 0.00, 16.00, 35.39227, 0.00 
 
50.00, 42.00, 8.00, 51.481068, 2.00, 0.03, 0.00, 16.00, 35.48107, 0.00 
 
50.00, 42.00, 8.00, 51.569866, 2.00, 0.03, 0.00, 16.00, 35.56987, 0.00 
 
50.00, 42.00, 8.00, 51.658665, 2.00, 0.03, 0.00, 16.00, 35.65866, 0.00 
 
50.00, 42.00, 8.00, 51.747463, 2.00, 0.03, 0.00, 16.00, 35.74746, 0.00 
 
50.00, 42.00, 8.00, 51.836262, 2.00, 0.03, 0.00, 16.00, 35.83626, 0.00 
 
50.00, 42.50, 7.50, 50.919514, 2.00, 0.03, 0.00, 15.00, 35.91951, -0.00 
 
50.00, 42.50, 7.50, 51.002766, 2.00, 0.03, 0.00, 15.00, 36.00277, 0.00 
 
50.00, 42.00, 8.00, 52.091564, 2.00, 0.03, 0.00, 16.00, 36.09156, 0.00 
 
50.00, 42.00, 8.00, 52.180359, 2.00, 0.03, 0.00, 16.00, 36.18036, 0.00 
 
50.00, 42.50, 7.50, 51.263611, 2.00, 0.03, 0.00, 15.00, 36.26361, -0.00 
 
50.00, 42.50, 7.50, 51.346863, 2.00, 0.03, 0.00, 15.00, 36.34686, 0.00 
 
50.00, 42.50, 7.50, 51.430115, 2.00, 0.03, 0.00, 15.00, 36.43011, 0.00 
 
50.00, 42.50, 7.50, 51.513367, 2.00, 0.03, 0.00, 15.00, 36.51337, 0.00 
 
50.00, 42.50, 7.50, 51.596622, 2.00, 0.03, 0.00, 15.00, 36.59662, 0.00 
 
50.00, 42.50, 7.50, 51.679874, 2.00, 0.03, 0.00, 15.00, 36.67987, 0.00 
 
50.00, 42.50, 7.50, 51.763126, 2.00, 0.03, 0.00, 15.00, 36.76313, 0.00 
 
50.00, 42.50, 7.50, 51.846378, 2.00, 0.03, 0.00, 15.00, 36.84638, 0.00 
 
50.00, 42.00, 8.00, 52.935173, 2.00, 0.03, 0.00, 16.00, 36.93517, 0.00 
 
50.00, 43.00, 7.00, 51.012875, 2.00, 0.03, 0.00, 14.00, 37.01287, -0.00 
 
50.00, 43.00, 7.00, 51.090580, 2.00, 0.03, 0.00, 14.00, 37.09058, 0.00 
 
50.00, 43.00, 7.00, 51.168282, 2.00, 0.03, 0.00, 14.00, 37.16828, 0.00 
 
50.00, 43.50, 6.50, 50.240433, 2.00, 0.03, 0.00, 13.00, 37.24043, -0.00 
 
50.00, 42.00, 8.00, 53.329231, 2.00, 0.03, 0.00, 16.00, 37.32923, 0.00 
 
50.00, 43.00, 7.00, 51.406933, 2.00, 0.03, 0.00, 14.00, 37.40693, -0.00 
 
50.00, 43.00, 7.00, 51.484634, 2.00, 0.03, 0.00, 14.00, 37.48463, 0.00 
 
50.00, 43.00, 7.00, 51.562336, 2.00, 0.03, 0.00, 14.00, 37.56234, 0.00 
 
50.00, 43.00, 7.00, 51.640038, 2.00, 0.03, 0.00, 14.00, 37.64004, 0.00 
 
50.00, 43.00, 7.00, 51.717739, 2.00, 0.03, 0.00, 14.00, 37.71774, 0.00 
 
50.00, 43.00, 7.00, 51.795441, 2.00, 0.03, 0.00, 14.00, 37.79544, 0.00 
 
50.00, 43.00, 7.00, 51.873142, 2.00, 0.03, 0.00, 14.00, 37.87314, 0.00 
 
50.00, 43.00, 7.00, 51.950844, 2.00, 0.03, 0.00, 14.00, 37.95084, 0.00 
 
50.00, 43.00, 7.00, 52.028545, 2.00, 0.03, 0.00, 14.00, 38.02855, 0.00 
 
50.00, 43.00, 7.00, 52.106247, 2.00, 0.03, 0.00, 14.00, 38.10625, 0.00 
 
50.00, 43.50, 6.50, 51.178398, 2.00, 0.03, 0.00, 13.00, 38.17840, -0.00 
 
50.00, 43.00, 7.00, 52.256100, 2.00, 0.03, 0.00, 14.00, 38.25610, 0.00 
 
50.00, 43.00, 7.00, 52.333805, 2.00, 0.03, 0.00, 14.00, 38.33381, 0.00 
 
50.00, 43.00, 7.00, 52.411507, 2.00, 0.03, 0.00, 14.00, 38.41151, 0.00 
 
50.00, 43.00, 7.00, 52.489208, 2.00, 0.03, 0.00, 14.00, 38.48921, 0.00 
 
50.00, 43.50, 6.50, 51.561359, 2.00, 0.03, 0.00, 13.00, 38.56136, -0.00 
 
50.00, 43.50, 6.50, 51.633511, 2.00, 0.03, 0.00, 13.00, 38.63351, 0.00 
 
50.00, 43.50, 6.50, 51.705662, 2.00, 0.03, 0.00, 13.00, 38.70566, 0.00 
 
50.00, 43.50, 6.50, 51.777813, 2.00, 0.03, 0.00, 13.00, 38.77781, 0.00 
 
50.00, 43.50, 6.50, 51.849964, 2.00, 0.03, 0.00, 13.00, 38.84996, 0.00 
 
50.00, 43.50, 6.50, 51.922115, 2.00, 0.03, 0.00, 13.00, 38.92212, 0.00 
 
50.00, 43.50, 6.50, 51.994270, 2.00, 0.03, 0.00, 13.00, 38.99427, 0.00 
 
50.00, 43.50, 6.50, 52.066422, 2.00, 0.03, 0.00, 13.00, 39.06642, 0.00 
 
50.00, 43.50, 6.50, 52.138573, 2.00, 0.03, 0.00, 13.00, 39.13857, 0.00 
 
50.00, 43.50, 6.50, 52.210724, 2.00, 0.03, 0.00, 13.00, 39.21072, 0.00 
 
50.00, 43.50, 6.50, 52.282875, 2.00, 0.03, 0.00, 13.00, 39.28288, 0.00 
 
50.00, 43.00, 7.00, 53.360577, 2.00, 0.03, 0.00, 14.00, 39.36058, 0.00 
 
50.00, 44.00, 6.00, 51.427177, 2.00, 0.03, 0.00, 12.00, 39.42718, -0.00 
 
50.00, 44.50, 5.50, 50.488232, 2.00, 0.03, 0.00, 11.00, 39.48823, -0.00 
 
50.00, 43.50, 6.50, 52.560383, 2.00, 0.03, 0.00, 13.00, 39.56038, 0.00 
 
50.00, 43.50, 6.50, 52.632534, 2.00, 0.03, 0.00, 13.00, 39.63253, 0.00 
 
50.00, 43.00, 7.00, 53.710236, 2.00, 0.03, 0.00, 14.00, 39.71024, 0.00 
 
50.00, 44.00, 6.00, 51.776836, 2.00, 0.03, 0.00, 12.00, 39.77684, -0.00 
 
50.00, 44.00, 6.00, 51.843437, 2.00, 0.03, 0.00, 12.00, 39.84344, 0.00 
 
50.00, 44.00, 6.00, 51.910042, 2.00, 0.03, 0.00, 12.00, 39.91004, 0.00 
 
50.00, 44.00, 6.00, 51.976643, 2.00, 0.03, 0.00, 12.00, 39.97664, 0.00 
 
50.00, 44.00, 6.00, 52.043243, 2.00, 0.03, 0.00, 12.00, 40.04324, 0.00 
 
50.00, 44.00, 6.00, 52.109844, 2.00, 0.03, 0.00, 12.00, 40.10984, 0.00 
 
50.00, 44.00, 6.00, 52.176445, 2.00, 0.03, 0.00, 12.00, 40.17645, 0.00 
 
50.00, 44.00, 6.00, 52.243050, 2.00, 0.03, 0.00, 12.00, 40.24305, 0.00 
 
50.00, 44.00, 6.00, 52.309650, 2.00, 0.03, 0.00, 12.00, 40.30965, 0.00 
 
50.00, 44.00, 6.00, 52.376251, 2.00, 0.03, 0.00, 12.00, 40.37625, 0.00 
 
50.00, 44.00, 6.00, 52.442852, 2.00, 0.03, 0.00, 12.00, 40.44285, 0.00 
 
50.00, 44.00, 6.00, 52.509453, 2.00, 0.03, 0.00, 12.00, 40.50945, 0.00 
 
50.00, 44.00, 6.00, 52.576057, 2.00, 0.03, 0.00, 12.00, 40.57606, 0.00 
 
50.00, 44.00, 6.00, 52.642658, 2.00, 0.03, 0.00, 12.00, 40.64266, 0.00 
 
50.00, 44.00, 6.00, 52.709259, 2.00, 0.03, 0.00, 12.00, 40.70926, 0.00 
 
50.00, 44.00, 6.00, 52.775860, 2.00, 0.03, 0.00, 12.00, 40.77586, 0.00 
 
50.00, 44.00, 6.00, 52.842461, 2.00, 0.03, 0.00, 12.00, 40.84246, 0.00 
 
50.00, 44.00, 6.00, 52.909065, 2.00, 0.03, 0.00, 12.00, 40.90907, 0.00 
 
50.00, 44.00, 6.00, 52.975666, 2.00, 0.03, 0.00, 12.00, 40.97567, 0.00 
 
50.00, 44.50, 5.50, 52.036716, 2.00, 0.03, 0.00, 11.00, 41.03672, -0.00 
 
50.00, 44.00, 6.00, 53.103317, 2.00, 0.03, 0.00, 12.00, 41.10332, 0.00 
 
50.00, 44.50, 5.50, 52.164371, 2.00, 0.03, 0.00, 11.00, 41.16437, -0.00 
 
50.00, 44.50, 5.50, 52.225422, 2.00, 0.03, 0.00, 11.00, 41.22542, 0.00 
 
50.00, 44.50, 5.50, 52.286472, 2.00, 0.03, 0.00, 11.00, 41.28647, 0.00 
 
50.00, 44.50, 5.50, 52.347523, 2.00, 0.03, 0.00, 11.00, 41.34752, 0.00 
 
50.00, 44.50, 5.50, 52.408577, 2.00, 0.03, 0.00, 11.00, 41.40858, 0.00 
 
50.00, 44.50, 5.50, 52.469627, 2.00, 0.03, 0.00, 11.00, 41.46963, 0.00 
 
50.00, 44.50, 5.50, 52.530678, 2.00, 0.03, 0.00, 11.00, 41.53068, 0.00 
 
50.00, 44.50, 5.50, 52.591728, 2.00, 0.03, 0.00, 11.00, 41.59173, 0.00 
 
50.00, 44.50, 5.50, 52.652782, 2.00, 0.03, 0.00, 11.00, 41.65278, 0.00 
 
50.00, 44.50, 5.50, 52.713833, 2.00, 0.03, 0.00, 11.00, 41.71383, 0.00 
 
50.00, 44.50, 5.50, 52.774883, 2.00, 0.03, 0.00, 11.00, 41.77488, 0.00 
 
50.00, 44.50, 5.50, 52.835938, 2.00, 0.03, 0.00, 11.00, 41.83594, 0.00 
 
50.00, 44.50, 5.50, 52.896988, 2.00, 0.03, 0.00, 11.00, 41.89699, 0.00 
 
50.00, 44.50, 5.50, 52.958038, 2.00, 0.03, 0.00, 11.00, 41.95804, 0.00 
 
50.00, 44.50, 5.50, 53.019089, 2.00, 0.03, 0.00, 11.00, 42.01909, 0.00 
 
50.00, 44.50, 5.50, 53.080143, 2.00, 0.03, 0.00, 11.00, 42.08014, 0.00 
 
50.00, 44.00, 6.00, 54.146744, 2.00, 0.03, 0.00, 12.00, 42.14674, 0.00 
 
50.00, 45.50, 4.50, 51.196693, 2.00, 0.03, 0.00, 9.00, 42.19669, -0.00 
 
50.00, 44.00, 6.00, 54.263294, 2.00, 0.03, 0.00, 12.00, 42.26329, 0.00 
 
50.00, 45.00, 5.00, 52.318798, 2.00, 0.03, 0.00, 10.00, 42.31880, -0.00 
 
50.00, 45.00, 5.00, 52.374298, 2.00, 0.03, 0.00, 10.00, 42.37430, 0.00 
 
50.00, 45.00, 5.00, 52.429798, 2.00, 0.03, 0.00, 10.00, 42.42980, 0.00 
 
50.00, 45.00, 5.00, 52.485302, 2.00, 0.03, 0.00, 10.00, 42.48530, 0.00 
 
50.00, 45.00, 5.00, 52.540802, 2.00, 0.03, 0.00, 10.00, 42.54080, 0.00 
 
50.00, 45.00, 5.00, 52.596302, 2.00, 0.03, 0.00, 10.00, 42.59630, 0.00 
 
50.00, 45.00, 5.00, 52.651806, 2.00, 0.03, 0.00, 10.00, 42.65181, 0.00 
 
50.00, 45.00, 5.00, 52.707306, 2.00, 0.03, 0.00, 10.00, 42.70731, 0.00 
 
50.00, 45.00, 5.00, 52.762806, 2.00, 0.03, 0.00, 10.00, 42.76281, 0.00 
 
50.00, 45.00, 5.00, 52.818310, 2.00, 0.03, 0.00, 10.00, 42.81831, 0.00 
 
50.00, 45.00, 5.00, 52.873810, 2.00, 0.03, 0.00, 10.00, 42.87381, 0.00 
 
50.00, 45.00, 5.00, 52.929310, 2.00, 0.03, 0.00, 10.00, 42.92931, 0.00 
 
50.00, 45.00, 5.00, 52.984814, 2.00, 0.03, 0.00, 10.00, 42.98481, 0.00 
 
50.00, 45.00, 5.00, 53.040314, 2.00, 0.03, 0.00, 10.00, 43.04031, 0.00 
 
50.00, 45.00, 5.00, 53.095814, 2.00, 0.03, 0.00, 10.00, 43.09581, 0.00 
 
50.00, 45.00, 5.00, 53.151318, 2.00, 0.03, 0.00, 10.00, 43.15132, 0.00 
 
50.00, 45.00, 5.00, 53.206818, 2.00, 0.03, 0.00, 10.00, 43.20682, 0.00 
 
50.00, 45.00, 5.00, 53.262318, 2.00, 0.03, 0.00, 10.00, 43.26232, 0.00 
 
50.00, 45.00, 5.00, 53.317822, 2.00, 0.03, 0.00, 10.00, 43.31782, 0.00 
 
50.00, 45.50, 4.50, 52.367771, 2.00, 0.03, 0.00, 9.00, 43.36777, -0.00 
 
50.00, 45.50, 4.50, 52.417725, 2.00, 0.03, 0.00, 9.00, 43.41772, 0.00 
 
50.00, 45.00, 5.00, 53.473225, 2.00, 0.03, 0.00, 10.00, 43.47322, 0.00 
 
50.00, 45.50, 4.50, 52.523174, 2.00, 0.03, 0.00, 9.00, 43.52317, -0.00 
 
50.00, 45.50, 4.50, 52.573128, 2.00, 0.03, 0.00, 9.00, 43.57313, 0.00 
 
50.00, 45.50, 4.50, 52.623077, 2.00, 0.03, 0.00, 9.00, 43.62308, 0.00 
 
50.00, 45.50, 4.50, 52.673027, 2.00, 0.03, 0.00, 9.00, 43.67303, 0.00 
 
50.00, 45.50, 4.50, 52.722980, 2.00, 0.03, 0.00, 9.00, 43.72298, 0.00 
 
50.00, 45.50, 4.50, 52.772930, 2.00, 0.03, 0.00, 9.00, 43.77293, 0.00 
 
50.00, 45.50, 4.50, 52.822884, 2.00, 0.03, 0.00, 9.00, 43.82288, 0.00 
 
50.00, 45.50, 4.50, 52.872833, 2.00, 0.03, 0.00, 9.00, 43.87283, 0.00 
 
50.00, 45.50, 4.50, 52.922783, 2.00, 0.03, 0.00, 9.00, 43.92278, 0.00 
 
50.00, 45.50, 4.50, 52.972736, 2.00, 0.03, 0.00, 9.00, 43.97274, 0.00 
 
50.00, 45.50, 4.50, 53.022686, 2.00, 0.03, 0.00, 9.00, 44.02269, 0.00 
 
50.00, 45.50, 4.50, 53.072639, 2.00, 0.03, 0.00, 9.00, 44.07264, 0.00 
 
50.00, 45.50, 4.50, 53.122589, 2.00, 0.03, 0.00, 9.00, 44.12259, 0.00 
 
50.00, 45.50, 4.50, 53.172539, 2.00, 0.03, 0.00, 9.00, 44.17254, 0.00 
 
50.00, 45.50, 4.50, 53.222492, 2.00, 0.03, 0.00, 9.00, 44.22249, 0.00 
 
50.00, 45.50, 4.50, 53.272442, 2.00, 0.03, 0.00, 9.00, 44.27244, 0.00 
 
50.00, 45.50, 4.50, 53.322395, 2.00, 0.03, 0.00, 9.00, 44.32240, 0.00 
 
50.00, 45.50, 4.50, 53.372345, 2.00, 0.03, 0.00, 9.00, 44.37234, 0.00 
 
50.00, 45.50, 4.50, 53.422295, 2.00, 0.03, 0.00, 9.00, 44.42229, 0.00 
 
50.00, 45.50, 4.50, 53.472248, 2.00, 0.03, 0.00, 9.00, 44.47225, 0.00 
 
50.00, 45.50, 4.50, 53.522198, 2.00, 0.03, 0.00, 9.00, 44.52220, 0.00 
 
50.00, 45.50, 4.50, 53.572151, 2.00, 0.03, 0.00, 9.00, 44.57215, 0.00 
 
50.00, 45.50, 4.50, 53.622101, 2.00, 0.03, 0.00, 9.00, 44.62210, 0.00 
 
50.00, 45.50, 4.50, 53.672050, 2.00, 0.03, 0.00, 9.00, 44.67205, 0.00 
 
50.00, 45.50, 4.50, 53.722004, 2.00, 0.03, 0.00, 9.00, 44.72200, 0.00 
 
50.00, 45.00, 5.00, 54.777504, 2.00, 0.03, 0.00, 10.00, 44.77750, 0.00 
 
50.00, 46.50, 3.50, 51.816357, 2.00, 0.03, 0.00, 7.00, 44.81636, -0.00 
 
50.00, 45.00, 5.00, 54.871857, 2.00, 0.03, 0.00, 10.00, 44.87186, 0.00 
 
50.00, 46.00, 4.00, 52.916260, 2.00, 0.03, 0.00, 8.00, 44.91626, -0.00 
 
50.00, 46.00, 4.00, 52.960659, 2.00, 0.03, 0.00, 8.00, 44.96066, 0.00 
 
50.00, 46.00, 4.00, 53.005058, 2.00, 0.03, 0.00, 8.00, 45.00506, 0.00 
 
50.00, 46.00, 4.00, 53.049461, 2.00, 0.03, 0.00, 8.00, 45.04946, 0.00 
 
50.00, 46.00, 4.00, 53.093861, 2.00, 0.03, 0.00, 8.00, 45.09386, 0.00 
 
50.00, 46.00, 4.00, 53.138264, 2.00, 0.03, 0.00, 8.00, 45.13826, 0.00 
 
50.00, 46.00, 4.00, 53.182663, 2.00, 0.03, 0.00, 8.00, 45.18266, 0.00 
 
50.00, 46.00, 4.00, 53.227066, 2.00, 0.03, 0.00, 8.00, 45.22707, 0.00 
 
50.00, 46.00, 4.00, 53.271465, 2.00, 0.03, 0.00, 8.00, 45.27147, 0.00 
 
50.00, 46.00, 4.00, 53.315868, 2.00, 0.03, 0.00, 8.00, 45.31587, 0.00 
 
50.00, 46.00, 4.00, 53.360268, 2.00, 0.03, 0.00, 8.00, 45.36027, 0.00 
 
50.00, 46.00, 4.00, 53.404671, 2.00, 0.03, 0.00, 8.00, 45.40467, 0.00 
 
50.00, 46.00, 4.00, 53.449070, 2.00, 0.03, 0.00, 8.00, 45.44907, 0.00 
 
50.00, 46.00, 4.00, 53.493473, 2.00, 0.03, 0.00, 8.00, 45.49347, 0.00 
 
50.00, 46.00, 4.00, 53.537872, 2.00, 0.03, 0.00, 8.00, 45.53787, 0.00 
 
50.00, 46.00, 4.00, 53.582275, 2.00, 0.03, 0.00, 8.00, 45.58228, 0.00 
 
50.00, 46.00, 4.00, 53.626675, 2.00, 0.03, 0.00, 8.00, 45.62667, 0.00 
 
50.00, 46.00, 4.00, 53.671074, 2.00, 0.03, 0.00, 8.00, 45.67107, 0.00 
 
50.00, 46.00, 4.00, 53.715477, 2.00, 0.03, 0.00, 8.00, 45.71548, 0.00 
 
50.00, 46.00, 4.00, 53.759876, 2.00, 0.03, 0.00, 8.00, 45.75988, 0.00 
 
50.00, 46.50, 3.50, 52.798729, 2.00, 0.03, 0.00, 7.00, 45.79873, -0.00 
 
50.00, 46.50, 3.50, 52.837578, 2.00, 0.03, 0.00, 7.00, 45.83758, 0.00 
 
50.00, 46.50, 3.50, 52.876431, 2.00, 0.03, 0.00, 7.00, 45.87643, 0.00 
 
50.00, 46.50, 3.50, 52.915283, 2.00, 0.03, 0.00, 7.00, 45.91528, 0.00 
 
50.00, 46.50, 3.50, 52.954132, 2.00, 0.03, 0.00, 7.00, 45.95413, 0.00 
 
50.00, 46.50, 3.50, 52.992985, 2.00, 0.03, 0.00, 7.00, 45.99298, 0.00 
 
50.00, 46.50, 3.50, 53.031834, 2.00, 0.03, 0.00, 7.00, 46.03183, 0.00 
 
50.00, 46.50, 3.50, 53.070686, 2.00, 0.03, 0.00, 7.00, 46.07069, 0.00 
 
50.00, 46.50, 3.50, 53.109535, 2.00, 0.03, 0.00, 7.00, 46.10954, 0.00 
 
50.00, 46.50, 3.50, 53.148388, 2.00, 0.03, 0.00, 7.00, 46.14839, 0.00 
 
50.00, 46.50, 3.50, 53.187237, 2.00, 0.03, 0.00, 7.00, 46.18724, 0.00 
 
50.00, 46.50, 3.50, 53.226089, 2.00, 0.03, 0.00, 7.00, 46.22609, 0.00 
 
50.00, 46.50, 3.50, 53.264938, 2.00, 0.03, 0.00, 7.00, 46.26494, 0.00 
 
50.00, 46.50, 3.50, 53.303791, 2.00, 0.03, 0.00, 7.00, 46.30379, 0.00 
 
50.00, 46.50, 3.50, 53.342640, 2.00, 0.03, 0.00, 7.00, 46.34264, 0.00 
 
50.00, 46.50, 3.50, 53.381493, 2.00, 0.03, 0.00, 7.00, 46.38149, 0.00 
 
50.00, 46.50, 3.50, 53.420345, 2.00, 0.03, 0.00, 7.00, 46.42035, 0.00 
 
50.00, 46.50, 3.50, 53.459194, 2.00, 0.03, 0.00, 7.00, 46.45919, 0.00 
 
50.00, 46.50, 3.50, 53.498047, 2.00, 0.03, 0.00, 7.00, 46.49805, 0.00 
 
50.00, 46.50, 3.50, 53.536896, 2.00, 0.03, 0.00, 7.00, 46.53690, 0.00 
 
50.00, 46.50, 3.50, 53.575748, 2.00, 0.03, 0.00, 7.00, 46.57575, 0.00 
 
50.00, 46.50, 3.50, 53.614597, 2.00, 0.03, 0.00, 7.00, 46.61460, 0.00 
 
50.00, 46.50, 3.50, 53.653450, 2.00, 0.03, 0.00, 7.00, 46.65345, 0.00 
 
50.00, 46.50, 3.50, 53.692299, 2.00, 0.03, 0.00, 7.00, 46.69230, 0.00 
 
50.00, 46.50, 3.50, 53.731152, 2.00, 0.03, 0.00, 7.00, 46.73115, 0.00 
 
50.00, 46.50, 3.50, 53.770000, 2.00, 0.03, 0.00, 7.00, 46.77000, 0.00 
 
50.00, 46.50, 3.50, 53.808853, 2.00, 0.03, 0.00, 7.00, 46.80885, 0.00 
 
50.00, 46.50, 3.50, 53.847702, 2.00, 0.03, 0.00, 7.00, 46.84770, 0.00 
 
50.00, 46.50, 3.50, 53.886555, 2.00, 0.03, 0.00, 7.00, 46.88655, 0.00 
 
50.00, 46.50, 3.50, 53.925404, 2.00, 0.03, 0.00, 7.00, 46.92540, 0.00 
 
50.00, 46.50, 3.50, 53.964256, 2.00, 0.03, 0.00, 7.00, 46.96426, 0.00 
 
50.00, 46.50, 3.50, 54.003109, 2.00, 0.03, 0.00, 7.00, 47.00311, 0.00 
 
50.00, 46.50, 3.50, 54.041958, 2.00, 0.03, 0.00, 7.00, 47.04196, 0.00 
 
50.00, 46.50, 3.50, 54.080811, 2.00, 0.03, 0.00, 7.00, 47.08081, 0.00 
 
50.00, 46.50, 3.50, 54.119659, 2.00, 0.03, 0.00, 7.00, 47.11966, 0.00 
 
50.00, 46.50, 3.50, 54.158512, 2.00, 0.03, 0.00, 7.00, 47.15851, 0.00 
 
50.00, 46.50, 3.50, 54.197361, 2.00, 0.03, 0.00, 7.00, 47.19736, 0.00 
 
50.00, 46.00, 4.00, 55.241764, 2.00, 0.03, 0.00, 8.00, 47.24176, 0.00 
 
50.00, 47.00, 3.00, 53.275063, 2.00, 0.03, 0.00, 6.00, 47.27506, -0.00 
 
50.00, 47.00, 3.00, 53.308365, 2.00, 0.03, 0.00, 6.00, 47.30836, 0.00 
 
50.00, 47.50, 2.50, 52.336117, 2.00, 0.03, 0.00, 5.00, 47.33612, -0.00 
 
50.00, 46.00, 4.00, 55.380516, 2.00, 0.03, 0.00, 8.00, 47.38052, 0.00 
 
50.00, 47.00, 3.00, 53.413818, 2.00, 0.03, 0.00, 6.00, 47.41382, -0.00 
 
50.00, 47.00, 3.00, 53.447117, 2.00, 0.03, 0.00, 6.00, 47.44712, 0.00 
 
50.00, 47.00, 3.00, 53.480419, 2.00, 0.03, 0.00, 6.00, 47.48042, 0.00 
 
50.00, 47.00, 3.00, 53.513718, 2.00, 0.03, 0.00, 6.00, 47.51372, 0.00 
 
50.00, 47.00, 3.00, 53.547020, 2.00, 0.03, 0.00, 6.00, 47.54702, 0.00 
 
50.00, 47.00, 3.00, 53.580322, 2.00, 0.03, 0.00, 6.00, 47.58032, 0.00 
 
50.00, 47.00, 3.00, 53.613621, 2.00, 0.03, 0.00, 6.00, 47.61362, 0.00 
 
50.00, 47.00, 3.00, 53.646923, 2.00, 0.03, 0.00, 6.00, 47.64692, 0.00 
 
50.00, 47.00, 3.00, 53.680222, 2.00, 0.03, 0.00, 6.00, 47.68022, 0.00 
 
50.00, 47.00, 3.00, 53.713524, 2.00, 0.03, 0.00, 6.00, 47.71352, 0.00 
 
50.00, 47.00, 3.00, 53.746826, 2.00, 0.03, 0.00, 6.00, 47.74683, 0.00 
 
50.00, 47.00, 3.00, 53.780125, 2.00, 0.03, 0.00, 6.00, 47.78012, 0.00 
 
50.00, 47.00, 3.00, 53.813427, 2.00, 0.03, 0.00, 6.00, 47.81343, 0.00 
 
50.00, 47.00, 3.00, 53.846725, 2.00, 0.03, 0.00, 6.00, 47.84673, 0.00 
 
50.00, 47.00, 3.00, 53.880028, 2.00, 0.03, 0.00, 6.00, 47.88003, 0.00 
 
50.00, 47.00, 3.00, 53.913330, 2.00, 0.03, 0.00, 6.00, 47.91333, 0.00 
 
50.00, 47.00, 3.00, 53.946629, 2.00, 0.03, 0.00, 6.00, 47.94663, 0.00 
 
50.00, 47.00, 3.00, 53.979931, 2.00, 0.03, 0.00, 6.00, 47.97993, 0.00 
 
50.00, 47.00, 3.00, 54.013229, 2.00, 0.03, 0.00, 6.00, 48.01323, 0.00 
 
50.00, 47.00, 3.00, 54.046532, 2.00, 0.03, 0.00, 6.00, 48.04653, 0.00 
 
50.00, 47.00, 3.00, 54.079834, 2.00, 0.03, 0.00, 6.00, 48.07983, 0.00 
 
50.00, 47.00, 3.00, 54.113132, 2.00, 0.03, 0.00, 6.00, 48.11313, 0.00 
 
50.00, 47.00, 3.00, 54.146435, 2.00, 0.03, 0.00, 6.00, 48.14643, 0.00 
 
50.00, 47.00, 3.00, 54.179733, 2.00, 0.03, 0.00, 6.00, 48.17973, 0.00 
 
50.00, 47.00, 3.00, 54.213036, 2.00, 0.03, 0.00, 6.00, 48.21304, 0.00 
 
50.00, 47.00, 3.00, 54.246338, 2.00, 0.03, 0.00, 6.00, 48.24634, 0.00 
 
50.00, 47.00, 3.00, 54.279636, 2.00, 0.03, 0.00, 6.00, 48.27964, 0.00 
 
50.00, 47.00, 3.00, 54.312939, 2.00, 0.03, 0.00, 6.00, 48.31294, 0.00 
 
50.00, 47.00, 3.00, 54.346237, 2.00, 0.03, 0.00, 6.00, 48.34624, 0.00 
 
50.00, 47.00, 3.00, 54.379539, 2.00, 0.03, 0.00, 6.00, 48.37954, 0.00 
 
50.00, 47.00, 3.00, 54.412842, 2.00, 0.03, 0.00, 6.00, 48.41284, 0.00 
 
50.00, 47.00, 3.00, 54.446140, 2.00, 0.03, 0.00, 6.00, 48.44614, 0.00 
 
50.00, 47.00, 3.00, 54.479443, 2.00, 0.03, 0.00, 6.00, 48.47944, 0.00 
 
50.00, 47.00, 3.00, 54.512741, 2.00, 0.03, 0.00, 6.00, 48.51274, 0.00 
 
50.00, 47.00, 3.00, 54.546043, 2.00, 0.03, 0.00, 6.00, 48.54604, 0.00 
 
50.00, 47.00, 3.00, 54.579346, 2.00, 0.03, 0.00, 6.00, 48.57935, 0.00 
 
50.00, 47.50, 2.50, 53.607094, 2.00, 0.03, 0.00, 5.00, 48.60709, -0.00 
 
50.00, 47.50, 2.50, 53.634846, 2.00, 0.03, 0.00, 5.00, 48.63485, 0.00 
 
50.00, 47.50, 2.50, 53.662598, 2.00, 0.03, 0.00, 5.00, 48.66260, 0.00 
 
50.00, 47.50, 2.50, 53.690346, 2.00, 0.03, 0.00, 5.00, 48.69035, 0.00 
 
50.00, 47.50, 2.50, 53.718098, 2.00, 0.03, 0.00, 5.00, 48.71810, 0.00 
 
50.00, 47.00, 3.00, 54.751400, 2.00, 0.03, 0.00, 6.00, 48.75140, 0.00 
 
50.00, 47.50, 2.50, 53.779148, 2.00, 0.03, 0.00, 5.00, 48.77915, -0.00 
 
50.00, 47.50, 2.50, 53.806900, 2.00, 0.03, 0.00, 5.00, 48.80690, 0.00 
 
50.00, 47.50, 2.50, 53.834652, 2.00, 0.03, 0.00, 5.00, 48.83465, 0.00 
 
50.00, 47.50, 2.50, 53.862400, 2.00, 0.03, 0.00, 5.00, 48.86240, 0.00 
 
50.00, 47.50, 2.50, 53.890152, 2.00, 0.03, 0.00, 5.00, 48.89015, 0.00 
 
50.00, 47.50, 2.50, 53.917904, 2.00, 0.03, 0.00, 5.00, 48.91790, 0.00 
 
50.00, 47.00, 3.00, 54.951202, 2.00, 0.03, 0.00, 6.00, 48.95120, 0.00 
 
50.00, 47.00, 3.00, 54.984505, 2.00, 0.03, 0.00, 6.00, 48.98450, 0.00 
 
50.00, 47.50, 2.50, 54.012253, 2.00, 0.03, 0.00, 5.00, 49.01225, -0.00 
 
50.00, 47.50, 2.50, 54.040005, 2.00, 0.03, 0.00, 5.00, 49.04000, 0.00 
 
50.00, 47.50, 2.50, 54.067757, 2.00, 0.03, 0.00, 5.00, 49.06776, 0.00 
 
50.00, 47.50, 2.50, 54.095505, 2.00, 0.03, 0.00, 5.00, 49.09550, 0.00 
 
50.00, 47.50, 2.50, 54.123257, 2.00, 0.03, 0.00, 5.00, 49.12326, 0.00 
 
50.00, 47.50, 2.50, 54.151009, 2.00, 0.03, 0.00, 5.00, 49.15101, 0.00 
 
50.00, 47.50, 2.50, 54.178757, 2.00, 0.03, 0.00, 5.00, 49.17876, 0.00 
 
50.00, 47.50, 2.50, 54.206509, 2.00, 0.03, 0.00, 5.00, 49.20651, 0.00 
 
50.00, 47.50, 2.50, 54.234261, 2.00, 0.03, 0.00, 5.00, 49.23426, 0.00 
 
50.00, 47.50, 2.50, 54.262009, 2.00, 0.03, 0.00, 5.00, 49.26201, 0.00 
 
50.00, 47.50, 2.50, 54.289761, 2.00, 0.03, 0.00, 5.00, 49.28976, 0.00 
 
50.00, 47.50, 2.50, 54.317513, 2.00, 0.03, 0.00, 5.00, 49.31751, 0.00 
 
50.00, 47.50, 2.50, 54.345261, 2.00, 0.03, 0.00, 5.00, 49.34526, 0.00 
 
50.00, 47.50, 2.50, 54.373013, 2.00, 0.03, 0.00, 5.00, 49.37301, 0.00 
 
50.00, 47.50, 2.50, 54.400764, 2.00, 0.03, 0.00, 5.00, 49.40076, 0.00 
 
50.00, 47.50, 2.50, 54.428513, 2.00, 0.03, 0.00, 5.00, 49.42851, 0.00 
 
50.00, 47.50, 2.50, 54.456264, 2.00, 0.03, 0.00, 5.00, 49.45626, 0.00 
 
50.00, 47.50, 2.50, 54.484016, 2.00, 0.03, 0.00, 5.00, 49.48402, 0.00 
 
50.00, 47.50, 2.50, 54.511765, 2.00, 0.03, 0.00, 5.00, 49.51176, 0.00 
 
50.00, 47.50, 2.50, 54.539516, 2.00, 0.03, 0.00, 5.00, 49.53952, 0.00 
 
50.00, 47.00, 3.00, 55.572819, 2.00, 0.03, 0.00, 6.00, 49.57282, 0.00 
 
50.00, 48.00, 2.00, 53.595016, 2.00, 0.03, 0.00, 4.00, 49.59502, -0.00 
 
50.00, 48.50, 1.50, 52.611668, 2.00, 0.03, 0.00, 3.00, 49.61167, -0.00 
 
50.00, 47.50, 2.50, 54.639420, 2.00, 0.03, 0.00, 5.00, 49.63942, 0.00 
 
50.00, 47.50, 2.50, 54.667171, 2.00, 0.03, 0.00, 5.00, 49.66717, 0.00 
 
50.00, 47.50, 2.50, 54.694920, 2.00, 0.03, 0.00, 5.00, 49.69492, 0.00 
 
50.00, 47.00, 3.00, 55.728222, 2.00, 0.03, 0.00, 6.00, 49.72822, 0.00 
 
50.00, 48.00, 2.00, 53.750423, 2.00, 0.03, 0.00, 4.00, 49.75042, -0.00 
 
50.00, 48.00, 2.00, 53.772621, 2.00, 0.03, 0.00, 4.00, 49.77262, 0.00 
 
50.00, 48.00, 2.00, 53.794823, 2.00, 0.03, 0.00, 4.00, 49.79482, 0.00 
 
50.00, 48.00, 2.00, 53.817024, 2.00, 0.03, 0.00, 4.00, 49.81702, 0.00 
 
50.00, 48.00, 2.00, 53.839222, 2.00, 0.03, 0.00, 4.00, 49.83922, 0.00 
 
50.00, 48.00, 2.00, 53.861423, 2.00, 0.03, 0.00, 4.00, 49.86142, 0.00 
 
50.00, 48.00, 2.00, 53.883625, 2.00, 0.03, 0.00, 4.00, 49.88363, 0.00 
 
50.00, 48.50, 1.50, 52.900276, 2.00, 0.03, 0.00, 3.00, 49.90028, -0.00 
 
50.00, 47.00, 3.00, 55.933575, 2.00, 0.03, 0.00, 6.00, 49.93357, 0.00 
 
50.00, 48.00, 2.00, 53.955776, 2.00, 0.03, 0.00, 4.00, 49.95578, -0.00 
 
50.00, 48.00, 2.00, 53.977978, 2.00, 0.03, 0.00, 4.00, 49.97798, 0.00 
 
50.00, 48.00, 2.00, 54.000179, 2.00, 0.03, 0.00, 4.00, 50.00018, 0.00 
 
50.00, 48.00, 2.00, 54.022377, 2.00, 0.03, 0.00, 4.00, 50.02238, 0.00 
 
50.00, 48.00, 2.00, 54.044579, 2.00, 0.03, 0.00, 4.00, 50.04458, 0.00 
 
50.00, 48.00, 2.00, 54.066780, 2.00, 0.03, 0.00, 4.00, 50.06678, 0.00 
 
50.00, 48.00, 2.00, 54.088978, 2.00, 0.03, 0.00, 4.00, 50.08898, 0.00 
 
50.00, 48.00, 2.00, 54.111179, 2.00, 0.03, 0.00, 4.00, 50.11118, 0.00 
 
50.00, 48.00, 2.00, 54.133381, 2.00, 0.03, 0.00, 4.00, 50.13338, 0.00 
 
50.00, 48.00, 2.00, 54.155582, 2.00, 0.03, 0.00, 4.00, 50.15558, 0.00 
 
50.00, 48.00, 2.00, 54.177780, 2.00, 0.03, 0.00, 4.00, 50.17778, 0.00 
 
50.00, 48.00, 2.00, 54.199982, 2.00, 0.03, 0.00, 4.00, 50.19998, 0.00 
 
50.00, 48.00, 2.00, 54.222183, 2.00, 0.03, 0.00, 4.00, 50.22218, 0.00 
 
50.00, 48.00, 2.00, 54.244385, 2.00, 0.03, 0.00, 4.00, 50.24438, 0.00 
 
50.00, 48.00, 2.00, 54.266582, 2.00, 0.03, 0.00, 4.00, 50.26658, 0.00 
 
50.00, 48.00, 2.00, 54.288784, 2.00, 0.03, 0.00, 4.00, 50.28878, 0.00 
 
50.00, 48.00, 2.00, 54.310986, 2.00, 0.03, 0.00, 4.00, 50.31099, 0.00 
 
50.00, 48.00, 2.00, 54.333187, 2.00, 0.03, 0.00, 4.00, 50.33319, 0.00 
 
50.00, 48.00, 2.00, 54.355385, 2.00, 0.03, 0.00, 4.00, 50.35538, 0.00 
 
50.00, 48.00, 2.00, 54.377586, 2.00, 0.03, 0.00, 4.00, 50.37759, 0.00 
 
50.00, 48.00, 2.00, 54.399788, 2.00, 0.03, 0.00, 4.00, 50.39979, 0.00 
 
50.00, 48.00, 2.00, 54.421986, 2.00, 0.03, 0.00, 4.00, 50.42199, 0.00 
 
50.00, 48.00, 2.00, 54.444187, 2.00, 0.03, 0.00, 4.00, 50.44419, 0.00 
 
50.00, 48.00, 2.00, 54.466389, 2.00, 0.03, 0.00, 4.00, 50.46639, 0.00 
 
50.00, 48.50, 1.50, 53.483040, 2.00, 0.03, 0.00, 3.00, 50.48304, -0.00 
 
50.00, 48.00, 2.00, 54.505238, 2.00, 0.03, 0.00, 4.00, 50.50524, 0.00 
 
50.00, 48.00, 2.00, 54.527439, 2.00, 0.03, 0.00, 4.00, 50.52744, 0.00 
 
50.00, 48.00, 2.00, 54.549641, 2.00, 0.03, 0.00, 4.00, 50.54964, 0.00 
 
50.00, 48.50, 1.50, 53.566292, 2.00, 0.03, 0.00, 3.00, 50.56629, -0.00 
 
50.00, 48.00, 2.00, 54.588490, 2.00, 0.03, 0.00, 4.00, 50.58849, 0.00 
 
50.00, 48.00, 2.00, 54.610691, 2.00, 0.03, 0.00, 4.00, 50.61069, 0.00 
 
50.00, 48.00, 2.00, 54.632893, 2.00, 0.03, 0.00, 4.00, 50.63289, 0.00 
 
50.00, 48.00, 2.00, 54.655094, 2.00, 0.03, 0.00, 4.00, 50.65509, 0.00 
 
50.00, 48.00, 2.00, 54.677292, 2.00, 0.03, 0.00, 4.00, 50.67729, 0.00 
 
50.00, 48.50, 1.50, 53.693943, 2.00, 0.03, 0.00, 3.00, 50.69394, -0.00 
 
50.00, 48.50, 1.50, 53.710594, 2.00, 0.03, 0.00, 3.00, 50.71059, 0.00 
 
50.00, 48.50, 1.50, 53.727245, 2.00, 0.03, 0.00, 3.00, 50.72725, 0.00 
 
50.00, 48.00, 2.00, 54.749447, 2.00, 0.03, 0.00, 4.00, 50.74945, 0.00 
 
50.00, 48.00, 2.00, 54.771645, 2.00, 0.03, 0.00, 4.00, 50.77164, 0.00 
 
50.00, 48.50, 1.50, 53.788296, 2.00, 0.03, 0.00, 3.00, 50.78830, -0.00 
 
50.00, 48.50, 1.50, 53.804947, 2.00, 0.03, 0.00, 3.00, 50.80495, 0.00 
 
50.00, 48.50, 1.50, 53.821598, 2.00, 0.03, 0.00, 3.00, 50.82160, 0.00 
 
50.00, 48.50, 1.50, 53.838245, 2.00, 0.03, 0.00, 3.00, 50.83825, 0.00 
 
50.00, 48.00, 2.00, 54.860447, 2.00, 0.03, 0.00, 4.00, 50.86045, 0.00 
 
50.00, 48.50, 1.50, 53.877098, 2.00, 0.03, 0.00, 3.00, 50.87710, -0.00 
 
50.00, 48.50, 1.50, 53.893749, 2.00, 0.03, 0.00, 3.00, 50.89375, 0.00 
 
50.00, 48.50, 1.50, 53.910400, 2.00, 0.03, 0.00, 3.00, 50.91040, 0.00 
 
50.00, 48.50, 1.50, 53.927048, 2.00, 0.03, 0.00, 3.00, 50.92705, 0.00 
 
50.00, 48.50, 1.50, 53.943699, 2.00, 0.03, 0.00, 3.00, 50.94370, 0.00 
 
50.00, 48.50, 1.50, 53.960350, 2.00, 0.03, 0.00, 3.00, 50.96035, 0.00 
 
50.00, 48.50, 1.50, 53.977001, 2.00, 0.03, 0.00, 3.00, 50.97700, 0.00 
 
50.00, 48.50, 1.50, 53.993652, 2.00, 0.03, 0.00, 3.00, 50.99365, 0.00 
 
50.00, 48.50, 1.50, 54.010300, 2.00, 0.03, 0.00, 3.00, 51.01030, 0.00 
 
50.00, 48.50, 1.50, 54.026951, 2.00, 0.03, 0.00, 3.00, 51.02695, 0.00 
 
50.00, 48.50, 1.50, 54.043602, 2.00, 0.03, 0.00, 3.00, 51.04360, 0.00 
 
50.00, 48.50, 1.50, 54.060253, 2.00, 0.03, 0.00, 3.00, 51.06025, 0.00 
 
50.00, 48.50, 1.50, 54.076904, 2.00, 0.03, 0.00, 3.00, 51.07690, 0.00 
 
50.00, 48.50, 1.50, 54.093552, 2.00, 0.03, 0.00, 3.00, 51.09355, 0.00 
 
50.00, 48.50, 1.50, 54.110203, 2.00, 0.03, 0.00, 3.00, 51.11020, 0.00 
 
50.00, 48.50, 1.50, 54.126854, 2.00, 0.03, 0.00, 3.00, 51.12685, 0.00 
 
50.00, 48.50, 1.50, 54.143505, 2.00, 0.03, 0.00, 3.00, 51.14351, 0.00 
 
50.00, 48.50, 1.50, 54.160156, 2.00, 0.03, 0.00, 3.00, 51.16016, 0.00 
 
50.00, 48.50, 1.50, 54.176804, 2.00, 0.03, 0.00, 3.00, 51.17680, 0.00 
 
50.00, 48.50, 1.50, 54.193455, 2.00, 0.03, 0.00, 3.00, 51.19345, 0.00 
 
50.00, 48.50, 1.50, 54.210106, 2.00, 0.03, 0.00, 3.00, 51.21011, 0.00 
 
50.00, 48.50, 1.50, 54.226757, 2.00, 0.03, 0.00, 3.00, 51.22676, 0.00 
 
50.00, 48.50, 1.50, 54.243408, 2.00, 0.03, 0.00, 3.00, 51.24341, 0.00 
 
50.00, 48.50, 1.50, 54.260056, 2.00, 0.03, 0.00, 3.00, 51.26006, 0.00 
 
50.00, 48.50, 1.50, 54.276707, 2.00, 0.03, 0.00, 3.00, 51.27671, 0.00 
 
50.00, 48.50, 1.50, 54.293358, 2.00, 0.03, 0.00, 3.00, 51.29336, 0.00 
 
50.00, 48.50, 1.50, 54.310009, 2.00, 0.03, 0.00, 3.00, 51.31001, 0.00 
 
50.00, 48.50, 1.50, 54.326660, 2.00, 0.03, 0.00, 3.00, 51.32666, 0.00 
 
50.00, 48.50, 1.50, 54.343307, 2.00, 0.03, 0.00, 3.00, 51.34331, 0.00 
 
50.00, 48.50, 1.50, 54.359959, 2.00, 0.03, 0.00, 3.00, 51.35996, 0.00 
 
50.00, 48.50, 1.50, 54.376610, 2.00, 0.03, 0.00, 3.00, 51.37661, 0.00 
 
50.00, 48.50, 1.50, 54.393261, 2.00, 0.03, 0.00, 3.00, 51.39326, 0.00 
 
50.00, 48.50, 1.50, 54.409912, 2.00, 0.03, 0.00, 3.00, 51.40991, 0.00 
 
50.00, 48.50, 1.50, 54.426559, 2.00, 0.03, 0.00, 3.00, 51.42656, 0.00 
 
50.00, 48.00, 2.00, 55.448761, 2.00, 0.03, 0.00, 4.00, 51.44876, 0.00 
 
50.00, 49.00, 1.00, 53.459862, 2.00, 0.03, 0.00, 2.00, 51.45986, -0.00 
 
50.00, 49.50, 0.50, 52.465412, 2.00, 0.03, 0.00, 1.00, 51.46541, -0.00 
 
50.00, 48.50, 1.50, 54.482063, 2.00, 0.03, 0.00, 3.00, 51.48206, 0.00 
 
50.00, 48.00, 2.00, 55.504265, 2.00, 0.03, 0.00, 4.00, 51.50426, 0.00 
 
50.00, 49.00, 1.00, 53.515362, 2.00, 0.03, 0.00, 2.00, 51.51536, -0.00 
 
50.00, 49.00, 1.00, 53.526463, 2.00, 0.03, 0.00, 2.00, 51.52646, 0.00 
 
50.00, 49.00, 1.00, 53.537563, 2.00, 0.03, 0.00, 2.00, 51.53756, 0.00 
 
50.00, 49.00, 1.00, 53.548664, 2.00, 0.03, 0.00, 2.00, 51.54866, 0.00 
 
50.00, 49.00, 1.00, 53.559765, 2.00, 0.03, 0.00, 2.00, 51.55976, 0.00 
 
50.00, 49.00, 1.00, 53.570866, 2.00, 0.03, 0.00, 2.00, 51.57087, 0.00 
 
50.00, 49.00, 1.00, 53.581966, 2.00, 0.03, 0.00, 2.00, 51.58197, 0.00 
 
50.00, 49.00, 1.00, 53.593063, 2.00, 0.03, 0.00, 2.00, 51.59306, 0.00 
 
50.00, 49.00, 1.00, 53.604164, 2.00, 0.03, 0.00, 2.00, 51.60416, 0.00 
 
50.00, 49.00, 1.00, 53.615265, 2.00, 0.03, 0.00, 2.00, 51.61526, 0.00 
 
50.00, 49.00, 1.00, 53.626366, 2.00, 0.03, 0.00, 2.00, 51.62637, 0.00 
 
50.00, 49.00, 1.00, 53.637466, 2.00, 0.03, 0.00, 2.00, 51.63747, 0.00 
 
50.00, 49.00, 1.00, 53.648567, 2.00, 0.03, 0.00, 2.00, 51.64857, 0.00 
 
50.00, 49.00, 1.00, 53.659668, 2.00, 0.03, 0.00, 2.00, 51.65967, 0.00 
 
50.00, 49.00, 1.00, 53.670769, 2.00, 0.03, 0.00, 2.00, 51.67077, 0.00 
 
50.00, 49.00, 1.00, 53.681866, 2.00, 0.03, 0.00, 2.00, 51.68187, 0.00 
 
50.00, 49.00, 1.00, 53.692966, 2.00, 0.03, 0.00, 2.00, 51.69297, 0.00 
 
50.00, 49.00, 1.00, 53.704067, 2.00, 0.03, 0.00, 2.00, 51.70407, 0.00 
 
50.00, 49.00, 1.00, 53.715168, 2.00, 0.03, 0.00, 2.00, 51.71517, 0.00 
 
50.00, 49.00, 1.00, 53.726269, 2.00, 0.03, 0.00, 2.00, 51.72627, 0.00 
 
50.00, 49.00, 1.00, 53.737370, 2.00, 0.03, 0.00, 2.00, 51.73737, 0.00 
 
50.00, 49.00, 1.00, 53.748470, 2.00, 0.03, 0.00, 2.00, 51.74847, 0.00 
 
50.00, 49.00, 1.00, 53.759567, 2.00, 0.03, 0.00, 2.00, 51.75957, 0.00 
 
50.00, 49.00, 1.00, 53.770668, 2.00, 0.03, 0.00, 2.00, 51.77067, 0.00 
 
50.00, 49.00, 1.00, 53.781769, 2.00, 0.03, 0.00, 2.00, 51.78177, 0.00 
 
50.00, 49.00, 1.00, 53.792870, 2.00, 0.03, 0.00, 2.00, 51.79287, 0.00 
 
50.00, 49.00, 1.00, 53.803970, 2.00, 0.03, 0.00, 2.00, 51.80397, 0.00 
 
50.00, 49.00, 1.00, 53.815071, 2.00, 0.03, 0.00, 2.00, 51.81507, 0.00 
 
50.00, 49.00, 1.00, 53.826172, 2.00, 0.03, 0.00, 2.00, 51.82617, 0.00 
 
50.00, 49.00, 1.00, 53.837273, 2.00, 0.03, 0.00, 2.00, 51.83727, 0.00 
 
50.00, 49.00, 1.00, 53.848370, 2.00, 0.03, 0.00, 2.00, 51.84837, 0.00 
 
50.00, 49.00, 1.00, 53.859470, 2.00, 0.03, 0.00, 2.00, 51.85947, 0.00 
 
50.00, 49.00, 1.00, 53.870571, 2.00, 0.03, 0.00, 2.00, 51.87057, 0.00 
 
50.00, 49.00, 1.00, 53.881672, 2.00, 0.03, 0.00, 2.00, 51.88167, 0.00 
 
50.00, 49.00, 1.00, 53.892773, 2.00, 0.03, 0.00, 2.00, 51.89277, 0.00 
 
50.00, 49.00, 1.00, 53.903873, 2.00, 0.03, 0.00, 2.00, 51.90387, 0.00 
 
50.00, 49.00, 1.00, 53.914974, 2.00, 0.03, 0.00, 2.00, 51.91497, 0.00 
 
50.00, 49.00, 1.00, 53.926071, 2.00, 0.03, 0.00, 2.00, 51.92607, 0.00 
 
50.00, 49.00, 1.00, 53.937172, 2.00, 0.03, 0.00, 2.00, 51.93717, 0.00 
 
50.00, 49.00, 1.00, 53.948273, 2.00, 0.03, 0.00, 2.00, 51.94827, 0.00 
 
50.00, 49.00, 1.00, 53.959373, 2.00, 0.03, 0.00, 2.00, 51.95937, 0.00 
 
50.00, 49.00, 1.00, 53.970474, 2.00, 0.03, 0.00, 2.00, 51.97047, 0.00 
 
50.00, 49.00, 1.00, 53.981575, 2.00, 0.03, 0.00, 2.00, 51.98158, 0.00 
 
50.00, 49.00, 1.00, 53.992676, 2.00, 0.03, 0.00, 2.00, 51.99268, 0.00 
 
50.00, 49.00, 1.00, 54.003777, 2.00, 0.03, 0.00, 2.00, 52.00378, 0.00 
 
50.00, 49.00, 1.00, 54.014874, 2.00, 0.03, 0.00, 2.00, 52.01487, 0.00 
 
50.00, 49.00, 1.00, 54.025974, 2.00, 0.03, 0.00, 2.00, 52.02597, 0.00 
 
50.00, 49.00, 1.00, 54.037075, 2.00, 0.03, 0.00, 2.00, 52.03708, 0.00 
 
50.00, 49.00, 1.00, 54.048176, 2.00, 0.03, 0.00, 2.00, 52.04818, 0.00 
 
50.00, 49.00, 1.00, 54.059277, 2.00, 0.03, 0.00, 2.00, 52.05928, 0.00 
 
50.00, 49.00, 1.00, 54.070377, 2.00, 0.03, 0.00, 2.00, 52.07038, 0.00 
 
50.00, 49.00, 1.00, 54.081478, 2.00, 0.03, 0.00, 2.00, 52.08148, 0.00 
 
50.00, 49.00, 1.00, 54.092575, 2.00, 0.03, 0.00, 2.00, 52.09258, 0.00 
 
50.00, 49.00, 1.00, 54.103676, 2.00, 0.03, 0.00, 2.00, 52.10368, 0.00 
 
50.00, 49.00, 1.00, 54.114777, 2.00, 0.03, 0.00, 2.00, 52.11478, 0.00 
 
50.00, 49.00, 1.00, 54.125877, 2.00, 0.03, 0.00, 2.00, 52.12588, 0.00 
 
50.00, 49.00, 1.00, 54.136978, 2.00, 0.03, 0.00, 2.00, 52.13698, 0.00 
 
50.00, 49.00, 1.00, 54.148079, 2.00, 0.03, 0.00, 2.00, 52.14808, 0.00 
 
50.00, 49.00, 1.00, 54.159180, 2.00, 0.03, 0.00, 2.00, 52.15918, 0.00 
 
50.00, 49.00, 1.00, 54.170280, 2.00, 0.03, 0.00, 2.00, 52.17028, 0.00 
 
50.00, 49.50, 0.50, 53.175827, 2.00, 0.03, 0.00, 1.00, 52.17583, -0.00 
 
50.00, 49.50, 0.50, 53.181377, 2.00, 0.03, 0.00, 1.00, 52.18138, 0.00 
 
50.00, 49.50, 0.50, 53.186928, 2.00, 0.03, 0.00, 1.00, 52.18693, 0.00 
 
50.00, 49.00, 1.00, 54.198029, 2.00, 0.03, 0.00, 2.00, 52.19803, 0.00 
 
50.00, 49.00, 1.00, 54.209129, 2.00, 0.03, 0.00, 2.00, 52.20913, 0.00 
 
50.00, 49.00, 1.00, 54.220230, 2.00, 0.03, 0.00, 2.00, 52.22023, 0.00 
 
50.00, 49.50, 0.50, 53.225780, 2.00, 0.03, 0.00, 1.00, 52.22578, -0.00 
 
50.00, 49.00, 1.00, 54.236881, 2.00, 0.03, 0.00, 2.00, 52.23688, 0.00 
 
50.00, 49.50, 0.50, 53.242432, 2.00, 0.03, 0.00, 1.00, 52.24243, -0.00 
 
50.00, 49.50, 0.50, 53.247982, 2.00, 0.03, 0.00, 1.00, 52.24798, 0.00 
 
50.00, 49.50, 0.50, 53.253532, 2.00, 0.03, 0.00, 1.00, 52.25353, 0.00 
 
50.00, 49.00, 1.00, 54.264629, 2.00, 0.03, 0.00, 2.00, 52.26463, 0.00 
 
50.00, 49.00, 1.00, 54.275730, 2.00, 0.03, 0.00, 2.00, 52.27573, 0.00 
 
50.00, 49.50, 0.50, 53.281281, 2.00, 0.03, 0.00, 1.00, 52.28128, -0.00 
 
50.00, 49.50, 0.50, 53.286831, 2.00, 0.03, 0.00, 1.00, 52.28683, 0.00 
 
50.00, 49.50, 0.50, 53.292381, 2.00, 0.03, 0.00, 1.00, 52.29238, 0.00 
 
50.00, 49.50, 0.50, 53.297932, 2.00, 0.03, 0.00, 1.00, 52.29793, 0.00 
 
50.00, 49.50, 0.50, 53.303482, 2.00, 0.03, 0.00, 1.00, 52.30348, 0.00 
 
50.00, 49.50, 0.50, 53.309032, 2.00, 0.03, 0.00, 1.00, 52.30903, 0.00 
 
50.00, 49.50, 0.50, 53.314583, 2.00, 0.03, 0.00, 1.00, 52.31458, 0.00 
 
50.00, 49.50, 0.50, 53.320133, 2.00, 0.03, 0.00, 1.00, 52.32013, 0.00 
 
50.00, 49.50, 0.50, 53.325684, 2.00, 0.03, 0.00, 1.00, 52.32568, 0.00 
 
50.00, 49.50, 0.50, 53.331234, 2.00, 0.03, 0.00, 1.00, 52.33123, 0.00 
 
50.00, 49.50, 0.50, 53.336784, 2.00, 0.03, 0.00, 1.00, 52.33678, 0.00 
 
50.00, 49.50, 0.50, 53.342331, 2.00, 0.03, 0.00, 1.00, 52.34233, 0.00 
 
50.00, 49.50, 0.50, 53.347881, 2.00, 0.03, 0.00, 1.00, 52.34788, 0.00 
 
50.00, 49.50, 0.50, 53.353432, 2.00, 0.03, 0.00, 1.00, 52.35343, 0.00 
 
50.00, 49.50, 0.50, 53.358982, 2.00, 0.03, 0.00, 1.00, 52.35898, 0.00 
 
50.00, 49.50, 0.50, 53.364532, 2.00, 0.03, 0.00, 1.00, 52.36453, 0.00 
 
50.00, 49.50, 0.50, 53.370083, 2.00, 0.03, 0.00, 1.00, 52.37008, 0.00 
 
50.00, 49.50, 0.50, 53.375633, 2.00, 0.03, 0.00, 1.00, 52.37563, 0.00 
 
50.00, 49.50, 0.50, 53.381184, 2.00, 0.03, 0.00, 1.00, 52.38118, 0.00 
 
50.00, 49.50, 0.50, 53.386734, 2.00, 0.03, 0.00, 1.00, 52.38673, 0.00 
 
50.00, 49.50, 0.50, 53.392284, 2.00, 0.03, 0.00, 1.00, 52.39228, 0.00 
 
50.00, 49.50, 0.50, 53.397835, 2.00, 0.03, 0.00, 1.00, 52.39783, 0.00 
 
50.00, 49.50, 0.50, 53.403385, 2.00, 0.03, 0.00, 1.00, 52.40339, 0.00 
 
50.00, 49.50, 0.50, 53.408936, 2.00, 0.03, 0.00, 1.00, 52.40894, 0.00 
 
50.00, 49.50, 0.50, 53.414486, 2.00, 0.03, 0.00, 1.00, 52.41449, 0.00 
 
50.00, 49.50, 0.50, 53.420036, 2.00, 0.03, 0.00, 1.00, 52.42004, 0.00 
 
50.00, 49.50, 0.50, 53.425583, 2.00, 0.03, 0.00, 1.00, 52.42558, 0.00 
 
50.00, 49.50, 0.50, 53.431133, 2.00, 0.03, 0.00, 1.00, 52.43113, 0.00 
 
50.00, 49.50, 0.50, 53.436684, 2.00, 0.03, 0.00, 1.00, 52.43668, 0.00 
 
50.00, 49.50, 0.50, 53.442234, 2.00, 0.03, 0.00, 1.00, 52.44223, 0.00 
 
50.00, 49.50, 0.50, 53.447784, 2.00, 0.03, 0.00, 1.00, 52.44778, 0.00 
 
50.00, 49.50, 0.50, 53.453335, 2.00, 0.03, 0.00, 1.00, 52.45333, 0.00 
 
50.00, 49.50, 0.50, 53.458885, 2.00, 0.03, 0.00, 1.00, 52.45889, 0.00 
 
50.00, 49.50, 0.50, 53.464436, 2.00, 0.03, 0.00, 1.00, 52.46444, 0.00 
 
50.00, 49.50, 0.50, 53.469986, 2.00, 0.03, 0.00, 1.00, 52.46999, 0.00 
 
50.00, 49.50, 0.50, 53.475536, 2.00, 0.03, 0.00, 1.00, 52.47554, 0.00 
 
50.00, 49.50, 0.50, 53.481087, 2.00, 0.03, 0.00, 1.00, 52.48109, 0.00 
 
50.00, 49.50, 0.50, 53.486637, 2.00, 0.03, 0.00, 1.00, 52.48664, 0.00 
 
50.00, 49.50, 0.50, 53.492188, 2.00, 0.03, 0.00, 1.00, 52.49219, 0.00 
 
50.00, 49.50, 0.50, 53.497738, 2.00, 0.03, 0.00, 1.00, 52.49774, 0.00 
 
50.00, 49.00, 1.00, 54.508835, 2.00, 0.03, 0.00, 2.00, 52.50883, 0.00 
 
50.00, 50.00, 0.00, 52.508835, 2.00, 0.03, 0.00, 0.00, 52.50883, -0.00 
 
50.00, 50.50, -0.50, 51.503288, 2.00, 0.03, 0.00, -1.00, 52.50329, -0.00 
 
50.00, 49.50, 0.50, 53.508835, 2.00, 0.03, 0.00, 1.00, 52.50883, 0.00 
 
50.00, 49.50, 0.50, 53.514385, 2.00, 0.03, 0.00, 1.00, 52.51439, 0.00 
 
50.00, 49.50, 0.50, 53.519936, 2.00, 0.03, 0.00, 1.00, 52.51994, 0.00 
 
50.00, 49.50, 0.50, 53.525486, 2.00, 0.03, 0.00, 1.00, 52.52549, 0.00 
 
50.00, 49.50, 0.50, 53.531036, 2.00, 0.03, 0.00, 1.00, 52.53104, 0.00 
 
50.00, 49.50, 0.50, 53.536587, 2.00, 0.03, 0.00, 1.00, 52.53659, 0.00 
 
50.00, 49.50, 0.50, 53.542137, 2.00, 0.03, 0.00, 1.00, 52.54214, 0.00 
 
50.00, 49.50, 0.50, 53.547688, 2.00, 0.03, 0.00, 1.00, 52.54769, 0.00 
 
50.00, 49.00, 1.00, 54.558788, 2.00, 0.03, 0.00, 2.00, 52.55879, 0.00 
 
50.00, 50.50, -0.50, 51.553238, 2.00, 0.03, 0.00, -1.00, 52.55324, -0.00 
 
50.00, 49.50, 0.50, 53.558788, 2.00, 0.03, 0.00, 1.00, 52.55879, 0.00 
 
50.00, 49.50, 0.50, 53.564339, 2.00, 0.03, 0.00, 1.00, 52.56434, 0.00 
 
50.00, 49.50, 0.50, 53.569889, 2.00, 0.03, 0.00, 1.00, 52.56989, 0.00 
 
50.00, 49.50, 0.50, 53.575439, 2.00, 0.03, 0.00, 1.00, 52.57544, 0.00 
 
50.00, 49.00, 1.00, 54.586540, 2.00, 0.03, 0.00, 2.00, 52.58654, 0.00 
 
50.00, 50.50, -0.50, 51.580990, 2.00, 0.03, 0.00, -1.00, 52.58099, -0.00 
 
50.00, 49.00, 1.00, 54.592087, 2.00, 0.03, 0.00, 2.00, 52.59209, 0.00 
 
50.00, 50.50, -0.50, 51.586540, 2.00, 0.03, 0.00, -1.00, 52.58654, -0.00 
 
50.00, 49.00, 1.00, 54.597637, 2.00, 0.03, 0.00, 2.00, 52.59764, 0.00 
 
50.00, 50.00, 0.00, 52.597637, 2.00, 0.03, 0.00, 0.00, 52.59764, -0.00 
 
50.00, 50.50, -0.50, 51.592087, 2.00, 0.03, 0.00, -1.00, 52.59209, -0.00 
 
50.00, 49.50, 0.50, 53.597637, 2.00, 0.03, 0.00, 1.00, 52.59764, 0.00 
 
50.00, 49.50, 0.50, 53.603188, 2.00, 0.03, 0.00, 1.00, 52.60319, 0.00 
 
50.00, 49.50, 0.50, 53.608738, 2.00, 0.03, 0.00, 1.00, 52.60874, 0.00 
 
50.00, 49.00, 1.00, 54.619839, 2.00, 0.03, 0.00, 2.00, 52.61984, 0.00 
 
50.00, 50.00, 0.00, 52.619839, 2.00, 0.03, 0.00, 0.00, 52.61984, -0.00 
 
50.00, 50.00, 0.00, 52.619839, 2.00, 0.03, 0.00, 0.00, 52.61984, 0.00 
 
50.00, 50.50, -0.50, 51.614288, 2.00, 0.03, 0.00, -1.00, 52.61429, -0.00 
 
50.00, 49.50, 0.50, 53.619839, 2.00, 0.03, 0.00, 1.00, 52.61984, 0.00 
 
50.00, 49.00, 1.00, 54.630939, 2.00, 0.03, 0.00, 2.00, 52.63094, 0.00 
 
50.00, 50.00, 0.00, 52.630939, 2.00, 0.03, 0.00, 0.00, 52.63094, -0.00 
 
50.00, 50.50, -0.50, 51.625389, 2.00, 0.03, 0.00, -1.00, 52.62539, -0.00 
 
50.00, 49.00, 1.00, 54.636490, 2.00, 0.03, 0.00, 2.00, 52.63649, 0.00 
 
50.00, 50.00, 0.00, 52.636490, 2.00, 0.03, 0.00, 0.00, 52.63649, -0.00 
 
50.00, 50.00, 0.00, 52.636490, 2.00, 0.03, 0.00, 0.00, 52.63649, 0.00 
 
50.00, 50.00, 0.00, 52.636490, 2.00, 0.03, 0.00, 0.00, 52.63649, 0.00 
 
50.00, 50.00, 0.00, 52.636490, 2.00, 0.03, 0.00, 0.00, 52.63649, 0.00 
 
50.00, 50.00, 0.00, 52.636490, 2.00, 0.03, 0.00, 0.00, 52.63649, 0.00 
 
50.00, 50.00, 0.00, 52.636490, 2.00, 0.03, 0.00, 0.00, 52.63649, 0.00 
 
50.00, 50.00, 0.00, 52.636490, 2.00, 0.03, 0.00, 0.00, 52.63649, 0.00 
 
50.00, 50.00, 0.00, 52.636490, 2.00, 0.03, 0.00, 0.00, 52.63649, 0.00 
 
50.00, 50.00, 0.00, 52.636490, 2.00, 0.03, 0.00, 0.00, 52.63649, 0.00 
 
50.00, 50.00, 0.00, 52.636490, 2.00, 0.03, 0.00, 0.00, 52.63649, 0.00 
 
50.00, 50.00, 0.00, 52.636490, 2.00, 0.03, 0.00, 0.00, 52.63649, 0.00 
 
50.00, 50.00, 0.00, 52.636490, 2.00, 0.03, 0.00, 0.00, 52.63649, 0.00 
 
50.00, 50.00, 0.00, 52.636490, 2.00, 0.03, 0.00, 0.00, 52.63649, 0.00 
 
50.00, 50.00, 0.00, 52.636490, 2.00, 0.03, 0.00, 0.00, 52.63649, 0.00 
 
50.00, 50.00, 0.00, 52.636490, 2.00, 0.03, 0.00, 0.00, 52.63649, 0.00 
 
50.00, 50.00, 0.00, 52.636490, 2.00, 0.03, 0.00, 0.00, 52.63649, 0.00 
 
50.00, 50.00, 0.00, 52.636490, 2.00, 0.03, 0.00, 0.00, 52.63649, 0.00 
 
50.00, 50.00, 0.00, 52.636490, 2.00, 0.03, 0.00, 0.00, 52.63649, 0.00 
 
50.00, 50.00, 0.00, 52.636490, 2.00, 0.03, 0.00, 0.00, 52.63649, 0.00 
 
50.00, 50.00, 0.00, 52.636490, 2.00, 0.03, 0.00, 0.00, 52.63649, 0.00 
 
50.00, 50.00, 0.00, 52.636490, 2.00, 0.03, 0.00, 0.00, 52.63649, 0.00 
 
50.00, 50.00, 0.00, 52.636490, 2.00, 0.03, 0.00, 0.00, 52.63649, 0.00 
 
50.00, 50.00, 0.00, 52.636490, 2.00, 0.03, 0.00, 0.00, 52.63649, 0.00 
 
50.00, 50.00, 0.00, 52.636490, 2.00, 0.03, 0.00, 0.00, 52.63649, 0.00 
 
50.00, 50.00, 0.00, 52.636490, 2.00, 0.03, 0.00, 0.00, 52.63649, 0.00 
 
50.00, 50.00, 0.00, 52.636490, 2.00, 0.03, 0.00, 0.00, 52.63649, 0.00 
 
50.00, 50.00, 0.00, 52.636490, 2.00, 0.03, 0.00, 0.00, 52.63649, 0.00 
 
50.00, 50.00, 0.00, 52.636490, 2.00, 0.03, 0.00, 0.00, 52.63649, 0.00 
 
50.00, 50.00, 0.00, 52.636490, 2.00, 0.03, 0.00, 0.00, 52.63649, 0.00 
 
50.00, 50.00, 0.00, 52.636490, 2.00, 0.03, 0.00, 0.00, 52.63649, 0.00 
 
50.00, 50.00, 0.00, 52.636490, 2.00, 0.03, 0.00, 0.00, 52.63649, 0.00 
 
50.00, 50.00, 0.00, 52.636490, 2.00, 0.03, 0.00, 0.00, 52.63649, 0.00 
 
50.00, 50.00, 0.00, 52.636490, 2.00, 0.03, 0.00, 0.00, 52.63649, 0.00 
 
50.00, 50.00, 0.00, 52.636490, 2.00, 0.03, 0.00, 0.00, 52.63649, 0.00 
 
50.00, 50.00, 0.00, 52.636490, 2.00, 0.03, 0.00, 0.00, 52.63649, 0.00 
 
50.00, 50.00, 0.00, 52.636490, 2.00, 0.03, 0.00, 0.00, 52.63649, 0.00 
 
50.00, 50.00, 0.00, 52.636490, 2.00, 0.03, 0.00, 0.00, 52.63649, 0.00 
 
50.00, 50.00, 0.00, 52.636490, 2.00, 0.03, 0.00, 0.00, 52.63649, 0.00 
 
50.00, 50.00, 0.00, 52.636490, 2.00, 0.03, 0.00, 0.00, 52.63649, 0.00 
 
50.00, 50.00, 0.00, 52.636490, 2.00, 0.03, 0.00, 0.00, 52.63649, 0.00 
 
50.00, 50.00, 0.00, 52.636490, 2.00, 0.03, 0.00, 0.00, 52.63649, 0.00 
 
50.00, 50.00, 0.00, 52.636490, 2.00, 0.03, 0.00, 0.00, 52.63649, 0.00 
 
50.00, 50.00, 0.00, 52.636490, 2.00, 0.03, 0.00, 0.00, 52.63649, 0.00 
 
50.00, 50.00, 0.00, 52.636490, 2.00, 0.03, 0.00, 0.00, 52.63649, 0.00 
 
50.00, 50.00, 0.00, 52.636490, 2.00, 0.03, 0.00, 0.00, 52.63649, 0.00 
 
50.00, 50.00, 0.00, 52.636490, 2.00, 0.03, 0.00, 0.00, 52.63649, 0.00 
 
50.00, 50.00, 0.00, 52.636490, 2.00, 0.03, 0.00, 0.00, 52.63649, 0.00 
 
50.00, 50.00, 0.00, 52.636490, 2.00, 0.03, 0.00, 0.00, 52.63649, 0.00 
 
50.00, 50.00, 0.00, 52.636490, 2.00, 0.03, 0.00, 0.00, 52.63649, 0.00 
 
50.00, 50.00, 0.00, 52.636490, 2.00, 0.03, 0.00, 0.00, 52.63649, 0.00 
 
50.00, 50.00, 0.00, 52.636490, 2.00, 0.03, 0.00, 0.00, 52.63649, 0.00 
 
50.00, 50.00, 0.00, 52.636490, 2.00, 0.03, 0.00, 0.00, 52.63649, 0.00 
 
50.00, 50.00, 0.00, 52.636490, 2.00, 0.03, 0.00, 0.00, 52.63649, 0.00 
 
50.00, 50.00, 0.00, 52.636490, 2.00, 0.03, 0.00, 0.00, 52.63649, 0.00 
 
50.00, 50.00, 0.00, 52.636490, 2.00, 0.03, 0.00, 0.00, 52.63649, 0.00 
 
50.00, 50.00, 0.00, 52.636490, 2.00, 0.03, 0.00, 0.00, 52.63649, 0.00 
 
50.00, 50.00, 0.00, 52.636490, 2.00, 0.03, 0.00, 0.00, 52.63649, 0.00 
 
50.00, 50.00, 0.00, 52.636490, 2.00, 0.03, 0.00, 0.00, 52.63649, 0.00 
 
50.00, 50.50, -0.50, 51.630939, 2.00, 0.03, 0.00, -1.00, 52.63094, -0.00 
 
50.00, 50.00, 0.00, 52.630939, 2.00, 0.03, 0.00, 0.00, 52.63094, 0.00 
 
50.00, 50.00, 0.00, 52.630939, 2.00, 0.03, 0.00, 0.00, 52.63094, 0.00 
 
50.00, 50.00, 0.00, 52.630939, 2.00, 0.03, 0.00, 0.00, 52.63094, 0.00 
 
50.00, 50.00, 0.00, 52.630939, 2.00, 0.03, 0.00, 0.00, 52.63094, 0.00 
 
50.00, 50.50, -0.50, 51.625389, 2.00, 0.03, 0.00, -1.00, 52.62539, -0.00 
 
50.00, 50.50, -0.50, 51.619839, 2.00, 0.03, 0.00, -1.00, 52.61984, 0.00 
 
50.00, 50.00, 0.00, 52.619839, 2.00, 0.03, 0.00, 0.00, 52.61984, 0.00 
 
50.00, 50.50, -0.50, 51.614288, 2.00, 0.03, 0.00, -1.00, 52.61429, -0.00 
 
50.00, 50.00, 0.00, 52.614288, 2.00, 0.03, 0.00, 0.00, 52.61429, 0.00 
 
50.00, 50.00, 0.00, 52.614288, 2.00, 0.03, 0.00, 0.00, 52.61429, 0.00 
 
50.00, 50.00, 0.00, 52.614288, 2.00, 0.03, 0.00, 0.00, 52.61429, 0.00 
 
50.00, 50.50, -0.50, 51.608738, 2.00, 0.03, 0.00, -1.00, 52.60874, -0.00 
 
50.00, 50.00, 0.00, 52.608738, 2.00, 0.03, 0.00, 0.00, 52.60874, 0.00 
 
50.00, 50.50, -0.50, 51.603188, 2.00, 0.03, 0.00, -1.00, 52.60319, -0.00 
 
50.00, 50.00, 0.00, 52.603188, 2.00, 0.03, 0.00, 0.00, 52.60319, 0.00 
 
50.00, 50.50, -0.50, 51.597637, 2.00, 0.03, 0.00, -1.00, 52.59764, -0.00 
 
50.00, 50.50, -0.50, 51.592087, 2.00, 0.03, 0.00, -1.00, 52.59209, 0.00 
 
50.00, 50.00, 0.00, 52.592087, 2.00, 0.03, 0.00, 0.00, 52.59209, 0.00 
 
50.00, 50.00, 0.00, 52.592087, 2.00, 0.03, 0.00, 0.00, 52.59209, 0.00 
 
50.00, 50.50, -0.50, 51.586540, 2.00, 0.03, 0.00, -1.00, 52.58654, -0.00 
 
50.00, 50.00, 0.00, 52.586540, 2.00, 0.03, 0.00, 0.00, 52.58654, 0.00 
 
50.00, 50.50, -0.50, 51.580990, 2.00, 0.03, 0.00, -1.00, 52.58099, -0.00 
 
50.00, 50.50, -0.50, 51.575439, 2.00, 0.03, 0.00, -1.00, 52.57544, 0.00 
 
50.00, 50.50, -0.50, 51.569889, 2.00, 0.03, 0.00, -1.00, 52.56989, 0.00 
 
50.00, 50.50, -0.50, 51.564339, 2.00, 0.03, 0.00, -1.00, 52.56434, 0.00 
 
50.00, 50.50, -0.50, 51.558788, 2.00, 0.03, 0.00, -1.00, 52.55879, 0.00 
 
50.00, 50.50, -0.50, 51.553238, 2.00, 0.03, 0.00, -1.00, 52.55324, 0.00 
 
50.00, 50.50, -0.50, 51.547688, 2.00, 0.03, 0.00, -1.00, 52.54769, 0.00 
 
50.00, 50.50, -0.50, 51.542137, 2.00, 0.03, 0.00, -1.00, 52.54214, 0.00 
 
50.00, 50.50, -0.50, 51.536587, 2.00, 0.03, 0.00, -1.00, 52.53659, 0.00 
 
50.00, 50.50, -0.50, 51.531036, 2.00, 0.03, 0.00, -1.00, 52.53104, 0.00 
 
50.00, 50.50, -0.50, 51.525486, 2.00, 0.03, 0.00, -1.00, 52.52549, 0.00 
 
50.00, 50.50, -0.50, 51.519936, 2.00, 0.03, 0.00, -1.00, 52.51994, 0.00 
 
50.00, 50.50, -0.50, 51.514385, 2.00, 0.03, 0.00, -1.00, 52.51439, 0.00 
 
50.00, 50.00, 0.00, 52.514385, 2.00, 0.03, 0.00, 0.00, 52.51439, 0.00 
 
50.00, 50.50, -0.50, 51.508835, 2.00, 0.03, 0.00, -1.00, 52.50883, -0.00 
 
50.00, 50.50, -0.50, 51.503288, 2.00, 0.03, 0.00, -1.00, 52.50329, 0.00 
 
50.00, 50.50, -0.50, 51.497738, 2.00, 0.03, 0.00, -1.00, 52.49774, 0.00 
 
50.00, 50.00, 0.00, 52.497738, 2.00, 0.03, 0.00, 0.00, 52.49774, 0.00 
 
50.00, 50.50, -0.50, 51.492188, 2.00, 0.03, 0.00, -1.00, 52.49219, -0.00 
 
50.00, 50.50, -0.50, 51.486637, 2.00, 0.03, 0.00, -1.00, 52.48664, 0.00 
 
50.00, 50.50, -0.50, 51.481087, 2.00, 0.03, 0.00, -1.00, 52.48109, 0.00 
 
50.00, 50.50, -0.50, 51.475536, 2.00, 0.03, 0.00, -1.00, 52.47554, 0.00 
 
50.00, 50.00, 0.00, 52.475536, 2.00, 0.03, 0.00, 0.00, 52.47554, 0.00 
 
50.00, 50.50, -0.50, 51.469986, 2.00, 0.03, 0.00, -1.00, 52.46999, -0.00 
 
50.00, 50.00, 0.00, 52.469986, 2.00, 0.03, 0.00, 0.00, 52.46999, 0.00 
 
50.00, 50.00, 0.00, 52.469986, 2.00, 0.03, 0.00, 0.00, 52.46999, 0.00 
 
50.00, 50.50, -0.50, 51.464436, 2.00, 0.03, 0.00, -1.00, 52.46444, -0.00 
 
50.00, 50.50, -0.50, 51.458885, 2.00, 0.03, 0.00, -1.00, 52.45889, 0.00 
 
50.00, 50.50, -0.50, 51.453335, 2.00, 0.03, 0.00, -1.00, 52.45333, 0.00 
 
50.00, 50.50, -0.50, 51.447784, 2.00, 0.03, 0.00, -1.00, 52.44778, 0.00 
 
50.00, 50.50, -0.50, 51.442234, 2.00, 0.03, 0.00, -1.00, 52.44223, 0.00 
 
50.00, 50.50, -0.50, 51.436684, 2.00, 0.03, 0.00, -1.00, 52.43668, 0.00 
 
50.00, 50.50, -0.50, 51.431133, 2.00, 0.03, 0.00, -1.00, 52.43113, 0.00 
 
50.00, 50.50, -0.50, 51.425583, 2.00, 0.03, 0.00, -1.00, 52.42558, 0.00 
 
50.00, 50.50, -0.50, 51.420036, 2.00, 0.03, 0.00, -1.00, 52.42004, 0.00 
 
50.00, 50.50, -0.50, 51.414486, 2.00, 0.03, 0.00, -1.00, 52.41449, 0.00 
 
50.00, 50.50, -0.50, 51.408936, 2.00, 0.03, 0.00, -1.00, 52.40894, 0.00 
 
50.00, 50.50, -0.50, 51.403385, 2.00, 0.03, 0.00, -1.00, 52.40339, 0.00 
 
50.00, 50.50, -0.50, 51.397835, 2.00, 0.03, 0.00, -1.00, 52.39783, 0.00 
 
50.00, 50.50, -0.50, 51.392284, 2.00, 0.03, 0.00, -1.00, 52.39228, 0.00 
 
50.00, 50.50, -0.50, 51.386734, 2.00, 0.03, 0.00, -1.00, 52.38673, 0.00 
 
50.00, 50.50, -0.50, 51.381184, 2.00, 0.03, 0.00, -1.00, 52.38118, 0.00 
 
50.00, 50.50, -0.50, 51.375633, 2.00, 0.03, 0.00, -1.00, 52.37563, 0.00 
 
50.00, 50.50, -0.50, 51.370083, 2.00, 0.03, 0.00, -1.00, 52.37008, 0.00 
 
50.00, 50.50, -0.50, 51.364532, 2.00, 0.03, 0.00, -1.00, 52.36453, 0.00 
 
50.00, 50.50, -0.50, 51.358982, 2.00, 0.03, 0.00, -1.00, 52.35898, 0.00 
 
50.00, 50.50, -0.50, 51.353432, 2.00, 0.03, 0.00, -1.00, 52.35343, 0.00 
 
50.00, 50.50, -0.50, 51.347881, 2.00, 0.03, 0.00, -1.00, 52.34788, 0.00 
 
50.00, 50.50, -0.50, 51.342331, 2.00, 0.03, 0.00, -1.00, 52.34233, 0.00 
 
50.00, 50.50, -0.50, 51.336784, 2.00, 0.03, 0.00, -1.00, 52.33678, 0.00 
 
50.00, 50.50, -0.50, 51.331234, 2.00, 0.03, 0.00, -1.00, 52.33123, 0.00 
 
50.00, 50.50, -0.50, 51.325684, 2.00, 0.03, 0.00, -1.00, 52.32568, 0.00 
 
50.00, 50.50, -0.50, 51.320133, 2.00, 0.03, 0.00, -1.00, 52.32013, 0.00 
 
50.00, 50.50, -0.50, 51.314583, 2.00, 0.03, 0.00, -1.00, 52.31458, 0.00 
 
50.00, 50.50, -0.50, 51.309032, 2.00, 0.03, 0.00, -1.00, 52.30903, 0.00 
 
50.00, 50.50, -0.50, 51.303482, 2.00, 0.03, 0.00, -1.00, 52.30348, 0.00 
 
50.00, 50.50, -0.50, 51.297932, 2.00, 0.03, 0.00, -1.00, 52.29793, 0.00 
 
50.00, 50.50, -0.50, 51.292381, 2.00, 0.03, 0.00, -1.00, 52.29238, 0.00 
 
50.00, 50.50, -0.50, 51.286831, 2.00, 0.03, 0.00, -1.00, 52.28683, 0.00 
 
50.00, 50.50, -0.50, 51.281281, 2.00, 0.03, 0.00, -1.00, 52.28128, 0.00 
 
50.00, 50.50, -0.50, 51.275730, 2.00, 0.03, 0.00, -1.00, 52.27573, 0.00 
 
50.00, 50.50, -0.50, 51.270180, 2.00, 0.03, 0.00, -1.00, 52.27018, 0.00 
 
50.00, 50.50, -0.50, 51.264629, 2.00, 0.03, 0.00, -1.00, 52.26463, 0.00 
 
50.00, 50.50, -0.50, 51.259079, 2.00, 0.03, 0.00, -1.00, 52.25908, 0.00 
 
50.00, 50.50, -0.50, 51.253532, 2.00, 0.03, 0.00, -1.00, 52.25353, 0.00 
 
50.00, 50.50, -0.50, 51.247982, 2.00, 0.03, 0.00, -1.00, 52.24798, 0.00 
 
50.00, 50.50, -0.50, 51.242432, 2.00, 0.03, 0.00, -1.00, 52.24243, 0.00 
 
50.00, 50.50, -0.50, 51.236881, 2.00, 0.03, 0.00, -1.00, 52.23688, 0.00 
 
50.00, 50.50, -0.50, 51.231331, 2.00, 0.03, 0.00, -1.00, 52.23133, 0.00 
 
50.00, 50.50, -0.50, 51.225780, 2.00, 0.03, 0.00, -1.00, 52.22578, 0.00 
 
50.00, 50.50, -0.50, 51.220230, 2.00, 0.03, 0.00, -1.00, 52.22023, 0.00 
 
50.00, 50.50, -0.50, 51.214680, 2.00, 0.03, 0.00, -1.00, 52.21468, 0.00 
 
50.00, 50.50, -0.50, 51.209129, 2.00, 0.03, 0.00, -1.00, 52.20913, 0.00 
 
50.00, 50.50, -0.50, 51.203579, 2.00, 0.03, 0.00, -1.00, 52.20358, 0.00 
 
50.00, 50.50, -0.50, 51.198029, 2.00, 0.03, 0.00, -1.00, 52.19803, 0.00 
 
50.00, 50.50, -0.50, 51.192478, 2.00, 0.03, 0.00, -1.00, 52.19248, 0.00 
 
50.00, 50.50, -0.50, 51.186928, 2.00, 0.03, 0.00, -1.00, 52.18693, 0.00 
 
50.00, 50.50, -0.50, 51.181377, 2.00, 0.03, 0.00, -1.00, 52.18138, 0.00 
 
50.00, 50.50, -0.50, 51.175827, 2.00, 0.03, 0.00, -1.00, 52.17583, 0.00 
 
50.00, 50.50, -0.50, 51.170280, 2.00, 0.03, 0.00, -1.00, 52.17028, 0.00 
 
50.00, 50.50, -0.50, 51.164730, 2.00, 0.03, 0.00, -1.00, 52.16473, 0.00 
 
50.00, 50.50, -0.50, 51.159180, 2.00, 0.03, 0.00, -1.00, 52.15918, 0.00 
 
50.00, 50.50, -0.50, 51.153629, 2.00, 0.03, 0.00, -1.00, 52.15363, 0.00 
 
50.00, 50.50, -0.50, 51.148079, 2.00, 0.03, 0.00, -1.00, 52.14808, 0.00 
 
50.00, 50.50, -0.50, 51.142529, 2.00, 0.03, 0.00, -1.00, 52.14253, 0.00 
 
50.00, 50.50, -0.50, 51.136978, 2.00, 0.03, 0.00, -1.00, 52.13698, 0.00 
 
50.00, 50.50, -0.50, 51.131428, 2.00, 0.03, 0.00, -1.00, 52.13143, 0.00 
 
50.00, 50.50, -0.50, 51.125877, 2.00, 0.03, 0.00, -1.00, 52.12588, 0.00 
 
50.00, 50.50, -0.50, 51.120327, 2.00, 0.03, 0.00, -1.00, 52.12033, 0.00 
 
50.00, 50.50, -0.50, 51.114777, 2.00, 0.03, 0.00, -1.00, 52.11478, 0.00 
 
50.00, 50.50, -0.50, 51.109226, 2.00, 0.03, 0.00, -1.00, 52.10923, 0.00 
 
50.00, 50.50, -0.50, 51.103676, 2.00, 0.03, 0.00, -1.00, 52.10368, 0.00 
 
50.00, 50.50, -0.50, 51.098125, 2.00, 0.03, 0.00, -1.00, 52.09813, 0.00 
 
50.00, 50.50, -0.50, 51.092575, 2.00, 0.03, 0.00, -1.00, 52.09258, 0.00 
 
50.00, 50.50, -0.50, 51.087029, 2.00, 0.03, 0.00, -1.00, 52.08703, 0.00 
 
50.00, 50.50, -0.50, 51.081478, 2.00, 0.03, 0.00, -1.00, 52.08148, 0.00 
 
50.00, 50.50, -0.50, 51.075928, 2.00, 0.03, 0.00, -1.00, 52.07593, 0.00 
 
50.00, 50.50, -0.50, 51.070377, 2.00, 0.03, 0.00, -1.00, 52.07038, 0.00 
 
50.00, 50.50, -0.50, 51.064827, 2.00, 0.03, 0.00, -1.00, 52.06483, 0.00 
 
50.00, 50.50, -0.50, 51.059277, 2.00, 0.03, 0.00, -1.00, 52.05928, 0.00 
 
50.00, 50.50, -0.50, 51.053726, 2.00, 0.03, 0.00, -1.00, 52.05373, 0.00 
 
50.00, 50.50, -0.50, 51.048176, 2.00, 0.03, 0.00, -1.00, 52.04818, 0.00 
 
50.00, 50.50, -0.50, 51.042625, 2.00, 0.03, 0.00, -1.00, 52.04263, 0.00 
 
50.00, 50.50, -0.50, 51.037075, 2.00, 0.03, 0.00, -1.00, 52.03708, 0.00 
 
50.00, 50.50, -0.50, 51.031525, 2.00, 0.03, 0.00, -1.00, 52.03152, 0.00 
 
50.00, 50.50, -0.50, 51.025974, 2.00, 0.03, 0.00, -1.00, 52.02597, 0.00 
 
50.00, 50.50, -0.50, 51.020424, 2.00, 0.03, 0.00, -1.00, 52.02042, 0.00 
 
50.00, 50.50, -0.50, 51.014874, 2.00, 0.03, 0.00, -1.00, 52.01487, 0.00 
 
50.00, 50.50, -0.50, 51.009323, 2.00, 0.03, 0.00, -1.00, 52.00932, 0.00 
 
50.00, 50.50, -0.50, 51.003777, 2.00, 0.03, 0.00, -1.00, 52.00378, 0.00 
 
50.00, 50.50, -0.50, 50.998226, 2.00, 0.03, 0.00, -1.00, 51.99823, 0.00 
 
50.00, 50.50, -0.50, 50.992676, 2.00, 0.03, 0.00, -1.00, 51.99268, 0.00 
 
50.00, 50.50, -0.50, 50.987125, 2.00, 0.03, 0.00, -1.00, 51.98713, 0.00 
 
50.00, 50.50, -0.50, 50.981575, 2.00, 0.03, 0.00, -1.00, 51.98158, 0.00 
 
50.00, 50.50, -0.50, 50.976025, 2.00, 0.03, 0.00, -1.00, 51.97602, 0.00 
 
50.00, 50.50, -0.50, 50.970474, 2.00, 0.03, 0.00, -1.00, 51.97047, 0.00 
 
50.00, 50.50, -0.50, 50.964924, 2.00, 0.03, 0.00, -1.00, 51.96492, 0.00 
 
50.00, 50.50, -0.50, 50.959373, 2.00, 0.03, 0.00, -1.00, 51.95937, 0.00 
 
50.00, 50.50, -0.50, 50.953823, 2.00, 0.03, 0.00, -1.00, 51.95382, 0.00 
 
50.00, 50.50, -0.50, 50.948273, 2.00, 0.03, 0.00, -1.00, 51.94827, 0.00 
 
50.00, 50.50, -0.50, 50.942722, 2.00, 0.03, 0.00, -1.00, 51.94272, 0.00 
 
50.00, 50.50, -0.50, 50.937172, 2.00, 0.03, 0.00, -1.00, 51.93717, 0.00 
 
50.00, 50.50, -0.50, 50.931622, 2.00, 0.03, 0.00, -1.00, 51.93162, 0.00 
 
50.00, 50.50, -0.50, 50.926071, 2.00, 0.03, 0.00, -1.00, 51.92607, 0.00 
 
50.00, 50.50, -0.50, 50.920525, 2.00, 0.03, 0.00, -1.00, 51.92052, 0.00 
 
50.00, 50.50, -0.50, 50.914974, 2.00, 0.03, 0.00, -1.00, 51.91497, 0.00 
 
50.00, 50.50, -0.50, 50.909424, 2.00, 0.03, 0.00, -1.00, 51.90942, 0.00 
 
50.00, 50.50, -0.50, 50.903873, 2.00, 0.03, 0.00, -1.00, 51.90387, 0.00 
 
50.00, 50.50, -0.50, 50.898323, 2.00, 0.03, 0.00, -1.00, 51.89832, 0.00 
 
50.00, 50.50, -0.50, 50.892773, 2.00, 0.03, 0.00, -1.00, 51.89277, 0.00 
 
50.00, 50.50, -0.50, 50.887222, 2.00, 0.03, 0.00, -1.00, 51.88722, 0.00 
 
50.00, 50.50, -0.50, 50.881672, 2.00, 0.03, 0.00, -1.00, 51.88167, 0.00 
 
50.00, 50.50, -0.50, 50.876122, 2.00, 0.03, 0.00, -1.00, 51.87612, 0.00 
 
50.00, 50.50, -0.50, 50.870571, 2.00, 0.03, 0.00, -1.00, 51.87057, 0.00 
 
50.00, 50.50, -0.50, 50.865021, 2.00, 0.03, 0.00, -1.00, 51.86502, 0.00 
 
50.00, 50.50, -0.50, 50.859470, 2.00, 0.03, 0.00, -1.00, 51.85947, 0.00 
 
50.00, 50.50, -0.50, 50.853920, 2.00, 0.03, 0.00, -1.00, 51.85392, 0.00 
 
50.00, 50.50, -0.50, 50.848370, 2.00, 0.03, 0.00, -1.00, 51.84837, 0.00 
 
50.00, 50.50, -0.50, 50.842819, 2.00, 0.03, 0.00, -1.00, 51.84282, 0.00 
 
50.00, 50.50, -0.50, 50.837273, 2.00, 0.03, 0.00, -1.00, 51.83727, 0.00 
 
50.00, 50.50, -0.50, 50.831722, 2.00, 0.03, 0.00, -1.00, 51.83172, 0.00 
 
50.00, 50.50, -0.50, 50.826172, 2.00, 0.03, 0.00, -1.00, 51.82617, 0.00 
 
50.00, 50.50, -0.50, 50.820621, 2.00, 0.03, 0.00, -1.00, 51.82062, 0.00 
 
50.00, 50.50, -0.50, 50.815071, 2.00, 0.03, 0.00, -1.00, 51.81507, 0.00 
 
50.00, 50.50, -0.50, 50.809521, 2.00, 0.03, 0.00, -1.00, 51.80952, 0.00 
 
50.00, 50.50, -0.50, 50.803970, 2.00, 0.03, 0.00, -1.00, 51.80397, 0.00 
 
50.00, 50.50, -0.50, 50.798420, 2.00, 0.03, 0.00, -1.00, 51.79842, 0.00 
 
50.00, 50.50, -0.50, 50.792870, 2.00, 0.03, 0.00, -1.00, 51.79287, 0.00 
 
50.00, 50.50, -0.50, 50.787319, 2.00, 0.03, 0.00, -1.00, 51.78732, 0.00 
 
50.00, 50.50, -0.50, 50.781769, 2.00, 0.03, 0.00, -1.00, 51.78177, 0.00 
 
50.00, 50.50, -0.50, 50.776218, 2.00, 0.03, 0.00, -1.00, 51.77622, 0.00 
 
50.00, 50.50, -0.50, 50.770668, 2.00, 0.03, 0.00, -1.00, 51.77067, 0.00 
 
50.00, 50.50, -0.50, 50.765118, 2.00, 0.03, 0.00, -1.00, 51.76512, 0.00 
 
50.00, 50.50, -0.50, 50.759567, 2.00, 0.03, 0.00, -1.00, 51.75957, 0.00 
 
50.00, 50.50, -0.50, 50.754021, 2.00, 0.03, 0.00, -1.00, 51.75402, 0.00 
 
50.00, 50.50, -0.50, 50.748470, 2.00, 0.03, 0.00, -1.00, 51.74847, 0.00 
 
50.00, 50.50, -0.50, 50.742920, 2.00, 0.03, 0.00, -1.00, 51.74292, 0.00 
 
50.00, 50.50, -0.50, 50.737370, 2.00, 0.03, 0.00, -1.00, 51.73737, 0.00 
 
50.00, 50.50, -0.50, 50.731819, 2.00, 0.03, 0.00, -1.00, 51.73182, 0.00 
 
50.00, 50.50, -0.50, 50.726269, 2.00, 0.03, 0.00, -1.00, 51.72627, 0.00 
 
50.00, 50.50, -0.50, 50.720718, 2.00, 0.03, 0.00, -1.00, 51.72072, 0.00 
 
50.00, 50.50, -0.50, 50.715168, 2.00, 0.03, 0.00, -1.00, 51.71517, 0.00 
 
50.00, 50.50, -0.50, 50.709618, 2.00, 0.03, 0.00, -1.00, 51.70962, 0.00 
 
50.00, 50.50, -0.50, 50.704067, 2.00, 0.03, 0.00, -1.00, 51.70407, 0.00 
 
50.00, 50.50, -0.50, 50.698517, 2.00, 0.03, 0.00, -1.00, 51.69852, 0.00 
 
50.00, 50.50, -0.50, 50.692966, 2.00, 0.03, 0.00, -1.00, 51.69297, 0.00 
 
50.00, 50.50, -0.50, 50.687416, 2.00, 0.03, 0.00, -1.00, 51.68742, 0.00 
 
50.00, 50.50, -0.50, 50.681866, 2.00, 0.03, 0.00, -1.00, 51.68187, 0.00 
 
50.00, 50.50, -0.50, 50.676315, 2.00, 0.03, 0.00, -1.00, 51.67632, 0.00 
 
50.00, 50.50, -0.50, 50.670769, 2.00, 0.03, 0.00, -1.00, 51.67077, 0.00 
 
50.00, 50.50, -0.50, 50.665218, 2.00, 0.03, 0.00, -1.00, 51.66522, 0.00 
 
50.00, 50.50, -0.50, 50.659668, 2.00, 0.03, 0.00, -1.00, 51.65967, 0.00 
 
50.00, 50.50, -0.50, 50.654118, 2.00, 0.03, 0.00, -1.00, 51.65412, 0.00 
 
50.00, 50.50, -0.50, 50.648567, 2.00, 0.03, 0.00, -1.00, 51.64857, 0.00 
 
50.00, 50.50, -0.50, 50.643017, 2.00, 0.03, 0.00, -1.00, 51.64302, 0.00 
 
50.00, 50.50, -0.50, 50.637466, 2.00, 0.03, 0.00, -1.00, 51.63747, 0.00 
 
50.00, 50.50, -0.50, 50.631916, 2.00, 0.03, 0.00, -1.00, 51.63192, 0.00 
 
50.00, 50.50, -0.50, 50.626366, 2.00, 0.03, 0.00, -1.00, 51.62637, 0.00 
 
50.00, 50.50, -0.50, 50.620815, 2.00, 0.03, 0.00, -1.00, 51.62082, 0.00 
 
50.00, 50.50, -0.50, 50.615265, 2.00, 0.03, 0.00, -1.00, 51.61526, 0.00 
 
50.00, 50.50, -0.50, 50.609715, 2.00, 0.03, 0.00, -1.00, 51.60971, 0.00 
 
50.00, 50.50, -0.50, 50.604164, 2.00, 0.03, 0.00, -1.00, 51.60416, 0.00 
 
50.00, 50.50, -0.50, 50.598614, 2.00, 0.03, 0.00, -1.00, 51.59861, 0.00 
 
50.00, 50.50, -0.50, 50.593063, 2.00, 0.03, 0.00, -1.00, 51.59306, 0.00 
 
50.00, 50.50, -0.50, 50.587517, 2.00, 0.03, 0.00, -1.00, 51.58752, 0.00 
 
50.00, 50.50, -0.50, 50.581966, 2.00, 0.03, 0.00, -1.00, 51.58197, 0.00 
 
50.00, 50.50, -0.50, 50.576416, 2.00, 0.03, 0.00, -1.00, 51.57642, 0.00 
 
50.00, 50.50, -0.50, 50.570866, 2.00, 0.03, 0.00, -1.00, 51.57087, 0.00 
 
50.00, 50.50, -0.50, 50.565315, 2.00, 0.03, 0.00, -1.00, 51.56532, 0.00 
 
50.00, 50.50, -0.50, 50.559765, 2.00, 0.03, 0.00, -1.00, 51.55976, 0.00 
 
50.00, 50.50, -0.50, 50.554214, 2.00, 0.03, 0.00, -1.00, 51.55421, 0.00 
 
50.00, 50.50, -0.50, 50.548664, 2.00, 0.03, 0.00, -1.00, 51.54866, 0.00 
 
50.00, 50.50, -0.50, 50.543114, 2.00, 0.03, 0.00, -1.00, 51.54311, 0.00 
 
50.00, 50.50, -0.50, 50.537563, 2.00, 0.03, 0.00, -1.00, 51.53756, 0.00 
 
50.00, 50.50, -0.50, 50.532013, 2.00, 0.03, 0.00, -1.00, 51.53201, 0.00 
 
50.00, 50.50, -0.50, 50.526463, 2.00, 0.03, 0.00, -1.00, 51.52646, 0.00 
 
50.00, 50.50, -0.50, 50.520912, 2.00, 0.03, 0.00, -1.00, 51.52091, 0.00 
 
50.00, 50.50, -0.50, 50.515362, 2.00, 0.03, 0.00, -1.00, 51.51536, 0.00 
 
50.00, 50.50, -0.50, 50.509811, 2.00, 0.03, 0.00, -1.00, 51.50981, 0.00 
 
50.00, 50.50, -0.50, 50.504265, 2.00, 0.03, 0.00, -1.00, 51.50426, 0.00 
 
50.00, 50.50, -0.50, 50.498714, 2.00, 0.03, 0.00, -1.00, 51.49871, 0.00 
 
50.00, 50.50, -0.50, 50.493164, 2.00, 0.03, 0.00, -1.00, 51.49316, 0.00 
 
50.00, 50.50, -0.50, 50.487614, 2.00, 0.03, 0.00, -1.00, 51.48761, 0.00 
 
50.00, 50.50, -0.50, 50.482063, 2.00, 0.03, 0.00, -1.00, 51.48206, 0.00 
 
50.00, 50.50, -0.50, 50.476513, 2.00, 0.03, 0.00, -1.00, 51.47651, 0.00 
 
50.00, 50.50, -0.50, 50.470963, 2.00, 0.03, 0.00, -1.00, 51.47096, 0.00 
 
50.00, 50.50, -0.50, 50.465412, 2.00, 0.03, 0.00, -1.00, 51.46541, 0.00 
 
50.00, 50.50, -0.50, 50.459862, 2.00, 0.03, 0.00, -1.00, 51.45986, 0.00 
 
50.00, 50.50, -0.50, 50.454311, 2.00, 0.03, 0.00, -1.00, 51.45431, 0.00 
 
50.00, 50.50, -0.50, 50.448761, 2.00, 0.03, 0.00, -1.00, 51.44876, 0.00 
 
50.00, 50.50, -0.50, 50.443211, 2.00, 0.03, 0.00, -1.00, 51.44321, 0.00 
 
50.00, 50.50, -0.50, 50.437660, 2.00, 0.03, 0.00, -1.00, 51.43766, 0.00 
 
50.00, 50.50, -0.50, 50.432110, 2.00, 0.03, 0.00, -1.00, 51.43211, 0.00 
 
50.00, 50.50, -0.50, 50.426559, 2.00, 0.03, 0.00, -1.00, 51.42656, 0.00 
 
50.00, 50.50, -0.50, 50.421013, 2.00, 0.03, 0.00, -1.00, 51.42101, 0.00 
 
50.00, 50.50, -0.50, 50.415462, 2.00, 0.03, 0.00, -1.00, 51.41546, 0.00 
 
50.00, 50.50, -0.50, 50.409912, 2.00, 0.03, 0.00, -1.00, 51.40991, 0.00 
 
50.00, 50.50, -0.50, 50.404362, 2.00, 0.03, 0.00, -1.00, 51.40436, 0.00 
 
50.00, 50.50, -0.50, 50.398811, 2.00, 0.03, 0.00, -1.00, 51.39881, 0.00 
 
50.00, 50.50, -0.50, 50.393261, 2.00, 0.03, 0.00, -1.00, 51.39326, 0.00 
 
50.00, 50.50, -0.50, 50.387711, 2.00, 0.03, 0.00, -1.00, 51.38771, 0.00 
 
50.00, 50.50, -0.50, 50.382160, 2.00, 0.03, 0.00, -1.00, 51.38216, 0.00 
 
50.00, 50.50, -0.50, 50.376610, 2.00, 0.03, 0.00, -1.00, 51.37661, 0.00 
 
50.00, 50.50, -0.50, 50.371059, 2.00, 0.03, 0.00, -1.00, 51.37106, 0.00 
 
50.00, 50.50, -0.50, 50.365509, 2.00, 0.03, 0.00, -1.00, 51.36551, 0.00 
 
50.00, 50.50, -0.50, 50.359959, 2.00, 0.03, 0.00, -1.00, 51.35996, 0.00 
 
50.00, 50.50, -0.50, 50.354408, 2.00, 0.03, 0.00, -1.00, 51.35441, 0.00 
 
50.00, 50.50, -0.50, 50.348858, 2.00, 0.03, 0.00, -1.00, 51.34886, 0.00 
 
50.00, 50.50, -0.50, 50.343307, 2.00, 0.03, 0.00, -1.00, 51.34331, 0.00 
 
50.00, 50.50, -0.50, 50.337761, 2.00, 0.03, 0.00, -1.00, 51.33776, 0.00 
 
50.00, 50.50, -0.50, 50.332211, 2.00, 0.03, 0.00, -1.00, 51.33221, 0.00 
 
50.00, 50.50, -0.50, 50.326660, 2.00, 0.03, 0.00, -1.00, 51.32666, 0.00 
 
50.00, 50.50, -0.50, 50.321110, 2.00, 0.03, 0.00, -1.00, 51.32111, 0.00 
 
50.00, 50.50, -0.50, 50.315559, 2.00, 0.03, 0.00, -1.00, 51.31556, 0.00 
 
50.00, 50.50, -0.50, 50.310009, 2.00, 0.03, 0.00, -1.00, 51.31001, 0.00 
 
50.00, 50.50, -0.50, 50.304459, 2.00, 0.03, 0.00, -1.00, 51.30446, 0.00 
 
50.00, 50.50, -0.50, 50.298908, 2.00, 0.03, 0.00, -1.00, 51.29891, 0.00 
 
50.00, 50.50, -0.50, 50.293358, 2.00, 0.03, 0.00, -1.00, 51.29336, 0.00 
 
50.00, 50.50, -0.50, 50.287807, 2.00, 0.03, 0.00, -1.00, 51.28781, 0.00 
 
50.00, 50.50, -0.50, 50.282257, 2.00, 0.03, 0.00, -1.00, 51.28226, 0.00 
 
50.00, 50.50, -0.50, 50.276707, 2.00, 0.03, 0.00, -1.00, 51.27671, 0.00 
 
50.00, 50.50, -0.50, 50.271156, 2.00, 0.03, 0.00, -1.00, 51.27116, 0.00 
 
50.00, 50.50, -0.50, 50.265606, 2.00, 0.03, 0.00, -1.00, 51.26561, 0.00 
 
50.00, 50.50, -0.50, 50.260056, 2.00, 0.03, 0.00, -1.00, 51.26006, 0.00 
 
50.00, 50.50, -0.50, 50.254509, 2.00, 0.03, 0.00, -1.00, 51.25451, 0.00 
 
50.00, 50.50, -0.50, 50.248959, 2.00, 0.03, 0.00, -1.00, 51.24896, 0.00 
 
50.00, 50.50, -0.50, 50.243408, 2.00, 0.03, 0.00, -1.00, 51.24341, 0.00 
 
50.00, 50.50, -0.50, 50.237858, 2.00, 0.03, 0.00, -1.00, 51.23786, 0.00 
 
50.00, 50.50, -0.50, 50.232307, 2.00, 0.03, 0.00, -1.00, 51.23231, 0.00 
 
50.00, 50.50, -0.50, 50.226757, 2.00, 0.03, 0.00, -1.00, 51.22676, 0.00 
 
50.00, 50.50, -0.50, 50.221207, 2.00, 0.03, 0.00, -1.00, 51.22121, 0.00 
 
50.00, 50.50, -0.50, 50.215656, 2.00, 0.03, 0.00, -1.00, 51.21566, 0.00 
 
50.00, 50.50, -0.50, 50.210106, 2.00, 0.03, 0.00, -1.00, 51.21011, 0.00 
 
50.00, 50.50, -0.50, 50.204556, 2.00, 0.03, 0.00, -1.00, 51.20456, 0.00 
 
50.00, 50.50, -0.50, 50.199005, 2.00, 0.03, 0.00, -1.00, 51.19901, 0.00 
 
50.00, 50.50, -0.50, 50.193455, 2.00, 0.03, 0.00, -1.00, 51.19345, 0.00 
 
50.00, 50.50, -0.50, 50.187904, 2.00, 0.03, 0.00, -1.00, 51.18790, 0.00 
 
50.00, 50.50, -0.50, 50.182354, 2.00, 0.03, 0.00, -1.00, 51.18235, 0.00 
 
50.00, 50.50, -0.50, 50.176804, 2.00, 0.03, 0.00, -1.00, 51.17680, 0.00 
 
50.00, 50.50, -0.50, 50.171253, 2.00, 0.03, 0.00, -1.00, 51.17125, 0.00 
 
50.00, 50.50, -0.50, 50.165707, 2.00, 0.03, 0.00, -1.00, 51.16571, 0.00 
 
50.00, 50.50, -0.50, 50.160156, 2.00, 0.03, 0.00, -1.00, 51.16016, 0.00 
 
50.00, 50.50, -0.50, 50.154606, 2.00, 0.03, 0.00, -1.00, 51.15461, 0.00 
 
50.00, 50.50, -0.50, 50.149055, 2.00, 0.03, 0.00, -1.00, 51.14906, 0.00 
 
50.00, 50.50, -0.50, 50.143505, 2.00, 0.03, 0.00, -1.00, 51.14351, 0.00 
 
50.00, 50.50, -0.50, 50.137955, 2.00, 0.03, 0.00, -1.00, 51.13795, 0.00 
 
50.00, 50.50, -0.50, 50.132404, 2.00, 0.03, 0.00, -1.00, 51.13240, 0.00 
 
50.00, 50.50, -0.50, 50.126854, 2.00, 0.03, 0.00, -1.00, 51.12685, 0.00 
 
50.00, 50.50, -0.50, 50.121304, 2.00, 0.03, 0.00, -1.00, 51.12130, 0.00 
 
50.00, 50.50, -0.50, 50.115753, 2.00, 0.03, 0.00, -1.00, 51.11575, 0.00 
 
50.00, 50.50, -0.50, 50.110203, 2.00, 0.03, 0.00, -1.00, 51.11020, 0.00 
 
50.00, 50.50, -0.50, 50.104652, 2.00, 0.03, 0.00, -1.00, 51.10465, 0.00 
 
50.00, 50.50, -0.50, 50.099102, 2.00, 0.03, 0.00, -1.00, 51.09910, 0.00 
 
50.00, 50.50, -0.50, 50.093552, 2.00, 0.03, 0.00, -1.00, 51.09355, 0.00 
 
50.00, 50.50, -0.50, 50.088001, 2.00, 0.03, 0.00, -1.00, 51.08800, 0.00 
 
50.00, 50.50, -0.50, 50.082455, 2.00, 0.03, 0.00, -1.00, 51.08245, 0.00 
 
50.00, 50.50, -0.50, 50.076904, 2.00, 0.03, 0.00, -1.00, 51.07690, 0.00 
 
50.00, 50.50, -0.50, 50.071354, 2.00, 0.03, 0.00, -1.00, 51.07135, 0.00 
 
50.00, 50.50, -0.50, 50.065804, 2.00, 0.03, 0.00, -1.00, 51.06580, 0.00 
 
50.00, 50.50, -0.50, 50.060253, 2.00, 0.03, 0.00, -1.00, 51.06025, 0.00 
 
50.00, 50.50, -0.50, 50.054703, 2.00, 0.03, 0.00, -1.00, 51.05470, 0.00 
 
50.00, 50.50, -0.50, 50.049152, 2.00, 0.03, 0.00, -1.00, 51.04915, 0.00 
 
50.00, 50.50, -0.50, 50.043602, 2.00, 0.03, 0.00, -1.00, 51.04360, 0.00 
 
50.00, 50.50, -0.50, 50.038052, 2.00, 0.03, 0.00, -1.00, 51.03805, 0.00 
 
50.00, 50.50, -0.50, 50.032501, 2.00, 0.03, 0.00, -1.00, 51.03250, 0.00 
 
50.00, 50.50, -0.50, 50.026951, 2.00, 0.03, 0.00, -1.00, 51.02695, 0.00 
 
50.00, 50.50, -0.50, 50.021400, 2.00, 0.03, 0.00, -1.00, 51.02140, 0.00 
 
50.00, 50.50, -0.50, 50.015850, 2.00, 0.03, 0.00, -1.00, 51.01585, 0.00 
 
50.00, 50.50, -0.50, 50.010300, 2.00, 0.03, 0.00, -1.00, 51.01030, 0.00 
 
50.00, 50.50, -0.50, 50.004749, 2.00, 0.03, 0.00, -1.00, 51.00475, 0.00 
 
50.00, 50.50, -0.50, 49.999203, 2.00, 0.03, 0.00, -1.00, 50.99920, 0.00 
 
50.00, 50.50, -0.50, 49.993652, 2.00, 0.03, 0.00, -1.00, 50.99365, 0.00 
 
50.00, 50.50, -0.50, 49.988102, 2.00, 0.03, 0.00, -1.00, 50.98810, 0.00 
 
50.00, 50.50, -0.50, 49.982552, 2.00, 0.03, 0.00, -1.00, 50.98255, 0.00 
 
50.00, 50.50, -0.50, 49.977001, 2.00, 0.03, 0.00, -1.00, 50.97700, 0.00 
 
50.00, 50.50, -0.50, 49.971451, 2.00, 0.03, 0.00, -1.00, 50.97145, 0.00 
 
50.00, 50.50, -0.50, 49.965900, 2.00, 0.03, 0.00, -1.00, 50.96590, 0.00 
 
50.00, 50.50, -0.50, 49.960350, 2.00, 0.03, 0.00, -1.00, 50.96035, 0.00 
 
50.00, 50.50, -0.50, 49.954800, 2.00, 0.03, 0.00, -1.00, 50.95480, 0.00 
 
50.00, 50.50, -0.50, 49.949249, 2.00, 0.03, 0.00, -1.00, 50.94925, 0.00 
 
50.00, 50.50, -0.50, 49.943699, 2.00, 0.03, 0.00, -1.00, 50.94370, 0.00 
 
50.00, 50.50, -0.50, 49.938148, 2.00, 0.03, 0.00, -1.00, 50.93815, 0.00 
 
50.00, 50.50, -0.50, 49.932598, 2.00, 0.03, 0.00, -1.00, 50.93260, 0.00 
 
50.00, 50.50, -0.50, 49.927048, 2.00, 0.03, 0.00, -1.00, 50.92705, 0.00 
 
50.00, 50.50, -0.50, 49.921497, 2.00, 0.03, 0.00, -1.00, 50.92150, 0.00 
 
50.00, 50.50, -0.50, 49.915951, 2.00, 0.03, 0.00, -1.00, 50.91595, 0.00 
 
50.00, 50.50, -0.50, 49.910400, 2.00, 0.03, 0.00, -1.00, 50.91040, 0.00 
 
50.00, 50.50, -0.50, 49.904850, 2.00, 0.03, 0.00, -1.00, 50.90485, 0.00 
 
50.00, 50.50, -0.50, 49.899300, 2.00, 0.03, 0.00, -1.00, 50.89930, 0.00 
 
50.00, 50.50, -0.50, 49.893749, 2.00, 0.03, 0.00, -1.00, 50.89375, 0.00 
 
50.00, 50.50, -0.50, 49.888199, 2.00, 0.03, 0.00, -1.00, 50.88820, 0.00 
 
50.00, 50.50, -0.50, 49.882648, 2.00, 0.03, 0.00, -1.00, 50.88265, 0.00 
 
50.00, 50.50, -0.50, 49.877098, 2.00, 0.03, 0.00, -1.00, 50.87710, 0.00 
 
50.00, 50.50, -0.50, 49.871548, 2.00, 0.03, 0.00, -1.00, 50.87155, 0.00 
 
50.00, 50.50, -0.50, 49.865997, 2.00, 0.03, 0.00, -1.00, 50.86600, 0.00 
 
50.00, 50.50, -0.50, 49.860447, 2.00, 0.03, 0.00, -1.00, 50.86045, 0.00 
 
50.00, 50.50, -0.50, 49.854897, 2.00, 0.03, 0.00, -1.00, 50.85490, 0.00 
 
50.00, 50.50, -0.50, 49.849346, 2.00, 0.03, 0.00, -1.00, 50.84935, 0.00 
 
50.00, 50.50, -0.50, 49.843796, 2.00, 0.03, 0.00, -1.00, 50.84380, 0.00 
 
50.00, 50.50, -0.50, 49.838245, 2.00, 0.03, 0.00, -1.00, 50.83825, 0.00 
 
50.00, 50.50, -0.50, 49.832699, 2.00, 0.03, 0.00, -1.00, 50.83270, 0.00 
 
50.00, 50.50, -0.50, 49.827148, 2.00, 0.03, 0.00, -1.00, 50.82715, 0.00 
 
50.00, 50.50, -0.50, 49.821598, 2.00, 0.03, 0.00, -1.00, 50.82160, 0.00 
 
50.00, 50.50, -0.50, 49.816048, 2.00, 0.03, 0.00, -1.00, 50.81605, 0.00 
 
50.00, 50.50, -0.50, 49.810497, 2.00, 0.03, 0.00, -1.00, 50.81050, 0.00 
 
50.00, 50.50, -0.50, 49.804947, 2.00, 0.03, 0.00, -1.00, 50.80495, 0.00 
 
50.00, 50.50, -0.50, 49.799397, 2.00, 0.03, 0.00, -1.00, 50.79940, 0.00 
 
50.00, 50.50, -0.50, 49.793846, 2.00, 0.03, 0.00, -1.00, 50.79385, 0.00 
 
50.00, 50.50, -0.50, 49.788296, 2.00, 0.03, 0.00, -1.00, 50.78830, 0.00 
 
50.00, 50.50, -0.50, 49.782745, 2.00, 0.03, 0.00, -1.00, 50.78275, 0.00 
 
50.00, 50.50, -0.50, 49.777195, 2.00, 0.03, 0.00, -1.00, 50.77719, 0.00 
 
50.00, 50.50, -0.50, 49.771645, 2.00, 0.03, 0.00, -1.00, 50.77164, 0.00 
 
50.00, 50.50, -0.50, 49.766094, 2.00, 0.03, 0.00, -1.00, 50.76609, 0.00 
 
50.00, 50.50, -0.50, 49.760544, 2.00, 0.03, 0.00, -1.00, 50.76054, 0.00 
 
50.00, 50.50, -0.50, 49.754993, 2.00, 0.03, 0.00, -1.00, 50.75499, 0.00 
 
50.00, 50.50, -0.50, 49.749447, 2.00, 0.03, 0.00, -1.00, 50.74945, 0.00 
 
50.00, 50.50, -0.50, 49.743896, 2.00, 0.03, 0.00, -1.00, 50.74390, 0.00 
 
50.00, 50.50, -0.50, 49.738346, 2.00, 0.03, 0.00, -1.00, 50.73835, 0.00 
 
50.00, 50.50, -0.50, 49.732796, 2.00, 0.03, 0.00, -1.00, 50.73280, 0.00 
 
50.00, 50.50, -0.50, 49.727245, 2.00, 0.03, 0.00, -1.00, 50.72725, 0.00 
 
50.00, 50.50, -0.50, 49.721695, 2.00, 0.03, 0.00, -1.00, 50.72169, 0.00 
 
50.00, 50.50, -0.50, 49.716145, 2.00, 0.03, 0.00, -1.00, 50.71614, 0.00 
 
50.00, 50.50, -0.50, 49.710594, 2.00, 0.03, 0.00, -1.00, 50.71059, 0.00 
 
50.00, 50.50, -0.50, 49.705044, 2.00, 0.03, 0.00, -1.00, 50.70504, 0.00 
 
50.00, 50.50, -0.50, 49.699493, 2.00, 0.03, 0.00, -1.00, 50.69949, 0.00 
 
50.00, 50.50, -0.50, 49.693943, 2.00, 0.03, 0.00, -1.00, 50.69394, 0.00 
 
50.00, 50.50, -0.50, 49.688393, 2.00, 0.03, 0.00, -1.00, 50.68839, 0.00 
 
50.00, 50.50, -0.50, 49.682842, 2.00, 0.03, 0.00, -1.00, 50.68284, 0.00 
 
50.00, 50.50, -0.50, 49.677292, 2.00, 0.03, 0.00, -1.00, 50.67729, 0.00 
 
50.00, 50.50, -0.50, 49.671741, 2.00, 0.03, 0.00, -1.00, 50.67174, 0.00 
 
50.00, 50.50, -0.50, 49.666195, 2.00, 0.03, 0.00, -1.00, 50.66619, 0.00 
 
50.00, 50.50, -0.50, 49.660645, 2.00, 0.03, 0.00, -1.00, 50.66064, 0.00 
 
50.00, 50.50, -0.50, 49.655094, 2.00, 0.03, 0.00, -1.00, 50.65509, 0.00 
 
50.00, 50.50, -0.50, 49.649544, 2.00, 0.03, 0.00, -1.00, 50.64954, 0.00 
 
50.00, 50.50, -0.50, 49.643993, 2.00, 0.03, 0.00, -1.00, 50.64399, 0.00 
 
50.00, 50.50, -0.50, 49.638443, 2.00, 0.03, 0.00, -1.00, 50.63844, 0.00 
 
50.00, 50.50, -0.50, 49.632893, 2.00, 0.03, 0.00, -1.00, 50.63289, 0.00 
 
50.00, 50.50, -0.50, 49.627342, 2.00, 0.03, 0.00, -1.00, 50.62734, 0.00 
 
50.00, 50.50, -0.50, 49.621792, 2.00, 0.03, 0.00, -1.00, 50.62179, 0.00 
 
50.00, 50.50, -0.50, 49.616241, 2.00, 0.03, 0.00, -1.00, 50.61624, 0.00 
 
50.00, 50.50, -0.50, 49.610691, 2.00, 0.03, 0.00, -1.00, 50.61069, 0.00 
 
50.00, 50.50, -0.50, 49.605141, 2.00, 0.03, 0.00, -1.00, 50.60514, 0.00 
 
50.00, 50.50, -0.50, 49.599590, 2.00, 0.03, 0.00, -1.00, 50.59959, 0.00 
 
50.00, 50.50, -0.50, 49.594040, 2.00, 0.03, 0.00, -1.00, 50.59404, 0.00 
 
50.00, 50.50, -0.50, 49.588490, 2.00, 0.03, 0.00, -1.00, 50.58849, 0.00 
 
50.00, 50.50, -0.50, 49.582943, 2.00, 0.03, 0.00, -1.00, 50.58294, 0.00 
 
50.00, 50.50, -0.50, 49.577393, 2.00, 0.03, 0.00, -1.00, 50.57739, 0.00 
 
50.00, 50.50, -0.50, 49.571842, 2.00, 0.03, 0.00, -1.00, 50.57184, 0.00 
 
50.00, 50.50, -0.50, 49.566292, 2.00, 0.03, 0.00, -1.00, 50.56629, 0.00 
 
50.00, 50.50, -0.50, 49.560741, 2.00, 0.03, 0.00, -1.00, 50.56074, 0.00 
 
50.00, 50.50, -0.50, 49.555191, 2.00, 0.03, 0.00, -1.00, 50.55519, 0.00 
 
50.00, 50.50, -0.50, 49.549641, 2.00, 0.03, 0.00, -1.00, 50.54964, 0.00 
 
50.00, 50.50, -0.50, 49.544090, 2.00, 0.03, 0.00, -1.00, 50.54409, 0.00 
 
50.00, 50.50, -0.50, 49.538540, 2.00, 0.03, 0.00, -1.00, 50.53854, 0.00 
 
50.00, 50.50, -0.50, 49.532990, 2.00, 0.03, 0.00, -1.00, 50.53299, 0.00 
 
50.00, 50.50, -0.50, 49.527439, 2.00, 0.03, 0.00, -1.00, 50.52744, 0.00 
 
50.00, 50.50, -0.50, 49.521889, 2.00, 0.03, 0.00, -1.00, 50.52189, 0.00 
 
50.00, 50.50, -0.50, 49.516338, 2.00, 0.03, 0.00, -1.00, 50.51634, 0.00 
 
50.00, 50.50, -0.50, 49.510788, 2.00, 0.03, 0.00, -1.00, 50.51079, 0.00 
 
50.00, 50.50, -0.50, 49.505238, 2.00, 0.03, 0.00, -1.00, 50.50524, 0.00 
 
50.00, 50.50, -0.50, 49.499691, 2.00, 0.03, 0.00, -1.00, 50.49969, 0.00 
 
50.00, 50.50, -0.50, 49.494141, 2.00, 0.03, 0.00, -1.00, 50.49414, 0.00 
 
50.00, 50.50, -0.50, 49.488590, 2.00, 0.03, 0.00, -1.00, 50.48859, 0.00 
 
50.00, 50.50, -0.50, 49.483040, 2.00, 0.03, 0.00, -1.00, 50.48304, 0.00 
 
50.00, 50.50, -0.50, 49.477489, 2.00, 0.03, 0.00, -1.00, 50.47749, 0.00 
 
50.00, 50.50, -0.50, 49.471939, 2.00, 0.03, 0.00, -1.00, 50.47194, 0.00 
 
50.00, 50.50, -0.50, 49.466389, 2.00, 0.03, 0.00, -1.00, 50.46639, 0.00 
 
50.00, 50.50, -0.50, 49.460838, 2.00, 0.03, 0.00, -1.00, 50.46084, 0.00 
 
50.00, 50.50, -0.50, 49.455288, 2.00, 0.03, 0.00, -1.00, 50.45529, 0.00 
 
50.00, 50.50, -0.50, 49.449738, 2.00, 0.03, 0.00, -1.00, 50.44974, 0.00 
 
50.00, 50.50, -0.50, 49.444187, 2.00, 0.03, 0.00, -1.00, 50.44419, 0.00 
 
50.00, 50.50, -0.50, 49.438637, 2.00, 0.03, 0.00, -1.00, 50.43864, 0.00 
 
50.00, 50.50, -0.50, 49.433086, 2.00, 0.03, 0.00, -1.00, 50.43309, 0.00 
 
50.00, 50.50, -0.50, 49.427536, 2.00, 0.03, 0.00, -1.00, 50.42754, 0.00 
 
50.00, 50.50, -0.50, 49.421986, 2.00, 0.03, 0.00, -1.00, 50.42199, 0.00 
 
50.00, 50.50, -0.50, 49.416439, 2.00, 0.03, 0.00, -1.00, 50.41644, 0.00 
 
50.00, 50.50, -0.50, 49.410889, 2.00, 0.03, 0.00, -1.00, 50.41089, 0.00 
 
50.00, 50.50, -0.50, 49.405338, 2.00, 0.03, 0.00, -1.00, 50.40534, 0.00 
 
50.00, 50.50, -0.50, 49.399788, 2.00, 0.03, 0.00, -1.00, 50.39979, 0.00 
 
50.00, 50.50, -0.50, 49.394238, 2.00, 0.03, 0.00, -1.00, 50.39424, 0.00 
 
50.00, 50.50, -0.50, 49.388687, 2.00, 0.03, 0.00, -1.00, 50.38869, 0.00 
 
50.00, 50.50, -0.50, 49.383137, 2.00, 0.03, 0.00, -1.00, 50.38314, 0.00 
 
50.00, 50.50, -0.50, 49.377586, 2.00, 0.03, 0.00, -1.00, 50.37759, 0.00 
 
50.00, 50.50, -0.50, 49.372036, 2.00, 0.03, 0.00, -1.00, 50.37204, 0.00 
 
50.00, 50.50, -0.50, 49.366486, 2.00, 0.03, 0.00, -1.00, 50.36649, 0.00 
 
50.00, 50.50, -0.50, 49.360935, 2.00, 0.03, 0.00, -1.00, 50.36094, 0.00 
 
50.00, 50.50, -0.50, 49.355385, 2.00, 0.03, 0.00, -1.00, 50.35538, 0.00 
 
50.00, 50.50, -0.50, 49.349834, 2.00, 0.03, 0.00, -1.00, 50.34983, 0.00 
 
50.00, 50.50, -0.50, 49.344284, 2.00, 0.03, 0.00, -1.00, 50.34428, 0.00 
 
50.00, 50.50, -0.50, 49.338734, 2.00, 0.03, 0.00, -1.00, 50.33873, 0.00 
 
50.00, 50.50, -0.50, 49.333187, 2.00, 0.03, 0.00, -1.00, 50.33319, 0.00 
 
50.00, 50.50, -0.50, 49.327637, 2.00, 0.03, 0.00, -1.00, 50.32764, 0.00 
 
50.00, 50.50, -0.50, 49.322086, 2.00, 0.03, 0.00, -1.00, 50.32209, 0.00 
 
50.00, 50.50, -0.50, 49.316536, 2.00, 0.03, 0.00, -1.00, 50.31654, 0.00 
 
50.00, 50.50, -0.50, 49.310986, 2.00, 0.03, 0.00, -1.00, 50.31099, 0.00 
 
50.00, 50.50, -0.50, 49.305435, 2.00, 0.03, 0.00, -1.00, 50.30544, 0.00 
 
50.00, 50.50, -0.50, 49.299885, 2.00, 0.03, 0.00, -1.00, 50.29988, 0.00 
 
50.00, 50.50, -0.50, 49.294334, 2.00, 0.03, 0.00, -1.00, 50.29433, 0.00 
 
50.00, 50.50, -0.50, 49.288784, 2.00, 0.03, 0.00, -1.00, 50.28878, 0.00 
 
50.00, 50.50, -0.50, 49.283234, 2.00, 0.03, 0.00, -1.00, 50.28323, 0.00 
 
50.00, 50.50, -0.50, 49.277683, 2.00, 0.03, 0.00, -1.00, 50.27768, 0.00 
 
50.00, 50.50, -0.50, 49.272133, 2.00, 0.03, 0.00, -1.00, 50.27213, 0.00 
 
50.00, 50.50, -0.50, 49.266582, 2.00, 0.03, 0.00, -1.00, 50.26658, 0.00 
 
50.00, 50.50, -0.50, 49.261032, 2.00, 0.03, 0.00, -1.00, 50.26103, 0.00 
 
50.00, 50.50, -0.50, 49.255482, 2.00, 0.03, 0.00, -1.00, 50.25548, 0.00 
 
50.00, 50.50, -0.50, 49.249935, 2.00, 0.03, 0.00, -1.00, 50.24994, 0.00 
 
50.00, 50.50, -0.50, 49.244385, 2.00, 0.03, 0.00, -1.00, 50.24438, 0.00 
 
50.00, 50.50, -0.50, 49.238834, 2.00, 0.03, 0.00, -1.00, 50.23883, 0.00 
 
50.00, 50.50, -0.50, 49.233284, 2.00, 0.03, 0.00, -1.00, 50.23328, 0.00 
 
50.00, 50.50, -0.50, 49.227734, 2.00, 0.03, 0.00, -1.00, 50.22773, 0.00 
 
50.00, 50.50, -0.50, 49.222183, 2.00, 0.03, 0.00, -1.00, 50.22218, 0.00 
 
50.00, 50.50, -0.50, 49.216633, 2.00, 0.03, 0.00, -1.00, 50.21663, 0.00 
 
50.00, 50.50, -0.50, 49.211082, 2.00, 0.03, 0.00, -1.00, 50.21108, 0.00 
 
50.00, 50.50, -0.50, 49.205532, 2.00, 0.03, 0.00, -1.00, 50.20553, 0.00 
 
50.00, 50.50, -0.50, 49.199982, 2.00, 0.03, 0.00, -1.00, 50.19998, 0.00 
 
50.00, 50.50, -0.50, 49.194431, 2.00, 0.03, 0.00, -1.00, 50.19443, 0.00 
 
50.00, 50.50, -0.50, 49.188881, 2.00, 0.03, 0.00, -1.00, 50.18888, 0.00 
 
50.00, 50.50, -0.50, 49.183331, 2.00, 0.03, 0.00, -1.00, 50.18333, 0.00 
 
50.00, 50.50, -0.50, 49.177780, 2.00, 0.03, 0.00, -1.00, 50.17778, 0.00 
 
50.00, 50.50, -0.50, 49.172230, 2.00, 0.03, 0.00, -1.00, 50.17223, 0.00 
 
50.00, 50.50, -0.50, 49.166683, 2.00, 0.03, 0.00, -1.00, 50.16668, 0.00 
 
50.00, 50.50, -0.50, 49.161133, 2.00, 0.03, 0.00, -1.00, 50.16113, 0.00 
 
50.00, 50.50, -0.50, 49.155582, 2.00, 0.03, 0.00, -1.00, 50.15558, 0.00 
 
50.00, 50.50, -0.50, 49.150032, 2.00, 0.03, 0.00, -1.00, 50.15003, 0.00 
 
50.00, 50.50, -0.50, 49.144482, 2.00, 0.03, 0.00, -1.00, 50.14448, 0.00 
 
50.00, 50.50, -0.50, 49.138931, 2.00, 0.03, 0.00, -1.00, 50.13893, 0.00 
 
50.00, 50.50, -0.50, 49.133381, 2.00, 0.03, 0.00, -1.00, 50.13338, 0.00 
 
50.00, 50.50, -0.50, 49.127831, 2.00, 0.03, 0.00, -1.00, 50.12783, 0.00 
 
