30.00, 30.00, 0.00, 4.112552, 6.00, 0.10, 0.00, 0.00, 4.11255, 0.00 
 
30.00, 30.00, 0.00, 4.112552, 6.00, 0.10, 0.00, 0.00, 4.11255, 0.00 
 
30.00, 30.00, 0.00, 4.112552, 6.00, 0.10, 0.00, 0.00, 4.11255, 0.00 
 
30.00, 30.00, 0.00, 4.112552, 6.00, 0.10, 0.00, 0.00, 4.11255, 0.00 
 
30.00, 30.00, 0.00, 4.112552, 6.00, 0.10, 0.00, 0.00, 4.11255, 0.00 
 
30.00, 30.50, -0.50, 1.095902, 6.00, 0.10, 0.00, -3.00, 4.09590, -0.00 
 
30.00, 29.00, 1.00, 10.129202, 6.00, 0.10, 0.00, 6.00, 4.12920, 0.00 
 
30.00, 30.00, 0.00, 4.129202, 6.00, 0.10, 0.00, 0.00, 4.12920, -0.00 
 
30.00, 30.00, 0.00, 4.129202, 6.00, 0.10, 0.00, 0.00, 4.12920, 0.00 
 
30.00, 30.00, 0.00, 4.129202, 6.00, 0.10, 0.00, 0.00, 4.12920, 0.00 
 
30.00, 30.00, 0.00, 4.129202, 6.00, 0.10, 0.00, 0.00, 4.12920, 0.00 
 
30.00, 30.00, 0.00, 4.129202, 6.00, 0.10, 0.00, 0.00, 4.12920, 0.00 
 
30.00, 30.00, 0.00, 4.129202, 6.00, 0.10, 0.00, 0.00, 4.12920, 0.00 
 
30.00, 30.00, 0.00, 4.129202, 6.00, 0.10, 0.00, 0.00, 4.12920, 0.00 
 
30.00, 30.00, 0.00, 4.129202, 6.00, 0.10, 0.00, 0.00, 4.12920, 0.00 
 
30.00, 30.00, 0.00, 4.129202, 6.00, 0.10, 0.00, 0.00, 4.12920, 0.00 
 
30.00, 30.00, 0.00, 4.129202, 6.00, 0.10, 0.00, 0.00, 4.12920, 0.00 
 
30.00, 30.50, -0.50, 1.112552, 6.00, 0.10, 0.00, -3.00, 4.11255, -0.00 
 
30.00, 29.00, 1.00, 10.145852, 6.00, 0.10, 0.00, 6.00, 4.14585, 0.00 
 
30.00, 30.00, 0.00, 4.145852, 6.00, 0.10, 0.00, 0.00, 4.14585, -0.00 
 
30.00, 30.00, 0.00, 4.145852, 6.00, 0.10, 0.00, 0.00, 4.14585, 0.00 
 
30.00, 30.50, -0.50, 1.129202, 6.00, 0.10, 0.00, -3.00, 4.12920, -0.00 
 
30.00, 29.00, 1.00, 10.162502, 6.00, 0.10, 0.00, 6.00, 4.16250, 0.00 
 
30.00, 30.00, 0.00, 4.162502, 6.00, 0.10, 0.00, 0.00, 4.16250, -0.00 
 
30.00, 30.00, 0.00, 4.162502, 6.00, 0.10, 0.00, 0.00, 4.16250, 0.00 
 
30.00, 30.00, 0.00, 4.162502, 6.00, 0.10, 0.00, 0.00, 4.16250, 0.00 
 
30.00, 30.00, 0.00, 4.162502, 6.00, 0.10, 0.00, 0.00, 4.16250, 0.00 
 
30.00, 30.00, 0.00, 4.162502, 6.00, 0.10, 0.00, 0.00, 4.16250, 0.00 
 
30.00, 30.00, 0.00, 4.162502, 6.00, 0.10, 0.00, 0.00, 4.16250, 0.00 
 
30.00, 30.00, 0.00, 4.162502, 6.00, 0.10, 0.00, 0.00, 4.16250, 0.00 
 
30.00, 30.00, 0.00, 4.162502, 6.00, 0.10, 0.00, 0.00, 4.16250, 0.00 
 
30.00, 30.00, 0.00, 4.162502, 6.00, 0.10, 0.00, 0.00, 4.16250, 0.00 
 
30.00, 30.00, 0.00, 4.162502, 6.00, 0.10, 0.00, 0.00, 4.16250, 0.00 
 
30.00, 30.00, 0.00, 4.162502, 6.00, 0.10, 0.00, 0.00, 4.16250, 0.00 
 
30.00, 30.00, 0.00, 4.162502, 6.00, 0.10, 0.00, 0.00, 4.16250, 0.00 
 
30.00, 30.00, 0.00, 4.162502, 6.00, 0.10, 0.00, 0.00, 4.16250, 0.00 
 
30.00, 30.00, 0.00, 4.162502, 6.00, 0.10, 0.00, 0.00, 4.16250, 0.00 
 
30.00, 30.00, 0.00, 4.162502, 6.00, 0.10, 0.00, 0.00, 4.16250, 0.00 
 
30.00, 30.00, 0.00, 4.162502, 6.00, 0.10, 0.00, 0.00, 4.16250, 0.00 
 
30.00, 30.00, 0.00, 4.162502, 6.00, 0.10, 0.00, 0.00, 4.16250, 0.00 
 
30.00, 30.50, -0.50, 1.145852, 6.00, 0.10, 0.00, -3.00, 4.14585, -0.00 
 
30.00, 29.50, 0.50, 7.162502, 6.00, 0.10, 0.00, 3.00, 4.16250, 0.00 
 
30.00, 29.50, 0.50, 7.179152, 6.00, 0.10, 0.00, 3.00, 4.17915, 0.00 
 
30.00, 29.00, 1.00, 10.212452, 6.00, 0.10, 0.00, 6.00, 4.21245, 0.00 
 
30.00, 30.00, 0.00, 4.212452, 6.00, 0.10, 0.00, 0.00, 4.21245, -0.00 
 
30.00, 30.00, 0.00, 4.212452, 6.00, 0.10, 0.00, 0.00, 4.21245, 0.00 
 
30.00, 30.50, -0.50, 1.195802, 6.00, 0.10, 0.00, -3.00, 4.19580, -0.00 
 
30.00, 29.50, 0.50, 7.212452, 6.00, 0.10, 0.00, 3.00, 4.21245, 0.00 
 
30.00, 29.00, 1.00, 10.245752, 6.00, 0.10, 0.00, 6.00, 4.24575, 0.00 
 
30.00, 30.00, 0.00, 4.245752, 6.00, 0.10, 0.00, 0.00, 4.24575, -0.00 
 
30.00, 30.00, 0.00, 4.245752, 6.00, 0.10, 0.00, 0.00, 4.24575, 0.00 
 
30.00, 30.00, 0.00, 4.245752, 6.00, 0.10, 0.00, 0.00, 4.24575, 0.00 
 
30.00, 30.00, 0.00, 4.245752, 6.00, 0.10, 0.00, 0.00, 4.24575, 0.00 
 
30.00, 30.00, 0.00, 4.245752, 6.00, 0.10, 0.00, 0.00, 4.24575, 0.00 
 
30.00, 30.00, 0.00, 4.245752, 6.00, 0.10, 0.00, 0.00, 4.24575, 0.00 
 
30.00, 30.00, 0.00, 4.245752, 6.00, 0.10, 0.00, 0.00, 4.24575, 0.00 
 
30.00, 30.00, 0.00, 4.245752, 6.00, 0.10, 0.00, 0.00, 4.24575, 0.00 
 
30.00, 30.50, -0.50, 1.229102, 6.00, 0.10, 0.00, -3.00, 4.22910, -0.00 
 
30.00, 29.50, 0.50, 7.245752, 6.00, 0.10, 0.00, 3.00, 4.24575, 0.00 
 
30.00, 29.00, 1.00, 10.279053, 6.00, 0.10, 0.00, 6.00, 4.27905, 0.00 
 
30.00, 30.00, 0.00, 4.279052, 6.00, 0.10, 0.00, 0.00, 4.27905, -0.00 
 
30.00, 30.50, -0.50, 1.262402, 6.00, 0.10, 0.00, -3.00, 4.26240, -0.00 
 
30.00, 29.00, 1.00, 10.295702, 6.00, 0.10, 0.00, 6.00, 4.29570, 0.00 
 
30.00, 30.00, 0.00, 4.295702, 6.00, 0.10, 0.00, 0.00, 4.29570, -0.00 
 
30.00, 30.50, -0.50, 1.279052, 6.00, 0.10, 0.00, -3.00, 4.27905, -0.00 
 
30.00, 29.00, 1.00, 10.312352, 6.00, 0.10, 0.00, 6.00, 4.31235, 0.00 
 
30.00, 30.00, 0.00, 4.312352, 6.00, 0.10, 0.00, 0.00, 4.31235, -0.00 
 
30.00, 30.00, 0.00, 4.312352, 6.00, 0.10, 0.00, 0.00, 4.31235, 0.00 
 
30.00, 30.00, 0.00, 4.312352, 6.00, 0.10, 0.00, 0.00, 4.31235, 0.00 
 
30.00, 30.50, -0.50, 1.295702, 6.00, 0.10, 0.00, -3.00, 4.29570, -0.00 
 
50.00, 29.50, 20.50, 100.000000, 6.00, 0.10, 0.00, 123.00, 4.97835, 0.00 
 
50.00, 29.00, 21.00, 100.000000, 6.00, 0.10, 0.00, 126.00, 5.67765, 0.00 
 
50.00, 30.00, 20.00, 100.000000, 6.00, 0.10, 0.00, 120.00, 6.34365, -0.00 
 
50.00, 30.00, 20.00, 100.000000, 6.00, 0.10, 0.00, 120.00, 7.00965, 0.00 
 
50.00, 30.50, 19.50, 100.000000, 6.00, 0.10, 0.00, 117.00, 7.65900, -0.00 
 
50.00, 30.00, 20.00, 100.000000, 6.00, 0.10, 0.00, 120.00, 8.32500, 0.00 
 
50.00, 31.00, 19.00, 100.000000, 6.00, 0.10, 0.00, 114.00, 8.95770, -0.00 
 
50.00, 31.00, 19.00, 100.000000, 6.00, 0.10, 0.00, 114.00, 9.59040, 0.00 
 
50.00, 31.50, 18.50, 100.000000, 6.00, 0.10, 0.00, 111.00, 10.20645, -0.00 
 
50.00, 31.00, 19.00, 100.000000, 6.00, 0.10, 0.00, 114.00, 10.83915, 0.00 
 
50.00, 32.50, 17.50, 100.000000, 6.00, 0.10, 0.00, 105.00, 11.42190, -0.00 
 
50.00, 32.00, 18.00, 100.000000, 6.00, 0.10, 0.00, 108.00, 12.02130, 0.00 
 
50.00, 33.00, 17.00, 100.000000, 6.00, 0.10, 0.00, 102.00, 12.58740, -0.00 
 
50.00, 33.00, 17.00, 100.000000, 6.00, 0.10, 0.00, 102.00, 13.15350, 0.00 
 
50.00, 33.50, 16.50, 100.000000, 6.00, 0.10, 0.00, 99.00, 13.70295, -0.00 
 
50.00, 33.00, 17.00, 100.000000, 6.00, 0.10, 0.00, 102.00, 14.26905, 0.00 
 
50.00, 34.00, 16.00, 100.000000, 6.00, 0.10, 0.00, 96.00, 14.80185, -0.00 
 
50.00, 34.50, 15.50, 100.000000, 6.00, 0.10, 0.00, 93.00, 15.31800, -0.00 
 
50.00, 34.50, 15.50, 100.000000, 6.00, 0.10, 0.00, 93.00, 15.83415, 0.00 
 
50.00, 34.00, 16.00, 100.000000, 6.00, 0.10, 0.00, 96.00, 16.36695, 0.00 
 
50.00, 35.50, 14.50, 100.000000, 6.00, 0.10, 0.00, 87.00, 16.84981, -0.00 
 
50.00, 35.50, 14.50, 100.000000, 6.00, 0.10, 0.00, 87.00, 17.33265, 0.00 
 
50.00, 35.00, 15.00, 100.000000, 6.00, 0.10, 0.00, 90.00, 17.83216, 0.00 
 
50.00, 36.00, 14.00, 100.000000, 6.00, 0.10, 0.00, 84.00, 18.29836, -0.00 
 
50.00, 36.50, 13.50, 99.747910, 6.00, 0.10, 0.00, 81.00, 18.74791, -0.00 
 
50.00, 36.50, 13.50, 100.000000, 6.00, 0.10, 0.00, 81.00, 19.19745, 0.00 
 
50.00, 36.00, 14.00, 100.000000, 6.00, 0.10, 0.00, 84.00, 19.66366, 0.00 
 
50.00, 37.00, 13.00, 98.096558, 6.00, 0.10, 0.00, 78.00, 20.09656, -0.00 
 
50.00, 37.50, 12.50, 95.512802, 6.00, 0.10, 0.00, 75.00, 20.51281, -0.00 
 
50.00, 37.50, 12.50, 95.929054, 6.00, 0.10, 0.00, 75.00, 20.92906, 0.00 
 
50.00, 37.00, 13.00, 99.361954, 6.00, 0.10, 0.00, 78.00, 21.36196, 0.00 
 
50.00, 38.00, 12.00, 93.761559, 6.00, 0.10, 0.00, 72.00, 21.76156, -0.00 
 
50.00, 38.50, 11.50, 91.144508, 6.00, 0.10, 0.00, 69.00, 22.14451, -0.00 
 
50.00, 38.50, 11.50, 91.527458, 6.00, 0.10, 0.00, 69.00, 22.52746, 0.00 
 
50.00, 38.00, 12.00, 94.927055, 6.00, 0.10, 0.00, 72.00, 22.92706, 0.00 
 
50.00, 39.00, 11.00, 89.293358, 6.00, 0.10, 0.00, 66.00, 23.29336, -0.00 
 
50.00, 39.00, 11.00, 89.659653, 6.00, 0.10, 0.00, 66.00, 23.65965, 0.00 
 
50.00, 39.50, 10.50, 87.009308, 6.00, 0.10, 0.00, 63.00, 24.00931, -0.00 
 
50.00, 39.50, 10.50, 87.358955, 6.00, 0.10, 0.00, 63.00, 24.35896, 0.00 
 
50.00, 39.00, 11.00, 90.725258, 6.00, 0.10, 0.00, 66.00, 24.72526, 0.00 
 
50.00, 40.00, 10.00, 85.058258, 6.00, 0.10, 0.00, 60.00, 25.05826, -0.00 
 
50.00, 40.50, 9.50, 82.374603, 6.00, 0.10, 0.00, 57.00, 25.37461, -0.00 
 
50.00, 40.50, 9.50, 82.690956, 6.00, 0.10, 0.00, 57.00, 25.69095, 0.00 
 
50.00, 40.50, 9.50, 83.007309, 6.00, 0.10, 0.00, 57.00, 26.00731, 0.00 
 
50.00, 40.50, 9.50, 83.323654, 6.00, 0.10, 0.00, 57.00, 26.32366, 0.00 
 
50.00, 40.00, 10.00, 86.656654, 6.00, 0.10, 0.00, 60.00, 26.65666, 0.00 
 
50.00, 41.00, 9.00, 80.956360, 6.00, 0.10, 0.00, 54.00, 26.95636, -0.00 
 
50.00, 41.00, 9.00, 81.256058, 6.00, 0.10, 0.00, 54.00, 27.25606, 0.00 
 
50.00, 41.00, 9.00, 81.555756, 6.00, 0.10, 0.00, 54.00, 27.55576, 0.00 
 
50.00, 41.50, 8.50, 78.838806, 6.00, 0.10, 0.00, 51.00, 27.83881, -0.00 
 
50.00, 41.50, 8.50, 79.121857, 6.00, 0.10, 0.00, 51.00, 28.12186, 0.00 
 
50.00, 41.50, 8.50, 79.404907, 6.00, 0.10, 0.00, 51.00, 28.40491, 0.00 
 
50.00, 41.50, 8.50, 79.687958, 6.00, 0.10, 0.00, 51.00, 28.68796, 0.00 
 
50.00, 41.00, 9.00, 82.987663, 6.00, 0.10, 0.00, 54.00, 28.98766, 0.00 
 
50.00, 42.00, 8.00, 77.254059, 6.00, 0.10, 0.00, 48.00, 29.25406, -0.00 
 
50.00, 42.00, 8.00, 77.520462, 6.00, 0.10, 0.00, 48.00, 29.52046, 0.00 
 
50.00, 42.00, 8.00, 77.786865, 6.00, 0.10, 0.00, 48.00, 29.78686, 0.00 
 
50.00, 42.50, 7.50, 75.036613, 6.00, 0.10, 0.00, 45.00, 30.03661, -0.00 
 
50.00, 42.50, 7.50, 75.286362, 6.00, 0.10, 0.00, 45.00, 30.28636, 0.00 
 
50.00, 42.50, 7.50, 75.536110, 6.00, 0.10, 0.00, 45.00, 30.53611, 0.00 
 
50.00, 42.00, 8.00, 78.802513, 6.00, 0.10, 0.00, 48.00, 30.80251, 0.00 
 
50.00, 43.00, 7.00, 73.035614, 6.00, 0.10, 0.00, 42.00, 31.03561, -0.00 
 
50.00, 43.00, 7.00, 73.268707, 6.00, 0.10, 0.00, 42.00, 31.26871, 0.00 
 
50.00, 43.00, 7.00, 73.501808, 6.00, 0.10, 0.00, 42.00, 31.50181, 0.00 
 
50.00, 43.50, 6.50, 70.718262, 6.00, 0.10, 0.00, 39.00, 31.71826, -0.00 
 
50.00, 43.00, 7.00, 73.951355, 6.00, 0.10, 0.00, 42.00, 31.95136, 0.00 
 
50.00, 43.50, 6.50, 71.167809, 6.00, 0.10, 0.00, 39.00, 32.16781, -0.00 
 
50.00, 43.50, 6.50, 71.384262, 6.00, 0.10, 0.00, 39.00, 32.38426, 0.00 
 
50.00, 43.50, 6.50, 71.600708, 6.00, 0.10, 0.00, 39.00, 32.60070, 0.00 
 
50.00, 43.00, 7.00, 74.833801, 6.00, 0.10, 0.00, 42.00, 32.83381, 0.00 
 
50.00, 44.00, 6.00, 69.033600, 6.00, 0.10, 0.00, 36.00, 33.03360, -0.00 
 
50.00, 44.00, 6.00, 69.233398, 6.00, 0.10, 0.00, 36.00, 33.23340, 0.00 
 
50.00, 44.00, 6.00, 69.433197, 6.00, 0.10, 0.00, 36.00, 33.43320, 0.00 
 
50.00, 44.00, 6.00, 69.632996, 6.00, 0.10, 0.00, 36.00, 33.63300, 0.00 
 
50.00, 44.00, 6.00, 69.832794, 6.00, 0.10, 0.00, 36.00, 33.83280, 0.00 
 
50.00, 44.00, 6.00, 70.032593, 6.00, 0.10, 0.00, 36.00, 34.03260, 0.00 
 
50.00, 44.50, 5.50, 67.215744, 6.00, 0.10, 0.00, 33.00, 34.21575, -0.00 
 
50.00, 44.50, 5.50, 67.398895, 6.00, 0.10, 0.00, 33.00, 34.39890, 0.00 
 
50.00, 44.50, 5.50, 67.582047, 6.00, 0.10, 0.00, 33.00, 34.58205, 0.00 
 
50.00, 44.50, 5.50, 67.765198, 6.00, 0.10, 0.00, 33.00, 34.76520, 0.00 
 
50.00, 44.50, 5.50, 67.948349, 6.00, 0.10, 0.00, 33.00, 34.94835, 0.00 
 
50.00, 44.50, 5.50, 68.131500, 6.00, 0.10, 0.00, 33.00, 35.13150, 0.00 
 
50.00, 44.50, 5.50, 68.314651, 6.00, 0.10, 0.00, 33.00, 35.31466, 0.00 
 
50.00, 44.00, 6.00, 71.514450, 6.00, 0.10, 0.00, 36.00, 35.51445, 0.00 
 
50.00, 45.00, 5.00, 65.680954, 6.00, 0.10, 0.00, 30.00, 35.68095, -0.00 
 
50.00, 45.00, 5.00, 65.847458, 6.00, 0.10, 0.00, 30.00, 35.84745, 0.00 
 
50.00, 45.00, 5.00, 66.013962, 6.00, 0.10, 0.00, 30.00, 36.01396, 0.00 
 
50.00, 45.00, 5.00, 66.180458, 6.00, 0.10, 0.00, 30.00, 36.18046, 0.00 
 
50.00, 45.00, 5.00, 66.346954, 6.00, 0.10, 0.00, 30.00, 36.34696, 0.00 
 
50.00, 45.00, 5.00, 66.513458, 6.00, 0.10, 0.00, 30.00, 36.51346, 0.00 
 
50.00, 45.00, 5.00, 66.679962, 6.00, 0.10, 0.00, 30.00, 36.67996, 0.00 
 
50.00, 45.00, 5.00, 66.846466, 6.00, 0.10, 0.00, 30.00, 36.84646, 0.00 
 
50.00, 45.50, 4.50, 63.996311, 6.00, 0.10, 0.00, 27.00, 36.99631, -0.00 
 
50.00, 45.50, 4.50, 64.146164, 6.00, 0.10, 0.00, 27.00, 37.14616, 0.00 
 
50.00, 45.50, 4.50, 64.296013, 6.00, 0.10, 0.00, 27.00, 37.29601, 0.00 
 
50.00, 45.50, 4.50, 64.445862, 6.00, 0.10, 0.00, 27.00, 37.44586, 0.00 
 
50.00, 45.50, 4.50, 64.595718, 6.00, 0.10, 0.00, 27.00, 37.59571, 0.00 
 
50.00, 45.50, 4.50, 64.745560, 6.00, 0.10, 0.00, 27.00, 37.74556, 0.00 
 
50.00, 45.50, 4.50, 64.895416, 6.00, 0.10, 0.00, 27.00, 37.89541, 0.00 
 
50.00, 45.50, 4.50, 65.045265, 6.00, 0.10, 0.00, 27.00, 38.04527, 0.00 
 
50.00, 45.50, 4.50, 65.195114, 6.00, 0.10, 0.00, 27.00, 38.19511, 0.00 
 
50.00, 45.00, 5.00, 68.361618, 6.00, 0.10, 0.00, 30.00, 38.36161, 0.00 
 
50.00, 46.50, 3.50, 59.478165, 6.00, 0.10, 0.00, 21.00, 38.47816, -0.00 
 
50.00, 45.00, 5.00, 68.644669, 6.00, 0.10, 0.00, 30.00, 38.64466, 0.00 
 
50.00, 46.00, 4.00, 62.777866, 6.00, 0.10, 0.00, 24.00, 38.77787, -0.00 
 
50.00, 46.00, 4.00, 62.911068, 6.00, 0.10, 0.00, 24.00, 38.91107, 0.00 
 
50.00, 46.00, 4.00, 63.044266, 6.00, 0.10, 0.00, 24.00, 39.04427, 0.00 
 
50.00, 46.00, 4.00, 63.177467, 6.00, 0.10, 0.00, 24.00, 39.17747, 0.00 
 
50.00, 46.00, 4.00, 63.310665, 6.00, 0.10, 0.00, 24.00, 39.31067, 0.00 
 
50.00, 46.00, 4.00, 63.443867, 6.00, 0.10, 0.00, 24.00, 39.44387, 0.00 
 
50.00, 46.50, 3.50, 60.560417, 6.00, 0.10, 0.00, 21.00, 39.56042, -0.00 
 
50.00, 46.50, 3.50, 60.676968, 6.00, 0.10, 0.00, 21.00, 39.67697, 0.00 
 
50.00, 46.50, 3.50, 60.793514, 6.00, 0.10, 0.00, 21.00, 39.79351, 0.00 
 
50.00, 46.50, 3.50, 60.910065, 6.00, 0.10, 0.00, 21.00, 39.91006, 0.00 
 
50.00, 46.50, 3.50, 61.026615, 6.00, 0.10, 0.00, 21.00, 40.02662, 0.00 
 
50.00, 46.50, 3.50, 61.143166, 6.00, 0.10, 0.00, 21.00, 40.14317, 0.00 
 
50.00, 46.50, 3.50, 61.259716, 6.00, 0.10, 0.00, 21.00, 40.25972, 0.00 
 
50.00, 46.50, 3.50, 61.376263, 6.00, 0.10, 0.00, 21.00, 40.37626, 0.00 
 
50.00, 46.50, 3.50, 61.492813, 6.00, 0.10, 0.00, 21.00, 40.49281, 0.00 
 
50.00, 46.50, 3.50, 61.609364, 6.00, 0.10, 0.00, 21.00, 40.60936, 0.00 
 
50.00, 46.50, 3.50, 61.725914, 6.00, 0.10, 0.00, 21.00, 40.72591, 0.00 
 
50.00, 46.50, 3.50, 61.842464, 6.00, 0.10, 0.00, 21.00, 40.84246, 0.00 
 
50.00, 46.50, 3.50, 61.959011, 6.00, 0.10, 0.00, 21.00, 40.95901, 0.00 
 
50.00, 46.50, 3.50, 62.075562, 6.00, 0.10, 0.00, 21.00, 41.07556, 0.00 
 
50.00, 46.50, 3.50, 62.192112, 6.00, 0.10, 0.00, 21.00, 41.19211, 0.00 
 
50.00, 46.50, 3.50, 62.308662, 6.00, 0.10, 0.00, 21.00, 41.30866, 0.00 
 
50.00, 46.00, 4.00, 65.441864, 6.00, 0.10, 0.00, 24.00, 41.44186, 0.00 
 
50.00, 47.00, 3.00, 59.541759, 6.00, 0.10, 0.00, 18.00, 41.54176, -0.00 
 
50.00, 47.00, 3.00, 59.641659, 6.00, 0.10, 0.00, 18.00, 41.64166, 0.00 
 
50.00, 47.00, 3.00, 59.741558, 6.00, 0.10, 0.00, 18.00, 41.74156, 0.00 
 
50.00, 47.00, 3.00, 59.841457, 6.00, 0.10, 0.00, 18.00, 41.84146, 0.00 
 
50.00, 47.00, 3.00, 59.941357, 6.00, 0.10, 0.00, 18.00, 41.94136, 0.00 
 
50.00, 47.00, 3.00, 60.041256, 6.00, 0.10, 0.00, 18.00, 42.04126, 0.00 
 
50.00, 47.00, 3.00, 60.141155, 6.00, 0.10, 0.00, 18.00, 42.14116, 0.00 
 
50.00, 47.00, 3.00, 60.241055, 6.00, 0.10, 0.00, 18.00, 42.24105, 0.00 
 
50.00, 47.00, 3.00, 60.340954, 6.00, 0.10, 0.00, 18.00, 42.34095, 0.00 
 
50.00, 47.00, 3.00, 60.440853, 6.00, 0.10, 0.00, 18.00, 42.44085, 0.00 
 
50.00, 47.00, 3.00, 60.540752, 6.00, 0.10, 0.00, 18.00, 42.54075, 0.00 
 
50.00, 47.00, 3.00, 60.640652, 6.00, 0.10, 0.00, 18.00, 42.64065, 0.00 
 
50.00, 47.00, 3.00, 60.740551, 6.00, 0.10, 0.00, 18.00, 42.74055, 0.00 
 
50.00, 47.00, 3.00, 60.840450, 6.00, 0.10, 0.00, 18.00, 42.84045, 0.00 
 
50.00, 47.50, 2.50, 57.923702, 6.00, 0.10, 0.00, 15.00, 42.92370, -0.00 
 
50.00, 47.50, 2.50, 58.006950, 6.00, 0.10, 0.00, 15.00, 43.00695, 0.00 
 
50.00, 47.50, 2.50, 58.090199, 6.00, 0.10, 0.00, 15.00, 43.09020, 0.00 
 
50.00, 47.50, 2.50, 58.173447, 6.00, 0.10, 0.00, 15.00, 43.17345, 0.00 
 
50.00, 47.50, 2.50, 58.256695, 6.00, 0.10, 0.00, 15.00, 43.25669, 0.00 
 
50.00, 47.50, 2.50, 58.339947, 6.00, 0.10, 0.00, 15.00, 43.33995, 0.00 
 
50.00, 47.50, 2.50, 58.423195, 6.00, 0.10, 0.00, 15.00, 43.42319, 0.00 
 
50.00, 47.50, 2.50, 58.506443, 6.00, 0.10, 0.00, 15.00, 43.50644, 0.00 
 
50.00, 47.50, 2.50, 58.589691, 6.00, 0.10, 0.00, 15.00, 43.58969, 0.00 
 
50.00, 47.50, 2.50, 58.672939, 6.00, 0.10, 0.00, 15.00, 43.67294, 0.00 
 
50.00, 47.50, 2.50, 58.756191, 6.00, 0.10, 0.00, 15.00, 43.75619, 0.00 
 
50.00, 47.50, 2.50, 58.839439, 6.00, 0.10, 0.00, 15.00, 43.83944, 0.00 
 
50.00, 47.50, 2.50, 58.922688, 6.00, 0.10, 0.00, 15.00, 43.92269, 0.00 
 
50.00, 47.50, 2.50, 59.005936, 6.00, 0.10, 0.00, 15.00, 44.00594, 0.00 
 
50.00, 47.50, 2.50, 59.089184, 6.00, 0.10, 0.00, 15.00, 44.08918, 0.00 
 
50.00, 47.50, 2.50, 59.172436, 6.00, 0.10, 0.00, 15.00, 44.17244, 0.00 
 
50.00, 47.50, 2.50, 59.255684, 6.00, 0.10, 0.00, 15.00, 44.25568, 0.00 
 
50.00, 47.50, 2.50, 59.338932, 6.00, 0.10, 0.00, 15.00, 44.33893, 0.00 
 
50.00, 47.00, 3.00, 62.438831, 6.00, 0.10, 0.00, 18.00, 44.43883, 0.00 
 
50.00, 48.50, 1.50, 53.488781, 6.00, 0.10, 0.00, 9.00, 44.48878, -0.00 
 
50.00, 47.50, 2.50, 59.572033, 6.00, 0.10, 0.00, 15.00, 44.57203, 0.00 
 
50.00, 47.50, 2.50, 59.655281, 6.00, 0.10, 0.00, 15.00, 44.65528, 0.00 
 
50.00, 47.00, 3.00, 62.755180, 6.00, 0.10, 0.00, 18.00, 44.75518, 0.00 
 
50.00, 48.00, 2.00, 56.821777, 6.00, 0.10, 0.00, 12.00, 44.82178, -0.00 
 
50.00, 48.00, 2.00, 56.888378, 6.00, 0.10, 0.00, 12.00, 44.88838, 0.00 
 
50.00, 48.00, 2.00, 56.954975, 6.00, 0.10, 0.00, 12.00, 44.95498, 0.00 
 
50.00, 48.00, 2.00, 57.021572, 6.00, 0.10, 0.00, 12.00, 45.02157, 0.00 
 
50.00, 48.00, 2.00, 57.088173, 6.00, 0.10, 0.00, 12.00, 45.08817, 0.00 
 
50.00, 48.00, 2.00, 57.154770, 6.00, 0.10, 0.00, 12.00, 45.15477, 0.00 
 
50.00, 48.00, 2.00, 57.221371, 6.00, 0.10, 0.00, 12.00, 45.22137, 0.00 
 
50.00, 48.00, 2.00, 57.287968, 6.00, 0.10, 0.00, 12.00, 45.28797, 0.00 
 
50.00, 48.00, 2.00, 57.354565, 6.00, 0.10, 0.00, 12.00, 45.35456, 0.00 
 
50.00, 48.00, 2.00, 57.421165, 6.00, 0.10, 0.00, 12.00, 45.42117, 0.00 
 
50.00, 48.00, 2.00, 57.487762, 6.00, 0.10, 0.00, 12.00, 45.48776, 0.00 
 
50.00, 48.00, 2.00, 57.554363, 6.00, 0.10, 0.00, 12.00, 45.55436, 0.00 
 
50.00, 48.00, 2.00, 57.620960, 6.00, 0.10, 0.00, 12.00, 45.62096, 0.00 
 
50.00, 48.00, 2.00, 57.687557, 6.00, 0.10, 0.00, 12.00, 45.68756, 0.00 
 
50.00, 48.00, 2.00, 57.754158, 6.00, 0.10, 0.00, 12.00, 45.75416, 0.00 
 
50.00, 48.00, 2.00, 57.820755, 6.00, 0.10, 0.00, 12.00, 45.82076, 0.00 
 
50.00, 48.00, 2.00, 57.887356, 6.00, 0.10, 0.00, 12.00, 45.88736, 0.00 
 
50.00, 48.00, 2.00, 57.953953, 6.00, 0.10, 0.00, 12.00, 45.95395, 0.00 
 
50.00, 48.00, 2.00, 58.020550, 6.00, 0.10, 0.00, 12.00, 46.02055, 0.00 
 
50.00, 48.00, 2.00, 58.087151, 6.00, 0.10, 0.00, 12.00, 46.08715, 0.00 
 
50.00, 48.00, 2.00, 58.153748, 6.00, 0.10, 0.00, 12.00, 46.15375, 0.00 
 
50.00, 48.00, 2.00, 58.220348, 6.00, 0.10, 0.00, 12.00, 46.22035, 0.00 
 
50.00, 48.00, 2.00, 58.286945, 6.00, 0.10, 0.00, 12.00, 46.28695, 0.00 
 
50.00, 48.00, 2.00, 58.353542, 6.00, 0.10, 0.00, 12.00, 46.35354, 0.00 
 
50.00, 48.00, 2.00, 58.420143, 6.00, 0.10, 0.00, 12.00, 46.42014, 0.00 
 
50.00, 48.00, 2.00, 58.486740, 6.00, 0.10, 0.00, 12.00, 46.48674, 0.00 
 
50.00, 48.00, 2.00, 58.553341, 6.00, 0.10, 0.00, 12.00, 46.55334, 0.00 
 
50.00, 48.00, 2.00, 58.619938, 6.00, 0.10, 0.00, 12.00, 46.61994, 0.00 
 
50.00, 48.50, 1.50, 55.669888, 6.00, 0.10, 0.00, 9.00, 46.66989, -0.00 
 
50.00, 48.00, 2.00, 58.736488, 6.00, 0.10, 0.00, 12.00, 46.73649, 0.00 
 
50.00, 48.50, 1.50, 55.786438, 6.00, 0.10, 0.00, 9.00, 46.78644, -0.00 
 
50.00, 48.50, 1.50, 55.836391, 6.00, 0.10, 0.00, 9.00, 46.83639, 0.00 
 
50.00, 48.50, 1.50, 55.886341, 6.00, 0.10, 0.00, 9.00, 46.88634, 0.00 
 
50.00, 48.50, 1.50, 55.936291, 6.00, 0.10, 0.00, 9.00, 46.93629, 0.00 
 
50.00, 48.50, 1.50, 55.986244, 6.00, 0.10, 0.00, 9.00, 46.98624, 0.00 
 
50.00, 48.50, 1.50, 56.036194, 6.00, 0.10, 0.00, 9.00, 47.03619, 0.00 
 
50.00, 48.50, 1.50, 56.086147, 6.00, 0.10, 0.00, 9.00, 47.08615, 0.00 
 
50.00, 48.50, 1.50, 56.136097, 6.00, 0.10, 0.00, 9.00, 47.13610, 0.00 
 
50.00, 48.50, 1.50, 56.186047, 6.00, 0.10, 0.00, 9.00, 47.18605, 0.00 
 
50.00, 48.50, 1.50, 56.236000, 6.00, 0.10, 0.00, 9.00, 47.23600, 0.00 
 
50.00, 48.50, 1.50, 56.285950, 6.00, 0.10, 0.00, 9.00, 47.28595, 0.00 
 
50.00, 48.50, 1.50, 56.335903, 6.00, 0.10, 0.00, 9.00, 47.33590, 0.00 
 
50.00, 48.50, 1.50, 56.385853, 6.00, 0.10, 0.00, 9.00, 47.38585, 0.00 
 
50.00, 48.50, 1.50, 56.435802, 6.00, 0.10, 0.00, 9.00, 47.43580, 0.00 
 
50.00, 48.50, 1.50, 56.485756, 6.00, 0.10, 0.00, 9.00, 47.48576, 0.00 
 
50.00, 48.50, 1.50, 56.535706, 6.00, 0.10, 0.00, 9.00, 47.53571, 0.00 
 
50.00, 48.50, 1.50, 56.585659, 6.00, 0.10, 0.00, 9.00, 47.58566, 0.00 
 
50.00, 48.50, 1.50, 56.635609, 6.00, 0.10, 0.00, 9.00, 47.63561, 0.00 
 
50.00, 48.50, 1.50, 56.685558, 6.00, 0.10, 0.00, 9.00, 47.68556, 0.00 
 
50.00, 48.50, 1.50, 56.735512, 6.00, 0.10, 0.00, 9.00, 47.73551, 0.00 
 
50.00, 48.50, 1.50, 56.785461, 6.00, 0.10, 0.00, 9.00, 47.78546, 0.00 
 
50.00, 48.50, 1.50, 56.835415, 6.00, 0.10, 0.00, 9.00, 47.83541, 0.00 
 
50.00, 48.50, 1.50, 56.885365, 6.00, 0.10, 0.00, 9.00, 47.88536, 0.00 
 
50.00, 48.50, 1.50, 56.935314, 6.00, 0.10, 0.00, 9.00, 47.93531, 0.00 
 
50.00, 48.50, 1.50, 56.985268, 6.00, 0.10, 0.00, 9.00, 47.98527, 0.00 
 
50.00, 48.50, 1.50, 57.035217, 6.00, 0.10, 0.00, 9.00, 48.03522, 0.00 
 
50.00, 48.50, 1.50, 57.085171, 6.00, 0.10, 0.00, 9.00, 48.08517, 0.00 
 
50.00, 48.50, 1.50, 57.135120, 6.00, 0.10, 0.00, 9.00, 48.13512, 0.00 
 
50.00, 48.50, 1.50, 57.185070, 6.00, 0.10, 0.00, 9.00, 48.18507, 0.00 
 
50.00, 48.50, 1.50, 57.235023, 6.00, 0.10, 0.00, 9.00, 48.23502, 0.00 
 
50.00, 48.50, 1.50, 57.284973, 6.00, 0.10, 0.00, 9.00, 48.28497, 0.00 
 
50.00, 48.50, 1.50, 57.334927, 6.00, 0.10, 0.00, 9.00, 48.33493, 0.00 
 
50.00, 48.00, 2.00, 60.401524, 6.00, 0.10, 0.00, 12.00, 48.40152, 0.00 
 
50.00, 49.50, 0.50, 51.418175, 6.00, 0.10, 0.00, 3.00, 48.41817, -0.00 
 
50.00, 48.50, 1.50, 57.468124, 6.00, 0.10, 0.00, 9.00, 48.46812, 0.00 
 
50.00, 48.00, 2.00, 60.534725, 6.00, 0.10, 0.00, 12.00, 48.53473, 0.00 
 
50.00, 49.00, 1.00, 54.568024, 6.00, 0.10, 0.00, 6.00, 48.56802, -0.00 
 
50.00, 49.00, 1.00, 54.601326, 6.00, 0.10, 0.00, 6.00, 48.60133, 0.00 
 
50.00, 49.00, 1.00, 54.634624, 6.00, 0.10, 0.00, 6.00, 48.63462, 0.00 
 
50.00, 49.00, 1.00, 54.667927, 6.00, 0.10, 0.00, 6.00, 48.66793, 0.00 
 
50.00, 49.00, 1.00, 54.701229, 6.00, 0.10, 0.00, 6.00, 48.70123, 0.00 
 
50.00, 49.00, 1.00, 54.734528, 6.00, 0.10, 0.00, 6.00, 48.73453, 0.00 
 
50.00, 49.00, 1.00, 54.767830, 6.00, 0.10, 0.00, 6.00, 48.76783, 0.00 
 
50.00, 49.00, 1.00, 54.801128, 6.00, 0.10, 0.00, 6.00, 48.80113, 0.00 
 
50.00, 49.00, 1.00, 54.834431, 6.00, 0.10, 0.00, 6.00, 48.83443, 0.00 
 
50.00, 49.00, 1.00, 54.867733, 6.00, 0.10, 0.00, 6.00, 48.86773, 0.00 
 
50.00, 49.00, 1.00, 54.901031, 6.00, 0.10, 0.00, 6.00, 48.90103, 0.00 
 
50.00, 49.00, 1.00, 54.934334, 6.00, 0.10, 0.00, 6.00, 48.93433, 0.00 
 
50.00, 49.00, 1.00, 54.967632, 6.00, 0.10, 0.00, 6.00, 48.96763, 0.00 
 
50.00, 49.00, 1.00, 55.000935, 6.00, 0.10, 0.00, 6.00, 49.00093, 0.00 
 
50.00, 49.00, 1.00, 55.034237, 6.00, 0.10, 0.00, 6.00, 49.03424, 0.00 
 
50.00, 49.00, 1.00, 55.067535, 6.00, 0.10, 0.00, 6.00, 49.06754, 0.00 
 
50.00, 49.00, 1.00, 55.100838, 6.00, 0.10, 0.00, 6.00, 49.10084, 0.00 
 
50.00, 49.00, 1.00, 55.134136, 6.00, 0.10, 0.00, 6.00, 49.13414, 0.00 
 
50.00, 49.00, 1.00, 55.167439, 6.00, 0.10, 0.00, 6.00, 49.16744, 0.00 
 
50.00, 49.00, 1.00, 55.200741, 6.00, 0.10, 0.00, 6.00, 49.20074, 0.00 
 
50.00, 49.00, 1.00, 55.234039, 6.00, 0.10, 0.00, 6.00, 49.23404, 0.00 
 
50.00, 49.00, 1.00, 55.267342, 6.00, 0.10, 0.00, 6.00, 49.26734, 0.00 
 
50.00, 49.00, 1.00, 55.300640, 6.00, 0.10, 0.00, 6.00, 49.30064, 0.00 
 
50.00, 49.00, 1.00, 55.333942, 6.00, 0.10, 0.00, 6.00, 49.33394, 0.00 
 
50.00, 49.00, 1.00, 55.367245, 6.00, 0.10, 0.00, 6.00, 49.36724, 0.00 
 
50.00, 49.00, 1.00, 55.400543, 6.00, 0.10, 0.00, 6.00, 49.40054, 0.00 
 
50.00, 49.00, 1.00, 55.433846, 6.00, 0.10, 0.00, 6.00, 49.43385, 0.00 
 
50.00, 49.00, 1.00, 55.467144, 6.00, 0.10, 0.00, 6.00, 49.46714, 0.00 
 
50.00, 49.00, 1.00, 55.500446, 6.00, 0.10, 0.00, 6.00, 49.50045, 0.00 
 
50.00, 49.00, 1.00, 55.533749, 6.00, 0.10, 0.00, 6.00, 49.53375, 0.00 
 
50.00, 49.00, 1.00, 55.567047, 6.00, 0.10, 0.00, 6.00, 49.56705, 0.00 
 
50.00, 49.00, 1.00, 55.600349, 6.00, 0.10, 0.00, 6.00, 49.60035, 0.00 
 
50.00, 49.00, 1.00, 55.633648, 6.00, 0.10, 0.00, 6.00, 49.63365, 0.00 
 
50.00, 49.00, 1.00, 55.666950, 6.00, 0.10, 0.00, 6.00, 49.66695, 0.00 
 
50.00, 49.00, 1.00, 55.700253, 6.00, 0.10, 0.00, 6.00, 49.70025, 0.00 
 
50.00, 49.00, 1.00, 55.733551, 6.00, 0.10, 0.00, 6.00, 49.73355, 0.00 
 
50.00, 49.00, 1.00, 55.766853, 6.00, 0.10, 0.00, 6.00, 49.76685, 0.00 
 
50.00, 49.00, 1.00, 55.800152, 6.00, 0.10, 0.00, 6.00, 49.80015, 0.00 
 
50.00, 49.00, 1.00, 55.833454, 6.00, 0.10, 0.00, 6.00, 49.83345, 0.00 
 
50.00, 49.00, 1.00, 55.866756, 6.00, 0.10, 0.00, 6.00, 49.86676, 0.00 
 
50.00, 49.00, 1.00, 55.900055, 6.00, 0.10, 0.00, 6.00, 49.90005, 0.00 
 
50.00, 49.00, 1.00, 55.933357, 6.00, 0.10, 0.00, 6.00, 49.93336, 0.00 
 
50.00, 49.50, 0.50, 52.950008, 6.00, 0.10, 0.00, 3.00, 49.95001, -0.00 
 
50.00, 49.00, 1.00, 55.983307, 6.00, 0.10, 0.00, 6.00, 49.98331, 0.00 
 
50.00, 49.00, 1.00, 56.016609, 6.00, 0.10, 0.00, 6.00, 50.01661, 0.00 
 
50.00, 49.00, 1.00, 56.049908, 6.00, 0.10, 0.00, 6.00, 50.04991, 0.00 
 
50.00, 49.00, 1.00, 56.083210, 6.00, 0.10, 0.00, 6.00, 50.08321, 0.00 
 
50.00, 49.00, 1.00, 56.116512, 6.00, 0.10, 0.00, 6.00, 50.11651, 0.00 
 
50.00, 49.00, 1.00, 56.149811, 6.00, 0.10, 0.00, 6.00, 50.14981, 0.00 
 
50.00, 49.00, 1.00, 56.183113, 6.00, 0.10, 0.00, 6.00, 50.18311, 0.00 
 
50.00, 49.00, 1.00, 56.216412, 6.00, 0.10, 0.00, 6.00, 50.21641, 0.00 
 
50.00, 49.00, 1.00, 56.249714, 6.00, 0.10, 0.00, 6.00, 50.24971, 0.00 
 
50.00, 49.50, 0.50, 53.266365, 6.00, 0.10, 0.00, 3.00, 50.26637, -0.00 
 
50.00, 49.50, 0.50, 53.283016, 6.00, 0.10, 0.00, 3.00, 50.28302, 0.00 
 
50.00, 49.50, 0.50, 53.299664, 6.00, 0.10, 0.00, 3.00, 50.29966, 0.00 
 
50.00, 49.00, 1.00, 56.332966, 6.00, 0.10, 0.00, 6.00, 50.33297, 0.00 
 
50.00, 49.50, 0.50, 53.349617, 6.00, 0.10, 0.00, 3.00, 50.34962, -0.00 
 
50.00, 49.50, 0.50, 53.366268, 6.00, 0.10, 0.00, 3.00, 50.36627, 0.00 
 
50.00, 49.50, 0.50, 53.382915, 6.00, 0.10, 0.00, 3.00, 50.38292, 0.00 
 
50.00, 49.50, 0.50, 53.399567, 6.00, 0.10, 0.00, 3.00, 50.39957, 0.00 
 
50.00, 49.50, 0.50, 53.416218, 6.00, 0.10, 0.00, 3.00, 50.41622, 0.00 
 
50.00, 49.50, 0.50, 53.432869, 6.00, 0.10, 0.00, 3.00, 50.43287, 0.00 
 
50.00, 49.50, 0.50, 53.449520, 6.00, 0.10, 0.00, 3.00, 50.44952, 0.00 
 
50.00, 49.50, 0.50, 53.466167, 6.00, 0.10, 0.00, 3.00, 50.46617, 0.00 
 
50.00, 49.50, 0.50, 53.482819, 6.00, 0.10, 0.00, 3.00, 50.48282, 0.00 
 
50.00, 49.50, 0.50, 53.499470, 6.00, 0.10, 0.00, 3.00, 50.49947, 0.00 
 
50.00, 49.50, 0.50, 53.516121, 6.00, 0.10, 0.00, 3.00, 50.51612, 0.00 
 
50.00, 49.50, 0.50, 53.532772, 6.00, 0.10, 0.00, 3.00, 50.53277, 0.00 
 
50.00, 49.50, 0.50, 53.549419, 6.00, 0.10, 0.00, 3.00, 50.54942, 0.00 
 
50.00, 49.00, 1.00, 56.582722, 6.00, 0.10, 0.00, 6.00, 50.58272, 0.00 
 
50.00, 49.50, 0.50, 53.599373, 6.00, 0.10, 0.00, 3.00, 50.59937, -0.00 
 
50.00, 49.50, 0.50, 53.616024, 6.00, 0.10, 0.00, 3.00, 50.61602, 0.00 
 
50.00, 49.00, 1.00, 56.649323, 6.00, 0.10, 0.00, 6.00, 50.64932, 0.00 
 
50.00, 49.00, 1.00, 56.682625, 6.00, 0.10, 0.00, 6.00, 50.68262, 0.00 
 
50.00, 49.50, 0.50, 53.699276, 6.00, 0.10, 0.00, 3.00, 50.69928, -0.00 
 
50.00, 49.50, 0.50, 53.715923, 6.00, 0.10, 0.00, 3.00, 50.71592, 0.00 
 
50.00, 49.50, 0.50, 53.732574, 6.00, 0.10, 0.00, 3.00, 50.73257, 0.00 
 
50.00, 49.50, 0.50, 53.749226, 6.00, 0.10, 0.00, 3.00, 50.74923, 0.00 
 
50.00, 49.50, 0.50, 53.765877, 6.00, 0.10, 0.00, 3.00, 50.76588, 0.00 
 
50.00, 49.50, 0.50, 53.782528, 6.00, 0.10, 0.00, 3.00, 50.78253, 0.00 
 
50.00, 49.50, 0.50, 53.799175, 6.00, 0.10, 0.00, 3.00, 50.79918, 0.00 
 
50.00, 49.50, 0.50, 53.815826, 6.00, 0.10, 0.00, 3.00, 50.81583, 0.00 
 
50.00, 49.50, 0.50, 53.832478, 6.00, 0.10, 0.00, 3.00, 50.83248, 0.00 
 
50.00, 49.50, 0.50, 53.849129, 6.00, 0.10, 0.00, 3.00, 50.84913, 0.00 
 
50.00, 49.50, 0.50, 53.865780, 6.00, 0.10, 0.00, 3.00, 50.86578, 0.00 
 
50.00, 49.50, 0.50, 53.882427, 6.00, 0.10, 0.00, 3.00, 50.88243, 0.00 
 
50.00, 49.50, 0.50, 53.899078, 6.00, 0.10, 0.00, 3.00, 50.89908, 0.00 
 
50.00, 49.50, 0.50, 53.915730, 6.00, 0.10, 0.00, 3.00, 50.91573, 0.00 
 
50.00, 49.50, 0.50, 53.932381, 6.00, 0.10, 0.00, 3.00, 50.93238, 0.00 
 
50.00, 49.50, 0.50, 53.949032, 6.00, 0.10, 0.00, 3.00, 50.94903, 0.00 
 
50.00, 49.50, 0.50, 53.965679, 6.00, 0.10, 0.00, 3.00, 50.96568, 0.00 
 
50.00, 49.50, 0.50, 53.982330, 6.00, 0.10, 0.00, 3.00, 50.98233, 0.00 
 
50.00, 49.50, 0.50, 53.998981, 6.00, 0.10, 0.00, 3.00, 50.99898, 0.00 
 
50.00, 49.50, 0.50, 54.015633, 6.00, 0.10, 0.00, 3.00, 51.01563, 0.00 
 
50.00, 49.50, 0.50, 54.032284, 6.00, 0.10, 0.00, 3.00, 51.03228, 0.00 
 
50.00, 49.50, 0.50, 54.048931, 6.00, 0.10, 0.00, 3.00, 51.04893, 0.00 
 
50.00, 49.50, 0.50, 54.065582, 6.00, 0.10, 0.00, 3.00, 51.06558, 0.00 
 
50.00, 49.50, 0.50, 54.082233, 6.00, 0.10, 0.00, 3.00, 51.08223, 0.00 
 
50.00, 49.50, 0.50, 54.098885, 6.00, 0.10, 0.00, 3.00, 51.09888, 0.00 
 
50.00, 49.50, 0.50, 54.115536, 6.00, 0.10, 0.00, 3.00, 51.11554, 0.00 
 
50.00, 49.50, 0.50, 54.132183, 6.00, 0.10, 0.00, 3.00, 51.13218, 0.00 
 
50.00, 49.50, 0.50, 54.148834, 6.00, 0.10, 0.00, 3.00, 51.14883, 0.00 
 
50.00, 49.50, 0.50, 54.165485, 6.00, 0.10, 0.00, 3.00, 51.16549, 0.00 
 
50.00, 49.50, 0.50, 54.182137, 6.00, 0.10, 0.00, 3.00, 51.18214, 0.00 
 
50.00, 49.50, 0.50, 54.198788, 6.00, 0.10, 0.00, 3.00, 51.19879, 0.00 
 
50.00, 49.50, 0.50, 54.215435, 6.00, 0.10, 0.00, 3.00, 51.21544, 0.00 
 
50.00, 49.50, 0.50, 54.232086, 6.00, 0.10, 0.00, 3.00, 51.23209, 0.00 
 
50.00, 49.50, 0.50, 54.248737, 6.00, 0.10, 0.00, 3.00, 51.24874, 0.00 
 
50.00, 49.50, 0.50, 54.265388, 6.00, 0.10, 0.00, 3.00, 51.26539, 0.00 
 
50.00, 49.50, 0.50, 54.282040, 6.00, 0.10, 0.00, 3.00, 51.28204, 0.00 
 
50.00, 49.50, 0.50, 54.298687, 6.00, 0.10, 0.00, 3.00, 51.29869, 0.00 
 
50.00, 49.50, 0.50, 54.315338, 6.00, 0.10, 0.00, 3.00, 51.31534, 0.00 
 
50.00, 49.50, 0.50, 54.331989, 6.00, 0.10, 0.00, 3.00, 51.33199, 0.00 
 
50.00, 49.50, 0.50, 54.348640, 6.00, 0.10, 0.00, 3.00, 51.34864, 0.00 
 
50.00, 49.50, 0.50, 54.365292, 6.00, 0.10, 0.00, 3.00, 51.36529, 0.00 
 
50.00, 49.50, 0.50, 54.381939, 6.00, 0.10, 0.00, 3.00, 51.38194, 0.00 
 
50.00, 49.50, 0.50, 54.398590, 6.00, 0.10, 0.00, 3.00, 51.39859, 0.00 
 
50.00, 49.50, 0.50, 54.415241, 6.00, 0.10, 0.00, 3.00, 51.41524, 0.00 
 
50.00, 49.50, 0.50, 54.431892, 6.00, 0.10, 0.00, 3.00, 51.43189, 0.00 
 
50.00, 49.50, 0.50, 54.448544, 6.00, 0.10, 0.00, 3.00, 51.44854, 0.00 
 
50.00, 49.50, 0.50, 54.465191, 6.00, 0.10, 0.00, 3.00, 51.46519, 0.00 
 
50.00, 49.50, 0.50, 54.481842, 6.00, 0.10, 0.00, 3.00, 51.48184, 0.00 
 
50.00, 49.50, 0.50, 54.498493, 6.00, 0.10, 0.00, 3.00, 51.49849, 0.00 
 
50.00, 49.50, 0.50, 54.515144, 6.00, 0.10, 0.00, 3.00, 51.51514, 0.00 
 
50.00, 49.50, 0.50, 54.531796, 6.00, 0.10, 0.00, 3.00, 51.53180, 0.00 
 
50.00, 49.00, 1.00, 57.565094, 6.00, 0.10, 0.00, 6.00, 51.56509, 0.00 
 
50.00, 50.50, -0.50, 48.548443, 6.00, 0.10, 0.00, -3.00, 51.54844, -0.00 
 
50.00, 49.50, 0.50, 54.565094, 6.00, 0.10, 0.00, 3.00, 51.56509, 0.00 
 
50.00, 49.50, 0.50, 54.581745, 6.00, 0.10, 0.00, 3.00, 51.58175, 0.00 
 
50.00, 49.50, 0.50, 54.598396, 6.00, 0.10, 0.00, 3.00, 51.59840, 0.00 
 
50.00, 49.00, 1.00, 57.631695, 6.00, 0.10, 0.00, 6.00, 51.63169, 0.00 
 
50.00, 50.50, -0.50, 48.615047, 6.00, 0.10, 0.00, -3.00, 51.61505, -0.00 
 
50.00, 49.00, 1.00, 57.648346, 6.00, 0.10, 0.00, 6.00, 51.64835, 0.00 
 
50.00, 50.50, -0.50, 48.631695, 6.00, 0.10, 0.00, -3.00, 51.63169, -0.00 
 
50.00, 49.50, 0.50, 54.648346, 6.00, 0.10, 0.00, 3.00, 51.64835, 0.00 
 
50.00, 49.50, 0.50, 54.664997, 6.00, 0.10, 0.00, 3.00, 51.66500, 0.00 
 
50.00, 49.50, 0.50, 54.681648, 6.00, 0.10, 0.00, 3.00, 51.68165, 0.00 
 
50.00, 49.50, 0.50, 54.698299, 6.00, 0.10, 0.00, 3.00, 51.69830, 0.00 
 
50.00, 49.50, 0.50, 54.714947, 6.00, 0.10, 0.00, 3.00, 51.71495, 0.00 
 
50.00, 49.50, 0.50, 54.731598, 6.00, 0.10, 0.00, 3.00, 51.73160, 0.00 
 
50.00, 49.00, 1.00, 57.764900, 6.00, 0.10, 0.00, 6.00, 51.76490, 0.00 
 
50.00, 50.50, -0.50, 48.748249, 6.00, 0.10, 0.00, -3.00, 51.74825, -0.00 
 
50.00, 49.00, 1.00, 57.781551, 6.00, 0.10, 0.00, 6.00, 51.78155, 0.00 
 
50.00, 50.50, -0.50, 48.764900, 6.00, 0.10, 0.00, -3.00, 51.76490, -0.00 
 
50.00, 49.00, 1.00, 57.798199, 6.00, 0.10, 0.00, 6.00, 51.79820, 0.00 
 
50.00, 50.50, -0.50, 48.781551, 6.00, 0.10, 0.00, -3.00, 51.78155, -0.00 
 
50.00, 49.00, 1.00, 57.814850, 6.00, 0.10, 0.00, 6.00, 51.81485, 0.00 
 
50.00, 50.50, -0.50, 48.798199, 6.00, 0.10, 0.00, -3.00, 51.79820, -0.00 
 
50.00, 49.00, 1.00, 57.831501, 6.00, 0.10, 0.00, 6.00, 51.83150, 0.00 
 
50.00, 50.50, -0.50, 48.814850, 6.00, 0.10, 0.00, -3.00, 51.81485, -0.00 
 
50.00, 49.50, 0.50, 54.831501, 6.00, 0.10, 0.00, 3.00, 51.83150, 0.00 
 
50.00, 49.50, 0.50, 54.848152, 6.00, 0.10, 0.00, 3.00, 51.84815, 0.00 
 
50.00, 49.00, 1.00, 57.881451, 6.00, 0.10, 0.00, 6.00, 51.88145, 0.00 
 
50.00, 50.50, -0.50, 48.864803, 6.00, 0.10, 0.00, -3.00, 51.86480, -0.00 
 
50.00, 49.00, 1.00, 57.898102, 6.00, 0.10, 0.00, 6.00, 51.89810, 0.00 
 
50.00, 50.00, 0.00, 51.898102, 6.00, 0.10, 0.00, 0.00, 51.89810, -0.00 
 
50.00, 50.00, 0.00, 51.898102, 6.00, 0.10, 0.00, 0.00, 51.89810, 0.00 
 
50.00, 50.00, 0.00, 51.898102, 6.00, 0.10, 0.00, 0.00, 51.89810, 0.00 
 
50.00, 50.00, 0.00, 51.898102, 6.00, 0.10, 0.00, 0.00, 51.89810, 0.00 
 
50.00, 50.00, 0.00, 51.898102, 6.00, 0.10, 0.00, 0.00, 51.89810, 0.00 
 
50.00, 50.50, -0.50, 48.881451, 6.00, 0.10, 0.00, -3.00, 51.88145, -0.00 
 
50.00, 49.00, 1.00, 57.914753, 6.00, 0.10, 0.00, 6.00, 51.91475, 0.00 
 
50.00, 50.00, 0.00, 51.914753, 6.00, 0.10, 0.00, 0.00, 51.91475, -0.00 
 
50.00, 50.00, 0.00, 51.914753, 6.00, 0.10, 0.00, 0.00, 51.91475, 0.00 
 
50.00, 50.50, -0.50, 48.898102, 6.00, 0.10, 0.00, -3.00, 51.89810, -0.00 
 
50.00, 49.50, 0.50, 54.914753, 6.00, 0.10, 0.00, 3.00, 51.91475, 0.00 
 
50.00, 49.00, 1.00, 57.948055, 6.00, 0.10, 0.00, 6.00, 51.94806, 0.00 
 
50.00, 50.00, 0.00, 51.948055, 6.00, 0.10, 0.00, 0.00, 51.94806, -0.00 
 
50.00, 50.00, 0.00, 51.948055, 6.00, 0.10, 0.00, 0.00, 51.94806, 0.00 
 
50.00, 50.00, 0.00, 51.948055, 6.00, 0.10, 0.00, 0.00, 51.94806, 0.00 
 
50.00, 50.00, 0.00, 51.948055, 6.00, 0.10, 0.00, 0.00, 51.94806, 0.00 
 
50.00, 50.50, -0.50, 48.931404, 6.00, 0.10, 0.00, -3.00, 51.93140, -0.00 
 
50.00, 49.00, 1.00, 57.964703, 6.00, 0.10, 0.00, 6.00, 51.96470, 0.00 
 
50.00, 50.50, -0.50, 48.948055, 6.00, 0.10, 0.00, -3.00, 51.94806, -0.00 
 
50.00, 49.00, 1.00, 57.981354, 6.00, 0.10, 0.00, 6.00, 51.98135, 0.00 
 
50.00, 50.00, 0.00, 51.981354, 6.00, 0.10, 0.00, 0.00, 51.98135, -0.00 
 
50.00, 50.00, 0.00, 51.981354, 6.00, 0.10, 0.00, 0.00, 51.98135, 0.00 
 
50.00, 50.50, -0.50, 48.964703, 6.00, 0.10, 0.00, -3.00, 51.96470, -0.00 
 
50.00, 49.50, 0.50, 54.981354, 6.00, 0.10, 0.00, 3.00, 51.98135, 0.00 
 
50.00, 49.00, 1.00, 58.014656, 6.00, 0.10, 0.00, 6.00, 52.01466, 0.00 
 
50.00, 50.00, 0.00, 52.014656, 6.00, 0.10, 0.00, 0.00, 52.01466, -0.00 
 
50.00, 50.00, 0.00, 52.014656, 6.00, 0.10, 0.00, 0.00, 52.01466, 0.00 
 
50.00, 50.00, 0.00, 52.014656, 6.00, 0.10, 0.00, 0.00, 52.01466, 0.00 
 
50.00, 50.00, 0.00, 52.014656, 6.00, 0.10, 0.00, 0.00, 52.01466, 0.00 
 
50.00, 50.00, 0.00, 52.014656, 6.00, 0.10, 0.00, 0.00, 52.01466, 0.00 
 
50.00, 50.00, 0.00, 52.014656, 6.00, 0.10, 0.00, 0.00, 52.01466, 0.00 
 
50.00, 50.00, 0.00, 52.014656, 6.00, 0.10, 0.00, 0.00, 52.01466, 0.00 
 
50.00, 50.50, -0.50, 48.998005, 6.00, 0.10, 0.00, -3.00, 51.99800, -0.00 
 
50.00, 49.00, 1.00, 58.031307, 6.00, 0.10, 0.00, 6.00, 52.03131, 0.00 
 
50.00, 50.00, 0.00, 52.031307, 6.00, 0.10, 0.00, 0.00, 52.03131, -0.00 
 
50.00, 50.00, 0.00, 52.031307, 6.00, 0.10, 0.00, 0.00, 52.03131, 0.00 
 
50.00, 50.00, 0.00, 52.031307, 6.00, 0.10, 0.00, 0.00, 52.03131, 0.00 
 
50.00, 50.00, 0.00, 52.031307, 6.00, 0.10, 0.00, 0.00, 52.03131, 0.00 
 
50.00, 50.00, 0.00, 52.031307, 6.00, 0.10, 0.00, 0.00, 52.03131, 0.00 
 
50.00, 50.00, 0.00, 52.031307, 6.00, 0.10, 0.00, 0.00, 52.03131, 0.00 
 
50.00, 50.00, 0.00, 52.031307, 6.00, 0.10, 0.00, 0.00, 52.03131, 0.00 
 
50.00, 50.00, 0.00, 52.031307, 6.00, 0.10, 0.00, 0.00, 52.03131, 0.00 
 
50.00, 50.00, 0.00, 52.031307, 6.00, 0.10, 0.00, 0.00, 52.03131, 0.00 
 
50.00, 50.00, 0.00, 52.031307, 6.00, 0.10, 0.00, 0.00, 52.03131, 0.00 
 
50.00, 50.00, 0.00, 52.031307, 6.00, 0.10, 0.00, 0.00, 52.03131, 0.00 
 
50.00, 50.00, 0.00, 52.031307, 6.00, 0.10, 0.00, 0.00, 52.03131, 0.00 
 
50.00, 50.00, 0.00, 52.031307, 6.00, 0.10, 0.00, 0.00, 52.03131, 0.00 
 
50.00, 50.00, 0.00, 52.031307, 6.00, 0.10, 0.00, 0.00, 52.03131, 0.00 
 
50.00, 50.00, 0.00, 52.031307, 6.00, 0.10, 0.00, 0.00, 52.03131, 0.00 
 
50.00, 50.00, 0.00, 52.031307, 6.00, 0.10, 0.00, 0.00, 52.03131, 0.00 
 
50.00, 50.00, 0.00, 52.031307, 6.00, 0.10, 0.00, 0.00, 52.03131, 0.00 
 
50.00, 50.00, 0.00, 52.031307, 6.00, 0.10, 0.00, 0.00, 52.03131, 0.00 
 
50.00, 50.00, 0.00, 52.031307, 6.00, 0.10, 0.00, 0.00, 52.03131, 0.00 
 
50.00, 50.00, 0.00, 52.031307, 6.00, 0.10, 0.00, 0.00, 52.03131, 0.00 
 
50.00, 50.00, 0.00, 52.031307, 6.00, 0.10, 0.00, 0.00, 52.03131, 0.00 
 
50.00, 50.00, 0.00, 52.031307, 6.00, 0.10, 0.00, 0.00, 52.03131, 0.00 
 
50.00, 50.00, 0.00, 52.031307, 6.00, 0.10, 0.00, 0.00, 52.03131, 0.00 
 
50.00, 50.00, 0.00, 52.031307, 6.00, 0.10, 0.00, 0.00, 52.03131, 0.00 
 
50.00, 50.00, 0.00, 52.031307, 6.00, 0.10, 0.00, 0.00, 52.03131, 0.00 
 
50.00, 50.00, 0.00, 52.031307, 6.00, 0.10, 0.00, 0.00, 52.03131, 0.00 
 
50.00, 50.00, 0.00, 52.031307, 6.00, 0.10, 0.00, 0.00, 52.03131, 0.00 
 
50.00, 50.00, 0.00, 52.031307, 6.00, 0.10, 0.00, 0.00, 52.03131, 0.00 
 
50.00, 50.00, 0.00, 52.031307, 6.00, 0.10, 0.00, 0.00, 52.03131, 0.00 
 
50.00, 50.00, 0.00, 52.031307, 6.00, 0.10, 0.00, 0.00, 52.03131, 0.00 
 
50.00, 50.00, 0.00, 52.031307, 6.00, 0.10, 0.00, 0.00, 52.03131, 0.00 
 
50.00, 50.00, 0.00, 52.031307, 6.00, 0.10, 0.00, 0.00, 52.03131, 0.00 
 
50.00, 50.00, 0.00, 52.031307, 6.00, 0.10, 0.00, 0.00, 52.03131, 0.00 
 
50.00, 50.00, 0.00, 52.031307, 6.00, 0.10, 0.00, 0.00, 52.03131, 0.00 
 
50.00, 50.00, 0.00, 52.031307, 6.00, 0.10, 0.00, 0.00, 52.03131, 0.00 
 
50.00, 50.00, 0.00, 52.031307, 6.00, 0.10, 0.00, 0.00, 52.03131, 0.00 
 
50.00, 50.00, 0.00, 52.031307, 6.00, 0.10, 0.00, 0.00, 52.03131, 0.00 
 
50.00, 50.00, 0.00, 52.031307, 6.00, 0.10, 0.00, 0.00, 52.03131, 0.00 
 
50.00, 50.00, 0.00, 52.031307, 6.00, 0.10, 0.00, 0.00, 52.03131, 0.00 
 
50.00, 50.00, 0.00, 52.031307, 6.00, 0.10, 0.00, 0.00, 52.03131, 0.00 
 
50.00, 50.00, 0.00, 52.031307, 6.00, 0.10, 0.00, 0.00, 52.03131, 0.00 
 
50.00, 50.00, 0.00, 52.031307, 6.00, 0.10, 0.00, 0.00, 52.03131, 0.00 
 
50.00, 50.00, 0.00, 52.031307, 6.00, 0.10, 0.00, 0.00, 52.03131, 0.00 
 
50.00, 50.00, 0.00, 52.031307, 6.00, 0.10, 0.00, 0.00, 52.03131, 0.00 
 
50.00, 50.00, 0.00, 52.031307, 6.00, 0.10, 0.00, 0.00, 52.03131, 0.00 
 
50.00, 50.00, 0.00, 52.031307, 6.00, 0.10, 0.00, 0.00, 52.03131, 0.00 
 
50.00, 50.00, 0.00, 52.031307, 6.00, 0.10, 0.00, 0.00, 52.03131, 0.00 
 
50.00, 50.00, 0.00, 52.031307, 6.00, 0.10, 0.00, 0.00, 52.03131, 0.00 
 
50.00, 50.00, 0.00, 52.031307, 6.00, 0.10, 0.00, 0.00, 52.03131, 0.00 
 
50.00, 50.00, 0.00, 52.031307, 6.00, 0.10, 0.00, 0.00, 52.03131, 0.00 
 
50.00, 50.00, 0.00, 52.031307, 6.00, 0.10, 0.00, 0.00, 52.03131, 0.00 
 
50.00, 50.00, 0.00, 52.031307, 6.00, 0.10, 0.00, 0.00, 52.03131, 0.00 
 
50.00, 50.00, 0.00, 52.031307, 6.00, 0.10, 0.00, 0.00, 52.03131, 0.00 
 
50.00, 50.00, 0.00, 52.031307, 6.00, 0.10, 0.00, 0.00, 52.03131, 0.00 
 
50.00, 50.00, 0.00, 52.031307, 6.00, 0.10, 0.00, 0.00, 52.03131, 0.00 
 
50.00, 50.00, 0.00, 52.031307, 6.00, 0.10, 0.00, 0.00, 52.03131, 0.00 
 
50.00, 50.00, 0.00, 52.031307, 6.00, 0.10, 0.00, 0.00, 52.03131, 0.00 
 
50.00, 50.00, 0.00, 52.031307, 6.00, 0.10, 0.00, 0.00, 52.03131, 0.00 
 
50.00, 50.00, 0.00, 52.031307, 6.00, 0.10, 0.00, 0.00, 52.03131, 0.00 
 
50.00, 50.00, 0.00, 52.031307, 6.00, 0.10, 0.00, 0.00, 52.03131, 0.00 
 
50.00, 50.00, 0.00, 52.031307, 6.00, 0.10, 0.00, 0.00, 52.03131, 0.00 
 
50.00, 50.00, 0.00, 52.031307, 6.00, 0.10, 0.00, 0.00, 52.03131, 0.00 
 
50.00, 50.00, 0.00, 52.031307, 6.00, 0.10, 0.00, 0.00, 52.03131, 0.00 
 
50.00, 50.00, 0.00, 52.031307, 6.00, 0.10, 0.00, 0.00, 52.03131, 0.00 
 
50.00, 50.00, 0.00, 52.031307, 6.00, 0.10, 0.00, 0.00, 52.03131, 0.00 
 
50.00, 50.00, 0.00, 52.031307, 6.00, 0.10, 0.00, 0.00, 52.03131, 0.00 
 
50.00, 50.00, 0.00, 52.031307, 6.00, 0.10, 0.00, 0.00, 52.03131, 0.00 
 
50.00, 50.00, 0.00, 52.031307, 6.00, 0.10, 0.00, 0.00, 52.03131, 0.00 
 
50.00, 50.00, 0.00, 52.031307, 6.00, 0.10, 0.00, 0.00, 52.03131, 0.00 
 
50.00, 50.00, 0.00, 52.031307, 6.00, 0.10, 0.00, 0.00, 52.03131, 0.00 
 
50.00, 50.00, 0.00, 52.031307, 6.00, 0.10, 0.00, 0.00, 52.03131, 0.00 
 
50.00, 50.00, 0.00, 52.031307, 6.00, 0.10, 0.00, 0.00, 52.03131, 0.00 
 
